+1.1000000E+02	-3.9262161E-01	+8.5352063E-01
+1.1006000E+02	-2.6404482E-01	+9.0196866E-01
+1.1012000E+02	-1.2985286E-01	+9.3113083E-01
+1.1018000E+02	+7.0764734E-03	+9.4042218E-01
+1.1024000E+02	+1.4381742E-01	+9.2968464E-01
+1.1030000E+02	+2.7745855E-01	+8.9918810E-01
+1.1036000E+02	+4.0516561E-01	+8.4962302E-01
+1.1042000E+02	+5.2424127E-01	+7.8208274E-01
+1.1048000E+02	+6.3218206E-01	+6.9803888E-01
+1.1054000E+02	+7.2673106E-01	+5.9930724E-01
+1.1060000E+02	+8.0592453E-01	+4.8800716E-01
+1.1066000E+02	+8.6813176E-01	+3.6651519E-01
+1.1072000E+02	+9.1208768E-01	+2.3741239E-01
+1.1078000E+02	+9.3691784E-01	+1.0342871E-01
+1.1084000E+02	+9.4215399E-01	-3.2615922E-02
+1.1090000E+02	+9.2774153E-01	-1.6787176E-01
+1.1096000E+02	+8.9403754E-01	-2.9951951E-01
+1.1102000E+02	+8.4180051E-01	-4.2482939E-01
+1.1108000E+02	+7.7217162E-01	-5.4121786E-01
+1.1114000E+02	+6.8664759E-01	-6.4630044E-01
+1.1120000E+02	+5.8704728E-01	-7.3794019E-01
+1.1126000E+02	+4.7547084E-01	-8.1429017E-01
+1.1132000E+02	+3.5425386E-01	-8.7382919E-01
+1.1138000E+02	+2.2591752E-01	-9.1539121E-01
+1.1144000E+02	+9.3115143E-02	-9.3818569E-01
+1.1150000E+02	-4.1425504E-02	-9.4181150E-01
+1.1156000E+02	-1.7495443E-01	-9.2626148E-01
+1.1162000E+02	-3.0476195E-01	-8.9191848E-01
+1.1168000E+02	-4.2822689E-01	-8.3954573E-01
+1.1174000E+02	-5.4287440E-01	-7.7026641E-01
+1.1180000E+02	-6.4642173E-01	-6.8553895E-01
+1.1186000E+02	-7.3682332E-01	-5.8712387E-01
+1.1192000E+02	-8.1231028E-01	-4.7704604E-01
+1.1198000E+02	-8.7142324E-01	-3.5755202E-01
+1.1204000E+02	-9.1303796E-01	-2.3106299E-01
+1.1210000E+02	-9.3638557E-01	-1.0012527E-01
+1.1216000E+02	-9.4106483E-01	+3.2641843E-02
+1.1222000E+02	-9.2704642E-01	+1.6459744E-01
+1.1228000E+02	-8.9467072E-01	+2.9313207E-01
+1.1234000E+02	-8.4463775E-01	+4.1571808E-01
+1.1240000E+02	-7.7799100E-01	+5.2995884E-01
+1.1246000E+02	-6.9609410E-01	+6.3363451E-01
+1.1252000E+02	-6.0060143E-01	+7.2474396E-01
+1.1258000E+02	-4.9342448E-01	+8.0154133E-01
+1.1264000E+02	-3.7669286E-01	+8.6256838E-01
+1.1270000E+02	-2.5270993E-01	+9.0668106E-01
+1.1276000E+02	-1.2391013E-01	+9.3306851E-01
+1.1282000E+02	+7.1910024E-03	+9.4126666E-01
+1.1288000E+02	+1.3804513E-01	+9.3116546E-01
+1.1294000E+02	+2.6611972E-01	+9.0300781E-01
+1.1300000E+02	+3.8894725E-01	+8.5738331E-01
+1.1306000E+02	+5.0417012E-01	+7.9521501E-01
+1.1312000E+02	+6.0958773E-01	+7.1773946E-01
+1.1318000E+02	+7.0319521E-01	+6.2648183E-01
+1.1324000E+02	+7.8322148E-01	+5.2322519E-01
+1.1330000E+02	+8.4816194E-01	+4.0997529E-01
+1.1336000E+02	+8.9680505E-01	+2.8892142E-01
+1.1342000E+02	+9.2825449E-01	+1.6239388E-01
+1.1348000E+02	+9.4194436E-01	+3.2819267E-02
+1.1354000E+02	+9.3764848E-01	-9.7326010E-02
+1.1360000E+02	+9.1548336E-01	-2.2556289E-01
+1.1366000E+02	+8.7590426E-01	-3.4945649E-01
+1.1372000E+02	+8.1969547E-01	-4.6666223E-01
+1.1378000E+02	+7.4795353E-01	-5.7496923E-01
+1.1384000E+02	+6.6206586E-01	-6.7234230E-01
+1.1390000E+02	+5.6368309E-01	-7.5695932E-01
+1.1396000E+02	+4.5468646E-01	-8.2724476E-01
+1.1402000E+02	+3.3715218E-01	-8.8189816E-01
+1.1408000E+02	+2.1331136E-01	-9.1991818E-01
+1.1414000E+02	+8.5505396E-02	-9.4062006E-01
+1.1420000E+02	-4.3855336E-02	-9.4364667E-01
+1.1426000E+02	-1.7234036E-01	-9.2897427E-01
+1.1432000E+02	-2.9754186E-01	-8.9691198E-01
+1.1438000E+02	-4.1712323E-01	-8.4809339E-01
+1.1444000E+02	-5.2885985E-01	-7.8346425E-01
+1.1450000E+02	-6.3068175E-01	-7.0426285E-01
+1.1456000E+02	-7.2071153E-01	-6.1199534E-01
+1.1462000E+02	-7.9729831E-01	-5.0840598E-01
+1.1468000E+02	-8.5904765E-01	-3.9544401E-01
+1.1474000E+02	-9.0484619E-01	-2.7522603E-01
+1.1480000E+02	-9.3388116E-01	-1.4999472E-01
+1.1486000E+02	-9.4565362E-01	-2.2077501E-02
+1.1492000E+02	-9.3998641E-01	+1.0615743E-01
+1.1498000E+02	-9.1702521E-01	+2.3234589E-01
+1.1504000E+02	-8.7723392E-01	+3.5417134E-01
+1.1510000E+02	-8.2138479E-01	+4.6940625E-01
+1.1516000E+02	-7.5054121E-01	+5.7595485E-01
+1.1522000E+02	-6.6603845E-01	+6.7188853E-01
+1.1528000E+02	-5.6945390E-01	+7.5548244E-01
+1.1534000E+02	-4.6258113E-01	+8.2524365E-01
+1.1540000E+02	-3.4739158E-01	+8.7993890E-01
+1.1546000E+02	-2.2599943E-01	+9.1861433E-01
+1.1552000E+02	-1.0062221E-01	+9.4061100E-01
+1.1558000E+02	+2.6460974E-02	+9.4557536E-01
+1.1564000E+02	+1.5294863E-01	+9.3346334E-01
+1.1570000E+02	+2.7656397E-01	+9.0453869E-01
+1.1576000E+02	+3.9508924E-01	+8.5936689E-01
+1.1582000E+02	+5.0640935E-01	+7.9880273E-01
+1.1588000E+02	+6.0854828E-01	+7.2397262E-01
+1.1594000E+02	+6.9970310E-01	+6.3625288E-01
+1.1600000E+02	+7.7827412E-01	+5.3724438E-01
+1.1606000E+02	+8.4289378E-01	+4.2874107E-01
+1.1612000E+02	+8.9244813E-01	+3.1269810E-01
+1.1618000E+02	+9.2609537E-01	+1.9119571E-01
+1.1624000E+02	+9.4327855E-01	+6.6401906E-02
+1.1630000E+02	+9.4373423E-01	-5.9466422E-02
+1.1636000E+02	+9.2749512E-01	-1.8418260E-01
+1.1642000E+02	+8.9488721E-01	-3.0554935E-01
+1.1648000E+02	+8.4652328E-01	-4.2143705E-01
+1.1654000E+02	+7.8328985E-01	-5.2982074E-01
+1.1660000E+02	+7.0633012E-01	-6.2881422E-01
+1.1666000E+02	+6.1702359E-01	-7.1670294E-01
+1.1672000E+02	+5.1695997E-01	-7.9197246E-01
+1.1678000E+02	+4.0791050E-01	-8.5333371E-01
+1.1684000E+02	+2.9179719E-01	-8.9974427E-01
+1.1690000E+02	+1.7065762E-01	-9.3042529E-01
+1.1696000E+02	+4.6610430E-02	-9.4487345E-01
+1.1702000E+02	-7.8182124E-02	-9.4286883E-01
+1.1708000E+02	-2.0155269E-01	-9.2447710E-01
+1.1714000E+02	-3.2136428E-01	-8.9004737E-01
+1.1720000E+02	-4.3554890E-01	-8.4020489E-01
+1.1726000E+02	-5.4214102E-01	-7.7583897E-01
+1.1732000E+02	-6.3931221E-01	-6.9808728E-01
+1.1738000E+02	-7.2540236E-01	-6.0831416E-01
+1.1744000E+02	-7.9894572E-01	-5.0808799E-01
+1.1750000E+02	-8.5869783E-01	-3.9915124E-01
+1.1756000E+02	-9.0365362E-01	-2.8339300E-01
+1.1762000E+02	-9.3306565E-01	-1.6281208E-01
+1.1768000E+02	-9.4645482E-01	-3.9486025E-02
+1.1774000E+02	-9.4361812E-01	+8.4466681E-02
+1.1780000E+02	-9.2463118E-01	+2.0692323E-01
+1.1786000E+02	-8.8984525E-01	+3.2579193E-01
+1.1792000E+02	-8.3988100E-01	+4.3904817E-01
+1.1798000E+02	-7.7561647E-01	+5.4476911E-01
+1.1804000E+02	-6.9817138E-01	+6.4116579E-01
+1.1810000E+02	-6.0888606E-01	+7.2661370E-01
+1.1816000E+02	-5.0929952E-01	+7.9967910E-01
+1.1822000E+02	-4.0112063E-01	+8.5914314E-01
+1.1828000E+02	-2.8619945E-01	+9.0402156E-01
+1.1834000E+02	-1.6649424E-01	+9.3358105E-01
+1.1840000E+02	-4.4038743E-02	+9.4734943E-01
+1.1846000E+02	+7.9092316E-02	+9.4512385E-01
+1.1852000E+02	+2.0082210E-01	+9.2697191E-01
+1.1858000E+02	+3.1910115E-01	+8.9323044E-01
+1.1864000E+02	+4.3194708E-01	+8.4449720E-01
+1.1870000E+02	+5.3747445E-01	+7.8162080E-01
+1.1876000E+02	+6.3392776E-01	+7.0568430E-01
+1.1882000E+02	+7.1970952E-01	+6.1798638E-01
+1.1888000E+02	+7.9340696E-01	+5.2001798E-01
+1.1894000E+02	+8.5381430E-01	+4.1343677E-01
+1.1900000E+02	+8.9995170E-01	+3.0003822E-01
+1.1906000E+02	+9.3108112E-01	+1.8172497E-01
+1.1912000E+02	+9.4671667E-01	+6.0474616E-02
+1.1918000E+02	+9.4663197E-01	-6.1693706E-02
+1.1924000E+02	+9.3086213E-01	-1.8275303E-01
+1.1930000E+02	+8.9970154E-01	-3.0070221E-01
+1.1936000E+02	+8.5369819E-01	-4.1359887E-01
+1.1942000E+02	+7.9364294E-01	-5.1959103E-01
+1.1948000E+02	+7.2055513E-01	-6.1694747E-01
+1.1954000E+02	+6.3566476E-01	-7.0408505E-01
+1.1960000E+02	+5.4039079E-01	-7.7959442E-01
+1.1966000E+02	+4.3631780E-01	-8.4226143E-01
+1.1972000E+02	+3.2516816E-01	-8.9108700E-01
+1.1978000E+02	+2.0877378E-01	-9.2530107E-01
+1.1984000E+02	+8.9045912E-02	-9.4437492E-01
+1.1990000E+02	-3.2056890E-02	-9.4802809E-01
+1.1996000E+02	-1.5255992E-01	-9.3623173E-01
+1.2002000E+02	-2.7050528E-01	-9.0920788E-01
+1.2008000E+02	-3.8398299E-01	-8.6742473E-01
+1.2014000E+02	-4.9116111E-01	-8.1158787E-01
+1.2020000E+02	-5.9031594E-01	-7.4262768E-01
+1.2026000E+02	-6.7985851E-01	-6.6168338E-01
+1.2032000E+02	-7.5835985E-01	-5.7008427E-01
+1.2038000E+02	-8.2457292E-01	-4.6932691E-01
+1.2044000E+02	-8.7745196E-01	-3.6105072E-01
+1.2050000E+02	-9.1616833E-01	-2.4701162E-01
+1.2056000E+02	-9.4012368E-01	-1.2905249E-01
+1.2062000E+02	-9.4895738E-01	-9.0741394E-03
+1.2068000E+02	-9.4255239E-01	+1.1099576E-01
+1.2074000E+02	-9.2103547E-01	+2.2923242E-01
+1.2080000E+02	-8.8477486E-01	+3.4374681E-01
+1.2086000E+02	-8.3437300E-01	+4.5271277E-01
+1.2092000E+02	-7.7065700E-01	+5.5439866E-01
+1.2098000E+02	-6.9466370E-01	+6.4719266E-01
+1.2104000E+02	-6.0762274E-01	+7.2962892E-01
+1.2110000E+02	-5.1093733E-01	+8.0040979E-01
+1.2116000E+02	-4.0615994E-01	+8.5842657E-01
+1.2122000E+02	-2.9496750E-01	+9.0277594E-01
+1.2128000E+02	-1.7913534E-01	+9.3277395E-01
+1.2134000E+02	-6.0508136E-02	+9.4796592E-01
+1.2140000E+02	+5.9030753E-02	+9.4813317E-01
+1.2146000E+02	+1.7758735E-01	+9.3329543E-01
+1.2152000E+02	+2.9328799E-01	+9.0370959E-01
+1.2158000E+02	+4.0430933E-01	+8.5986549E-01
+1.2164000E+02	+5.0890595E-01	+8.0247658E-01
+1.2170000E+02	+6.0543907E-01	+7.3246855E-01
+1.2176000E+02	+6.9240063E-01	+6.5096337E-01
+1.2182000E+02	+7.6843786E-01	+5.5926114E-01
+1.2188000E+02	+8.3237290E-01	+4.5881930E-01
+1.2194000E+02	+8.8322151E-01	+3.5122830E-01
+1.2200000E+02	+9.2020792E-01	+2.3818661E-01
+1.2206000E+02	+9.4277537E-01	+1.2147361E-01
+1.2212000E+02	+9.5059490E-01	+2.9210120E-03
+1.2218000E+02	+9.4356889E-01	-1.1561579E-01
+1.2224000E+02	+9.2183226E-01	-2.3228699E-01
+1.2230000E+02	+8.8574898E-01	-3.4527737E-01
+1.2236000E+02	+8.3590537E-01	-4.5283428E-01
+1.2242000E+02	+7.7310061E-01	-5.5329490E-01
+1.2248000E+02	+6.9833237E-01	-6.4511168E-01
+1.2254000E+02	+6.1278152E-01	-7.2687584E-01
+1.2260000E+02	+5.1779234E-01	-7.9733896E-01
+1.2266000E+02	+4.1485068E-01	-8.5543096E-01
+1.2272000E+02	+3.0556154E-01	-9.0027660E-01
+1.2278000E+02	+1.9162226E-01	-9.3120730E-01
+1.2284000E+02	+7.4797183E-02	-9.4777161E-01
+1.2290000E+02	-4.3110855E-02	-9.4974005E-01
+1.2296000E+02	-1.6028742E-01	-9.3710846E-01
+1.2302000E+02	-2.7493542E-01	-9.1009659E-01
+1.2308000E+02	-3.8530123E-01	-8.6914390E-01
+1.2314000E+02	-4.8970234E-01	-8.1490189E-01
+1.2320000E+02	-5.8655316E-01	-7.4822325E-01
+1.2326000E+02	-6.7438650E-01	-6.7014778E-01
+1.2332000E+02	-7.5187826E-01	-5.8188635E-01
+1.2338000E+02	-8.1786513E-01	-4.8480055E-01
+1.2344000E+02	-8.7136155E-01	-3.8038313E-01
+1.2350000E+02	-9.1157544E-01	-2.7023318E-01
+1.2356000E+02	-9.3791723E-01	-1.5603292E-01
+1.2362000E+02	-9.5000976E-01	-3.9520830E-02
+1.2368000E+02	-9.4769222E-01	+7.7533908E-02
+1.2374000E+02	-9.3102223E-01	+1.9335899E-01
+1.2380000E+02	-9.0027350E-01	+3.0620524E-01
+1.2386000E+02	-8.5593182E-01	+4.1437292E-01
+1.2392000E+02	-7.9868639E-01	+5.1623666E-01
+1.2398000E+02	-7.2941893E-01	+6.1027026E-01
+1.2404000E+02	-6.4918971E-01	+6.9506919E-01
+1.2410000E+02	-5.5922121E-01	+7.6937079E-01
+1.2416000E+02	-4.6087950E-01	+8.3207303E-01
+1.2422000E+02	-3.5565257E-01	+8.8225055E-01
+1.2428000E+02	-2.4512869E-01	+9.1916776E-01
+1.2434000E+02	-1.3097109E-01	+9.4228917E-01
+1.2440000E+02	-1.4894877E-02	+9.5128727E-01
+1.2446000E+02	+1.0136136E-01	+9.4604617E-01
+1.2452000E+02	+2.1605934E-01	+9.2666322E-01
+1.2458000E+02	+3.2748795E-01	+8.9344651E-01
+1.2464000E+02	+4.3398899E-01	+8.4690988E-01
+1.2470000E+02	+5.3398114E-01	+7.8776473E-01
+1.2476000E+02	+6.2598372E-01	+7.1690881E-01
+1.2482000E+02	+7.0863771E-01	+6.3541186E-01
+1.2488000E+02	+7.8072661E-01	+5.4449993E-01
+1.2494000E+02	+8.4119368E-01	+4.4553596E-01
+1.2500000E+02	+8.8915676E-01	+3.3999971E-01
+1.2506000E+02	+9.2392182E-01	+2.2946499E-01
+1.2512000E+02	+9.4499147E-01	+1.1557611E-01
+1.2518000E+02	+9.5207286E-01	+2.3332463E-05
+1.2524000E+02	+9.4508046E-01	-1.1548236E-01
+1.2530000E+02	+9.2413712E-01	-2.2923471E-01
+1.2536000E+02	+8.8957173E-01	-3.3955741E-01
+1.2542000E+02	+8.4191328E-01	-4.4482878E-01
+1.2548000E+02	+7.8188235E-01	-5.4350555E-01
+1.2554000E+02	+7.1038043E-01	-6.3414538E-01
+1.2560000E+02	+6.2847501E-01	-7.1542782E-01
+1.2566000E+02	+5.3738427E-01	-7.8617305E-01
+1.2572000E+02	+4.3845767E-01	-8.4535909E-01
+1.2578000E+02	+3.3315659E-01	-8.9213610E-01
+1.2584000E+02	+2.2303221E-01	-9.2583787E-01
+1.2590000E+02	+1.0970126E-01	-9.4599169E-01
+1.2596000E+02	-5.1757782E-03	-9.5232379E-01
+1.2602000E+02	-1.1992107E-01	-9.4476277E-01
+1.2608000E+02	-2.3286210E-01	-9.2343998E-01
+1.2614000E+02	-3.4235755E-01	-8.8868695E-01
+1.2620000E+02	-4.4682115E-01	-8.4102941E-01
+1.2626000E+02	-5.4474276E-01	-7.8117937E-01
+1.2632000E+02	-6.3471174E-01	-7.1002388E-01
+1.2638000E+02	-7.1543574E-01	-6.2861133E-01
+1.2644000E+02	-7.8576088E-01	-5.3813553E-01
+1.2650000E+02	-8.4468520E-01	-4.3991882E-01
+1.2656000E+02	-8.9137423E-01	-3.3539158E-01
+1.2662000E+02	-9.2517251E-01	-2.2607146E-01
+1.2668000E+02	-9.4561154E-01	-1.1354203E-01
+1.2674000E+02	-9.5241618E-01	+5.7191553E-04
+1.2680000E+02	-9.4550824E-01	+1.1462612E-01
+1.2686000E+02	-9.2500639E-01	+2.2698160E-01
+1.2692000E+02	-8.9122373E-01	+3.3602700E-01
+1.2698000E+02	-8.4466356E-01	+4.4020304E-01
+1.2704000E+02	-7.8601038E-01	+5.3802270E-01
+1.2710000E+02	-7.1612030E-01	+6.2809449E-01
+1.2716000E+02	-6.3600767E-01	+7.0913994E-01
+1.2722000E+02	-5.4683173E-01	+7.8001225E-01
+1.2728000E+02	-4.4987714E-01	+8.3971292E-01
+1.2734000E+02	-3.4653667E-01	+8.8740402E-01
+1.2740000E+02	-2.3829211E-01	+9.2242116E-01
+1.2746000E+02	-1.2669152E-01	+9.4428098E-01
+1.2752000E+02	-1.3326498E-02	+9.5268869E-01
+1.2758000E+02	+1.0018772E-01	+9.4754118E-01
+1.2764000E+02	+2.1223865E-01	+9.2892778E-01
+1.2770000E+02	+3.2123700E-01	+8.9712912E-01
+1.2776000E+02	+4.2564029E-01	+8.5261184E-01
+1.2782000E+02	+5.2397388E-01	+7.9602200E-01
+1.2788000E+02	+6.1485213E-01	+7.2817546E-01
+1.2794000E+02	+6.9699752E-01	+6.5004569E-01
+1.2800000E+02	+7.6925868E-01	+5.6274980E-01
+1.2806000E+02	+8.3062601E-01	+4.6753198E-01
+1.2812000E+02	+8.8024610E-01	+3.6574605E-01
+1.2817999E+02	+9.1743261E-01	+2.5883591E-01
+1.2824001E+02	+9.4167596E-01	+1.4831476E-01
+1.2830000E+02	+9.5265025E-01	+3.5743702E-02
+1.2836000E+02	+9.5021677E-01	-7.7290386E-02
+1.2842000E+02	+9.3442595E-01	-1.8919730E-01
+1.2848000E+02	+9.0551603E-01	-2.9840603E-01
+1.2853999E+02	+8.6390895E-01	-4.0338650E-01
+1.2860001E+02	+8.1020379E-01	-5.0267136E-01
+1.2866000E+02	+7.4516875E-01	-5.9487617E-01
+1.2872000E+02	+6.6972852E-01	-6.7871857E-01
+1.2878000E+02	+5.8495188E-01	-7.5303608E-01
+1.2884000E+02	+4.9203557E-01	-8.1680226E-01
+1.2889999E+02	+3.9228824E-01	-8.6913967E-01
+1.2896001E+02	+2.8710964E-01	-9.0933329E-01
+1.2902000E+02	+1.7797384E-01	-9.3683833E-01
+1.2908000E+02	+6.6405937E-02	-9.5128840E-01
+1.2914000E+02	-4.6038445E-02	-9.5249975E-01
+1.2920000E+02	-1.5779553E-01	-9.4047302E-01
+1.2925999E+02	-2.6731366E-01	-9.1539276E-01
+1.2932001E+02	-3.7307671E-01	-8.7762421E-01
+1.2938000E+02	-4.7362351E-01	-8.2770795E-01
+1.2944000E+02	-5.6756806E-01	-7.6635134E-01
+1.2950000E+02	-6.5361983E-01	-6.9441861E-01
+1.2956000E+02	-7.3060000E-01	-6.1291790E-01
+1.2962000E+02	-7.9745722E-01	-5.2298725E-01
+1.2967999E+02	-8.5328287E-01	-4.2587841E-01
+1.2974001E+02	-8.9732164E-01	-3.2293943E-01
+1.2980000E+02	-9.2898244E-01	-2.1559516E-01
+1.2986000E+02	-9.4784576E-01	-1.0532817E-01
+1.2992000E+02	-9.5366859E-01	+6.3421060E-03
+1.2998000E+02	-9.4638765E-01	+1.1788049E-01
+1.3003999E+02	-9.2611915E-01	+2.2775641E-01
+1.3010001E+02	-8.9315724E-01	+3.3446607E-01
+1.3016000E+02	-8.4796888E-01	+4.3655163E-01
+1.3022000E+02	-7.9118729E-01	+5.3262144E-01
+1.3028000E+02	-7.2360283E-01	+6.2136924E-01
+1.3034000E+02	-6.4615172E-01	+7.0159113E-01
+1.3039999E+02	-5.5990255E-01	+7.7220190E-01
+1.3046001E+02	-4.6604291E-01	+8.3224928E-01
+1.3052000E+02	-3.6585987E-01	+8.8092709E-01
+1.3058000E+02	-2.6072571E-01	+9.1758490E-01
+1.3064000E+02	-1.5207632E-01	+9.4173741E-01
+1.3070000E+02	-4.1393902E-02	+9.5306981E-01
+1.3075999E+02	+6.9815978E-02	+9.5144218E-01
+1.3082001E+02	+1.8004183E-01	+9.3689078E-01
+1.3088000E+02	+2.8778911E-01	+9.0962678E-01
+1.3094000E+02	+3.9159936E-01	+8.7003356E-01
+1.3100000E+02	+4.9007010E-01	+8.1866074E-01
+1.3106000E+02	+5.8187324E-01	+7.5621665E-01
+1.3112000E+02	+6.6577345E-01	+6.8355763E-01
+1.3117999E+02	+7.4064469E-01	+6.0167724E-01
+1.3124001E+02	+8.0548453E-01	+5.1169163E-01
+1.3130000E+02	+8.5942805E-01	+4.1482458E-01
+1.3136000E+02	+9.0175873E-01	+3.1239045E-01
+1.3142000E+02	+9.3191785E-01	+2.0577659E-01
+1.3148000E+02	+9.4951212E-01	+9.6424051E-02
+1.3153999E+02	+9.5431799E-01	-1.4191747E-02
+1.3160001E+02	+9.4628435E-01	-1.2458070E-01
+1.3166000E+02	+9.2553329E-01	-2.3325899E-01
+1.3172000E+02	+8.9235753E-01	-3.3876806E-01
+1.3178000E+02	+8.4721583E-01	-4.3969494E-01
+1.3184000E+02	+7.9072744E-01	-5.3469050E-01
+1.3189999E+02	+7.2366190E-01	-6.2248784E-01
+1.3196001E+02	+6.4692950E-01	-7.0191908E-01
+1.3202000E+02	+5.6156850E-01	-7.7193028E-01
+1.3208000E+02	+4.6872997E-01	-8.3159596E-01
+1.3214000E+02	+3.6966369E-01	-8.8013059E-01
+1.3220000E+02	+2.6569903E-01	-9.1689879E-01
+1.3225999E+02	+1.5822865E-01	-9.4142389E-01
+1.3232001E+02	+4.8690122E-02	-9.5339310E-01
+1.3238000E+02	-6.1455797E-02	-9.5266163E-01
+1.3244000E+02	-1.7074227E-01	-9.3925411E-01
+1.3250000E+02	-2.7771729E-01	-9.1336370E-01
+1.3256000E+02	-3.8096246E-01	-8.7534904E-01
+1.3262000E+02	-4.7911105E-01	-8.2572919E-01
+1.3267999E+02	-5.7086760E-01	-7.6517564E-01
+1.3274001E+02	-6.5502340E-01	-6.9450396E-01
+1.3280000E+02	-7.3047292E-01	-6.1466169E-01
+1.3286000E+02	-7.9622823E-01	-5.2671570E-01
+1.3292000E+02	-8.5143125E-01	-4.3183824E-01
+1.3298000E+02	-8.9536494E-01	-3.3129022E-01
+1.3303999E+02	-9.2746222E-01	-2.2640535E-01
+1.3310001E+02	-9.4731325E-01	-1.1857174E-01
+1.3316000E+02	-9.5467019E-01	-9.2136730E-03
+1.3322000E+02	-9.4945014E-01	+1.0022768E-01
+1.3328000E+02	-9.3173563E-01	+2.0831162E-01
+1.3334000E+02	-9.0177298E-01	+3.1361929E-01
+1.3339999E+02	-8.5996902E-01	+4.1477016E-01
+1.3346001E+02	-8.0688518E-01	+5.1044053E-01
+1.3352000E+02	-7.4322951E-01	+5.9938139E-01
+1.3358000E+02	-6.6984749E-01	+6.8043393E-01
+1.3364000E+02	-5.8771044E-01	+7.5254422E-01
+1.3370000E+02	-4.9790221E-01	+8.1477767E-01
+1.3375999E+02	-4.0160611E-01	+8.6632973E-01
+1.3382001E+02	-3.0008641E-01	+9.0653747E-01
+1.3388000E+02	-1.9467470E-01	+9.3488663E-01
+1.3394000E+02	-8.6751647E-02	+9.5101851E-01
+1.3400000E+02	+2.2272447E-02	+9.5473450E-01
+1.3406000E+02	+1.3097520E-01	+9.4599825E-01
+1.3412000E+02	+2.3794030E-01	+9.2493534E-01
+1.3417999E+02	+3.4177622E-01	+8.9183164E-01
+1.3424001E+02	+4.4113493E-01	+8.4712964E-01
+1.3430000E+02	+5.3472775E-01	+7.9142153E-01
+1.3436000E+02	+6.2134403E-01	+7.2544199E-01
+1.3442000E+02	+6.9986516E-01	+6.5005767E-01
+1.3448000E+02	+7.6927900E-01	+5.6625623E-01
+1.3453999E+02	+8.2869387E-01	+4.7513282E-01
+1.3460001E+02	+8.7734896E-01	+3.7787595E-01
+1.3466000E+02	+9.1462386E-01	+2.7575183E-01
+1.3472000E+02	+9.4004685E-01	+1.7008746E-01
+1.3478000E+02	+9.5330042E-01	+6.2253676E-02
+1.3484000E+02	+9.5422500E-01	-4.6352778E-02
+1.3489999E+02	+9.4282067E-01	-1.5432753E-01
+1.3496001E+02	+9.1924703E-01	-2.6027668E-01
+1.3502000E+02	+8.8382030E-01	-3.6283484E-01
+1.3508000E+02	+8.3700907E-01	-4.6068260E-01
+1.3514000E+02	+7.7942854E-01	-5.5256367E-01
+1.3520000E+02	+7.1183109E-01	-6.3730055E-01
+1.3525999E+02	+6.3509685E-01	-7.1381015E-01
+1.3532001E+02	+5.5022216E-01	-7.8111702E-01
+1.3538000E+02	+4.5830607E-01	-8.3836544E-01
+1.3544000E+02	+3.6053640E-01	-8.8483077E-01
+1.3550000E+02	+2.5817391E-01	-9.1992807E-01
+1.3556000E+02	+1.5253626E-01	-9.4321913E-01
+1.3562000E+02	+4.4979952E-02	-9.5441788E-01
+1.3567999E+02	-6.3115574E-02	-9.5339358E-01
+1.3574001E+02	-1.7036694E-01	-9.4017231E-01
+1.3580000E+02	-2.7540377E-01	-9.1493583E-01
+1.3586000E+02	-3.7688649E-01	-8.7801898E-01
+1.3592000E+02	-4.7352341E-01	-8.2990533E-01
+1.3598000E+02	-5.6408691E-01	-7.7122039E-01
+1.3603999E+02	-6.4742911E-01	-7.0272267E-01
+1.3610001E+02	-7.2249556E-01	-6.2529492E-01
+1.3616000E+02	-7.8833896E-01	-5.3993213E-01
+1.3622000E+02	-8.4413213E-01	-4.4772735E-01
+1.3628000E+02	-8.8917512E-01	-3.4985989E-01
+1.3634000E+02	-9.2290688E-01	-2.4757835E-01
+1.3639999E+02	-9.4491053E-01	-1.4218487E-01
+1.3646001E+02	-9.5491821E-01	-3.5019223E-02
+1.3652000E+02	-9.5281470E-01	+7.2557829E-02
+1.3658000E+02	-9.3863791E-01	+1.7918411E-01
+1.3664000E+02	-9.1257894E-01	+2.8351006E-01
+1.3670000E+02	-8.7497824E-01	+3.8421869E-01
+1.3675999E+02	-8.2632196E-01	+4.8003927E-01
+1.3682001E+02	-7.6723492E-01	+5.6976599E-01
+1.3688000E+02	-6.9847250E-01	+6.5227151E-01
+1.3694000E+02	-6.2091082E-01	+7.2652060E-01
+1.3700000E+02	-5.3553641E-01	+7.9158425E-01
+1.3706000E+02	-4.4343200E-01	+8.4665030E-01
+1.3712000E+02	-3.4576401E-01	+8.9103347E-01
+1.3717999E+02	-2.4376662E-01	+9.2418432E-01
+1.3724001E+02	-1.3872725E-01	+9.4569522E-01
+1.3730000E+02	-3.1969607E-02	+9.5530564E-01
+1.3736000E+02	+7.5162955E-02	+9.5290458E-01
+1.3742000E+02	+1.8132415E-01	+9.3853265E-01
+1.3748000E+02	+2.8518176E-01	+9.1238034E-01
+1.3753999E+02	+3.8543439E-01	+8.7478596E-01
+1.3760001E+02	+4.8082787E-01	+8.2623053E-01
+1.3766000E+02	+5.7017022E-01	+7.6733226E-01
+1.3772000E+02	+6.5234768E-01	+6.9883770E-01
+1.3778000E+02	+7.2633737E-01	+6.2161279E-01
+1.3784000E+02	+7.9122031E-01	+5.3663152E-01
+1.3789999E+02	+8.4619313E-01	+4.4496346E-01
+1.3796001E+02	+8.9057738E-01	+3.4776017E-01
+1.3802000E+02	+9.2382783E-01	+2.4624076E-01
+1.3808000E+02	+9.4553959E-01	+1.4167653E-01
+1.3814000E+02	+9.5545179E-01	+3.5374679E-02
+1.3820000E+02	+9.5345175E-01	-7.1337745E-02
+1.3825999E+02	+9.3957520E-01	-1.7713067E-01
+1.3832001E+02	+9.1400576E-01	-2.8068757E-01
+1.3838000E+02	+8.7707233E-01	-3.8072169E-01
+1.3844000E+02	+8.2924497E-01	-4.7599241E-01
+1.3850000E+02	+7.7112818E-01	-5.6532001E-01
+1.3856000E+02	+7.0345336E-01	-6.4760059E-01
+1.3862000E+02	+6.2706947E-01	-7.2181958E-01
+1.3867999E+02	+5.4293233E-01	-7.8706414E-01
+1.3874001E+02	+4.5209175E-01	-8.4253389E-01
+1.3880000E+02	+3.5567945E-01	-8.8755095E-01
+1.3886000E+02	+2.5489411E-01	-9.2156821E-01
+1.3892000E+02	+1.5098634E-01	-9.4417506E-01
+1.3898000E+02	+4.5243878E-02	-9.5510286E-01
+1.3903999E+02	-6.1025679E-02	-9.5422745E-01
+1.3910001E+02	-1.6650981E-01	-9.4157070E-01
+1.3916000E+02	-2.6990777E-01	-9.1729975E-01
+1.3922000E+02	-3.6994705E-01	-8.8172424E-01
+1.3928000E+02	-4.6539792E-01	-8.3529305E-01
+1.3934000E+02	-5.5508959E-01	-7.7858758E-01
+1.3939999E+02	-6.3792294E-01	-7.1231478E-01
+1.3946001E+02	-7.1288639E-01	-6.3729799E-01
+1.3952000E+02	-7.7906460E-01	-5.5446672E-01
+1.3958000E+02	-8.3565265E-01	-4.6484569E-01
+1.3964000E+02	-8.8196433E-01	-3.6954021E-01
+1.3970000E+02	-9.1744006E-01	-2.6972431E-01
+1.3975999E+02	-9.4165379E-01	-1.6662596E-01
+1.3982001E+02	-9.5431817E-01	-6.1511315E-02
+1.3988000E+02	-9.5528752E-01	+4.4331145E-02
+1.3994000E+02	-9.4455951E-01	+1.4960466E-01
+1.4000000E+02	-9.2227447E-01	+2.5302204E-01
+1.4006000E+02	-8.8871431E-01	+3.5331973E-01
+1.4012000E+02	-8.4429771E-01	+4.4927490E-01
+1.4017999E+02	-7.8957623E-01	+5.3971845E-01
+1.4024001E+02	-7.2522521E-01	+6.2355036E-01
+1.4030000E+02	-6.5203828E-01	+6.9975269E-01
+1.4036000E+02	-5.7091373E-01	+7.6740199E-01
+1.4042000E+02	-4.8284748E-01	+8.2567984E-01
+1.4048000E+02	-3.8891795E-01	+8.7388325E-01
+1.4053999E+02	-2.9027289E-01	+9.1143292E-01
+1.4060001E+02	-1.8811749E-01	+9.3787974E-01
+1.4066000E+02	-8.3697006E-02	+9.5291054E-01
+1.4072000E+02	+2.1716537E-02	+9.5635122E-01
+1.4078000E+02	+1.2684202E-01	+9.4816887E-01
+1.4084000E+02	+2.3040144E-01	+9.2847186E-01
+1.4089999E+02	+3.3113930E-01	+8.9750850E-01
+1.4096001E+02	+4.2783490E-01	+8.5566336E-01
+1.4102000E+02	+5.1931888E-01	+8.0345249E-01
+1.4108000E+02	+6.0448587E-01	+7.4151719E-01
+1.4114000E+02	+6.8230939E-01	+6.7061579E-01
+1.4120000E+02	+7.5185305E-01	+5.9161407E-01
+1.4125999E+02	+8.1228155E-01	+5.0547487E-01
+1.4132001E+02	+8.6287206E-01	+4.1324589E-01
+1.4138000E+02	+9.0302068E-01	+3.1604707E-01
+1.4144000E+02	+9.3225139E-01	+2.1505710E-01
+1.4150000E+02	+9.5022035E-01	+1.1149839E-01
+1.4156000E+02	+9.5672011E-01	+6.6228062E-03
+1.4162000E+02	+9.5168221E-01	-9.8303750E-02
+1.4167999E+02	+9.3517721E-01	-2.0201664E-01
+1.4174001E+02	+9.0741360E-01	-3.0326763E-01
+1.4180000E+02	+8.6873531E-01	-4.0084010E-01
+1.4186000E+02	+8.1961691E-01	-4.9356323E-01
+1.4192000E+02	+7.6065809E-01	-5.8032662E-01
+1.4198000E+02	+6.9257545E-01	-6.6009265E-01
+1.4203999E+02	+6.1619437E-01	-7.3190963E-01
+1.4210001E+02	+5.3243834E-01	-7.9492223E-01
+1.4216000E+02	+4.4231805E-01	-8.4838223E-01
+1.4222000E+02	+3.4691939E-01	-8.9165688E-01
+1.4228000E+02	+2.4738912E-01	-9.2423618E-01
+1.4234000E+02	+1.4492244E-01	-9.4573891E-01
+1.4239999E+02	+4.0747453E-02	-9.5591658E-01
+1.4246001E+02	-6.3888028E-02	-9.5465696E-01
+1.4252000E+02	-1.6773377E-01	-9.4198400E-01
+1.4258000E+02	-2.6954925E-01	-9.1805798E-01
+1.4264000E+02	-3.6812118E-01	-8.8317335E-01
+1.4270000E+02	-4.6227562E-01	-8.3775467E-01
+1.4275999E+02	-5.5089241E-01	-7.8235179E-01
+1.4282001E+02	-6.3292038E-01	-7.1763247E-01
+1.4288000E+02	-7.0738608E-01	-6.4437485E-01
+1.4294000E+02	-7.7340847E-01	-5.6345743E-01
+1.4300000E+02	-8.3020830E-01	-4.7584862E-01
+1.4306000E+02	-8.7711602E-01	-3.8259590E-01
+1.4312000E+02	-9.1358078E-01	-2.8481182E-01
+1.4317999E+02	-9.3917632E-01	-1.8366255E-01
+1.4324001E+02	-9.5360613E-01	-8.0351815E-02
+1.4330000E+02	-9.5670676E-01	+2.3892304E-02
+1.4336000E+02	-9.4844896E-01	+1.2783116E-01
+1.4342000E+02	-9.2893869E-01	+2.3023209E-01
+1.4348000E+02	-8.9841479E-01	+3.2988134E-01
+1.4353999E+02	-8.5724694E-01	+4.2559966E-01
+1.4360001E+02	-8.0593008E-01	+5.1625526E-01
+1.4366000E+02	-7.4507898E-01	+6.0077804E-01
+1.4372000E+02	-6.7542070E-01	+6.7817134E-01
+1.4378000E+02	-5.9778589E-01	+7.4752432E-01
+1.4384000E+02	-5.1309848E-01	+8.0802220E-01
+1.4389999E+02	-4.2236379E-01	+8.5895628E-01
+1.4396001E+02	-3.2665956E-01	+8.9973098E-01
+1.4402000E+02	-2.2711927E-01	+9.2987210E-01
+1.4408000E+02	-1.2492080E-01	+9.4903153E-01
+1.4414000E+02	-2.1271937E-02	+9.5699108E-01
+1.4420000E+02	+8.2603410E-02	+9.5366514E-01
+1.4425999E+02	+1.8548089E-01	+9.3910140E-01
+1.4432001E+02	+2.8614900E-01	+9.1347969E-01
+1.4438000E+02	+3.8342404E-01	+8.7711018E-01
+1.4444000E+02	+4.7616380E-01	+8.3042908E-01
+1.4450000E+02	+5.6328046E-01	+7.7399337E-01
+1.4456000E+02	+6.4375466E-01	+7.0847404E-01
+1.4462000E+02	+7.1664566E-01	+6.3464808E-01
+1.4467999E+02	+7.8110343E-01	+5.5338889E-01
+1.4474001E+02	+8.3637798E-01	+4.6565601E-01
+1.4480000E+02	+8.8182843E-01	+3.7248349E-01
+1.4486000E+02	+9.1692924E-01	+2.7496800E-01
+1.4492000E+02	+9.4127733E-01	+1.7425542E-01
+1.4498000E+02	+9.5459604E-01	+7.1527675E-02
+1.4503999E+02	+9.5673800E-01	-3.2011431E-02
+1.4510001E+02	+9.4768685E-01	-1.3515016E-01
+1.4516000E+02	+9.2755681E-01	-2.3668312E-01
+1.4522000E+02	+8.9659166E-01	-3.3542514E-01
+1.4528000E+02	+8.5516119E-01	-4.3022528E-01
+1.4534000E+02	+8.0375677E-01	-5.1998001E-01
+1.4539999E+02	+7.4298531E-01	-6.0364610E-01
+1.4546001E+02	+6.7356199E-01	-6.8025243E-01
+1.4552000E+02	+5.9630263E-01	-7.4891132E-01
+1.4558000E+02	+5.1211238E-01	-8.0882871E-01
+1.4564000E+02	+4.2197606E-01	-8.5931343E-01
+1.4570000E+02	+3.2694721E-01	-8.9978403E-01
+1.4575999E+02	+2.2813348E-01	-9.2977709E-01
+1.4582001E+02	+1.2668732E-01	-9.4895065E-01
+1.4588000E+02	+2.3788625E-02	-9.5708907E-01
+1.4594000E+02	-7.9365768E-02	-9.5410526E-01
+1.4600000E+02	-1.8157873E-01	-9.4004089E-01
+1.4606000E+02	-2.8166440E-01	-9.1506624E-01
+1.4612000E+02	-3.7846243E-01	-8.7947804E-01
+1.4617999E+02	-4.7085276E-01	-8.3369565E-01
+1.4624001E+02	-5.5776727E-01	-7.7825588E-01
+1.4630000E+02	-6.3820225E-01	-7.1380717E-01
+1.4636000E+02	-7.1122956E-01	-6.4110178E-01
+1.4642000E+02	-7.7600843E-01	-5.6098652E-01
+1.4648000E+02	-8.3179426E-01	-4.7439304E-01
+1.4653999E+02	-8.7794709E-01	-3.8232726E-01
+1.4660001E+02	-9.1393888E-01	-2.8585759E-01
+1.4666000E+02	-9.3936008E-01	-1.8610117E-01
+1.4672000E+02	-9.5392329E-01	-8.4213652E-02
+1.4678000E+02	-9.5746720E-01	+1.8627238E-02
+1.4684000E+02	-9.4995791E-01	+1.2123328E-01
+1.4689999E+02	-9.3148899E-01	+2.2242025E-01
+1.4696001E+02	-9.0228045E-01	+3.2102197E-01
+1.4702000E+02	-8.6267638E-01	+4.1590258E-01
+1.4708000E+02	-8.1313962E-01	+5.0597155E-01
+1.4714000E+02	-7.5424820E-01	+5.9019399E-01
+1.4720000E+02	-6.8668598E-01	+6.6760391E-01
+1.4725999E+02	-6.1123675E-01	+7.3731488E-01
+1.4732001E+02	-5.2877390E-01	+7.9853046E-01
+1.4738000E+02	-4.4025078E-01	+8.5055220E-01
+1.4744000E+02	-3.4668869E-01	+8.9278895E-01
+1.4750000E+02	-2.4916632E-01	+9.2476213E-01
+1.4756000E+02	-1.4880621E-01	+9.4611204E-01
+1.4762000E+02	-4.6762057E-02	+9.5660120E-01
+1.4767999E+02	+5.5794507E-02	+9.5611703E-01
+1.4774001E+02	+1.5768786E-01	+9.4467300E-01
+1.4780000E+02	+2.5775030E-01	+9.2240822E-01
+1.4786000E+02	+3.5483745E-01	+8.8958532E-01
+1.4792000E+02	+4.4784075E-01	+8.4658748E-01
+1.4798000E+02	+5.3569835E-01	+7.9391402E-01
+1.4803999E+02	+6.1740977E-01	+7.3217398E-01
+1.4810001E+02	+6.9204563E-01	+6.6207933E-01
+1.4816000E+02	+7.5875831E-01	+5.8443654E-01
+1.4822000E+02	+8.1679159E-01	+5.0013727E-01
+1.4828000E+02	+8.6548936E-01	+4.1014799E-01
+1.4834000E+02	+9.0430260E-01	+3.1549883E-01
+1.4839999E+02	+9.3279535E-01	+2.1727191E-01
+1.4846001E+02	+9.5064992E-01	+1.1658902E-01
+1.4852000E+02	+9.5766973E-01	+1.4597778E-02
+1.4858000E+02	+9.5378184E-01	-8.7539248E-02
+1.4864000E+02	+9.3903744E-01	-1.8865998E-01
+1.4870000E+02	+9.1361076E-01	-2.8761485E-01
+1.4875999E+02	+8.7779766E-01	-3.8328016E-01
+1.4882001E+02	+8.3201116E-01	-4.7457057E-01
+1.4888000E+02	+7.7677745E-01	-5.6045151E-01
+1.4894000E+02	+7.1272928E-01	-6.3995093E-01
+1.4900000E+02	+6.4059865E-01	-7.1217006E-01
+1.4906000E+02	+5.6120861E-01	-7.7629328E-01
+1.4912000E+02	+4.7546422E-01	-8.3159786E-01
+1.4917999E+02	+3.8434109E-01	-8.7746149E-01
+1.4924001E+02	+2.8887498E-01	-9.1336936E-01
+1.4930000E+02	+1.9015092E-01	-9.3892020E-01
+1.4936000E+02	+8.9288190E-02	-9.5383000E-01
+1.4942000E+02	-1.2569549E-02	-9.5793599E-01
+1.4948000E+02	-1.1426841E-01	-9.5119733E-01
+1.4953999E+02	-2.1465778E-01	-9.3369639E-01
+1.4960001E+02	-3.1260249E-01	-9.0563691E-01
+1.4966000E+02	-4.0699628E-01	-8.6734235E-01
+1.4972000E+02	-4.9677444E-01	-8.1925112E-01
+1.4978000E+02	-5.8092397E-01	-7.6191252E-01
+1.4984000E+02	-6.5849864E-01	-6.9597930E-01
+1.4989999E+02	-7.2862560E-01	-6.2220103E-01
+1.4996001E+02	-7.9051745E-01	-5.4141539E-01
+1.5002000E+02	-8.4348142E-01	-4.5453778E-01
+1.5008000E+02	-8.8692498E-01	-3.6255178E-01
+1.5014000E+02	-9.2036426E-01	-2.6649800E-01
+1.5020000E+02	-9.4342893E-01	-1.6746067E-01
+1.5025999E+02	-9.5586532E-01	-6.6558011E-02
+1.5032001E+02	-9.5754027E-01	+3.5073251E-02
+1.5038000E+02	-9.4844204E-01	+1.3628857E-01
+1.5044000E+02	-9.2867970E-01	+2.3594995E-01
+1.5050000E+02	-8.9848268E-01	+3.3293754E-01
+1.5056000E+02	-8.5819685E-01	+4.2616385E-01
+1.5062000E+02	-8.0828178E-01	+5.1458341E-01
+1.5067999E+02	-7.4930406E-01	+5.9720719E-01
+1.5074001E+02	-6.8193144E-01	+6.7311209E-01
+1.5080000E+02	-6.0692531E-01	+7.4145073E-01
+1.5086000E+02	-5.2513111E-01	+8.0146271E-01
+1.5092000E+02	-4.3747061E-01	+8.5248053E-01
+1.5098000E+02	-3.4492832E-01	+8.9393938E-01
+1.5103999E+02	-2.4854465E-01	+9.2538071E-01
+1.5110001E+02	-1.4939924E-01	+9.4645971E-01
+1.5116000E+02	-4.8602771E-02	+9.5694721E-01
+1.5122000E+02	+5.2716441E-02	+9.5673275E-01
+1.5128000E+02	+1.5342635E-01	+9.4582528E-01
+1.5134000E+02	+2.5240284E-01	+9.2435306E-01
+1.5139999E+02	+3.4854200E-01	+8.9256239E-01
+1.5146001E+02	+4.4077286E-01	+8.5081375E-01
+1.5152000E+02	+5.2806884E-01	+7.9957885E-01
+1.5158000E+02	+6.0945952E-01	+7.3943436E-01
+1.5164000E+02	+6.8404078E-01	+6.7105544E-01
+1.5170000E+02	+7.5098592E-01	+5.9520841E-01
+1.5175999E+02	+8.0955315E-01	+5.1274204E-01
+1.5182001E+02	+8.5909498E-01	+4.2457798E-01
+1.5188000E+02	+8.9906466E-01	+3.3170038E-01
+1.5194000E+02	+9.2902243E-01	+2.3514499E-01
+1.5200000E+02	+9.4863993E-01	+1.3598759E-01
+1.5206000E+02	+9.5770437E-01	+3.5332061E-02
+1.5212000E+02	+9.5612001E-01	-6.5702014E-02
+1.5217999E+02	+9.4390959E-01	-1.6599169E-01
+1.5224001E+02	+9.2121416E-01	-2.6442319E-01
+1.5230000E+02	+8.8829064E-01	-3.5990417E-01
+1.5236000E+02	+8.4550977E-01	-4.5137593E-01
+1.5242000E+02	+7.9335070E-01	-5.3782517E-01
+1.5248000E+02	+7.3239714E-01	-6.1829501E-01
+1.5253999E+02	+6.6332948E-01	-6.9189566E-01
+1.5260001E+02	+5.8691782E-01	-7.5781441E-01
+1.5266000E+02	+5.0401270E-01	-8.1532425E-01
+1.5272000E+02	+4.1553634E-01	-8.6379212E-01
+1.5278000E+02	+3.2247221E-01	-9.0268570E-01
+1.5284000E+02	+2.2585304E-01	-9.3157935E-01
+1.5289999E+02	+1.2675032E-01	-9.5015842E-01
+1.5296001E+02	+2.6262499E-02	-9.5822293E-01
+1.5302000E+02	-7.4497879E-02	-9.5568961E-01
+1.5308000E+02	-1.7441674E-01	-9.4259226E-01
+1.5314000E+02	-2.7238995E-01	-9.1908175E-01
+1.5320000E+02	-3.6733556E-01	-8.8542408E-01
+1.5325999E+02	-4.5820761E-01	-8.4199685E-01
+1.5332001E+02	-5.4400456E-01	-7.8928536E-01
+1.5338000E+02	-6.2378281E-01	-7.2787696E-01
+1.5344000E+02	-6.9666630E-01	-6.5845424E-01
+1.5350000E+02	-7.6185590E-01	-5.8178759E-01
+1.5356000E+02	-8.1863743E-01	-4.9872622E-01
+1.5362000E+02	-8.6639106E-01	-4.1018933E-01
+1.5367999E+02	-9.0459669E-01	-3.1715488E-01
+1.5374001E+02	-9.3283969E-01	-2.2064945E-01
+1.5380000E+02	-9.5081586E-01	-1.2173652E-01
+1.5386000E+02	-9.5833367E-01	-2.1504836E-02
+1.5392000E+02	-9.5531702E-01	+7.8942575E-02
+1.5398000E+02	-9.4180548E-01	+1.7850310E-01
+1.5403999E+02	-9.1795373E-01	+2.7608404E-01
+1.5410001E+02	-8.8402933E-01	+3.7061578E-01
+1.5416000E+02	-8.4041071E-01	+4.6106258E-01
+1.5422000E+02	-7.8758126E-01	+5.4643595E-01
+1.5428000E+02	-7.2612506E-01	+6.2580264E-01
+1.5434000E+02	-6.5672082E-01	+6.9829613E-01
+1.5439999E+02	-5.8013225E-01	+7.6312661E-01
+1.5446001E+02	-4.9720150E-01	+8.1958848E-01
+1.5452000E+02	-4.0883970E-01	+8.6706781E-01
+1.5458000E+02	-3.1601638E-01	+9.0504944E-01
+1.5464000E+02	-2.1974877E-01	+9.3312305E-01
+1.5470000E+02	-1.2109071E-01	+9.5098615E-01
+1.5475999E+02	-2.1121886E-02	+9.5844829E-01
+1.5482001E+02	+7.9064794E-02	+9.5543265E-01
+1.5488000E+02	+1.7837486E-01	+9.4197690E-01
+1.5494000E+02	+2.7572373E-01	+9.1823238E-01
+1.5500000E+02	+3.7004983E-01	+8.8446301E-01
+1.5506000E+02	+4.6032438E-01	+8.4104156E-01
+1.5512000E+02	+5.4556400E-01	+7.8844595E-01
+1.5517999E+02	+6.2484109E-01	+7.2725391E-01
+1.5524001E+02	+6.9729298E-01	+6.5813673E-01
+1.5530000E+02	+7.6213264E-01	+5.8185136E-01
+1.5536000E+02	+8.1865644E-01	+4.9923253E-01
+1.5542000E+02	+8.6625171E-01	+4.1118360E-01
+1.5548000E+02	+9.0440369E-01	+3.1866643E-01
+1.5553999E+02	+9.3270087E-01	+2.2269095E-01
+1.5560001E+02	+9.5083970E-01	+1.2430395E-01
+1.5566000E+02	+9.5862705E-01	+2.4577912E-02
+1.5572000E+02	+9.5598316E-01	-7.5401060E-02
+1.5578000E+02	+9.4294184E-01	-1.7454490E-01
+1.5584000E+02	+9.1965026E-01	-2.7177548E-01
+1.5589999E+02	+8.8636649E-01	-3.6603647E-01
+1.5596001E+02	+8.4345764E-01	-4.5630467E-01
+1.5602000E+02	+7.9139519E-01	-5.4160136E-01
+1.5608000E+02	+7.3074943E-01	-6.2100267E-01
+1.5614000E+02	+6.6218358E-01	-6.9364965E-01
+1.5620000E+02	+5.8644629E-01	-7.5875765E-01
+1.5625999E+02	+5.0436324E-01	-8.1562465E-01
+1.5632001E+02	+4.1682845E-01	-8.6363858E-01
+1.5638000E+02	+3.2479331E-01	-9.0228432E-01
+1.5644000E+02	+2.2925812E-01	-9.3114847E-01
+1.5650000E+02	+1.3125956E-01	-9.4992429E-01
+1.5656000E+02	+3.1859595E-02	-9.5841449E-01
+1.5662000E+02	-6.7865439E-02	-9.5653343E-01
+1.5667999E+02	-1.6683683E-01	-9.4430751E-01
+1.5674001E+02	-2.6398534E-01	-9.2187482E-01
+1.5680000E+02	-3.5826203E-01	-8.8948381E-01
+1.5686000E+02	-4.4865096E-01	-8.4749001E-01
+1.5692000E+02	-5.3417772E-01	-7.9635215E-01
+1.5698000E+02	-6.1392349E-01	-7.3662692E-01
+1.5703999E+02	-6.8702984E-01	-6.6896367E-01
+1.5710001E+02	-7.5271314E-01	-5.9409565E-01
+1.5716000E+02	-8.1026894E-01	-5.1283389E-01
+1.5722000E+02	-8.5908139E-01	-4.2605659E-01
+1.5728000E+02	-8.9862901E-01	-3.3470169E-01
+1.5734000E+02	-9.2849064E-01	-2.3975408E-01
+1.5739999E+02	-9.4834924E-01	-1.4223820E-01
+1.5746001E+02	-9.5799559E-01	-4.3203849E-02
+1.5752000E+02	-9.5733052E-01	+5.6283064E-02
+1.5758000E+02	-9.4636542E-01	+1.5515228E-01
+1.5764000E+02	-9.2522246E-01	+2.5234112E-01
+1.5770000E+02	-8.9413279E-01	+3.4680560E-01
+1.5775999E+02	-8.5343426E-01	+4.3753195E-01
+1.5782001E+02	-8.0356795E-01	+5.2354670E-01
+1.5788000E+02	-7.4507302E-01	+6.0392737E-01
+1.5794000E+02	-6.7858076E-01	+6.7781293E-01
+1.5800000E+02	-6.0480744E-01	+7.4441254E-01
+1.5806000E+02	-5.2454865E-01	+8.0301327E-01
+1.5812000E+02	-4.3866745E-01	+8.5298961E-01
+1.5817999E+02	-3.4808779E-01	+8.9380795E-01
+1.5824001E+02	-2.5378346E-01	+9.2503375E-01
+1.5830000E+02	-1.5676728E-01	+9.4633561E-01
+1.5836000E+02	-5.8080863E-02	+9.5748860E-01
+1.5842000E+02	+4.1216772E-02	+9.5837724E-01
+1.5848000E+02	+1.4006099E-01	+9.4899607E-01
+1.5853999E+02	+2.3739231E-01	+9.2944968E-01
+1.5860001E+02	+3.3216855E-01	+8.9995188E-01
+1.5866000E+02	+4.2337579E-01	+8.6082292E-01
+1.5872000E+02	+5.1003832E-01	+8.1248629E-01
+1.5878000E+02	+5.9123075E-01	+7.5546360E-01
+1.5884000E+02	+6.6608655E-01	+6.9036937E-01
+1.5889999E+02	+7.3380816E-01	+6.1790407E-01
+1.5896001E+02	+7.9367465E-01	+5.3884619E-01
+1.5902000E+02	+8.4505022E-01	+4.5404458E-01
+1.5908000E+02	+8.8739049E-01	+3.6440843E-01
+1.5914000E+02	+9.2024779E-01	+2.7089781E-01
+1.5920000E+02	+9.4327664E-01	+1.7451338E-01
+1.5925999E+02	+9.5623678E-01	+7.6285414E-02
+1.5932001E+02	+9.5899558E-01	-2.2737153E-02
+1.5938000E+02	+9.5152944E-01	-1.2149800E-01
+1.5944000E+02	+9.3392378E-01	-2.1894462E-01
+1.5950000E+02	+9.0637207E-01	-3.1403974E-01
+1.5956000E+02	+8.6917305E-01	-4.0577200E-01
+1.5962000E+02	+8.2272851E-01	-4.9316698E-01
+1.5967999E+02	+7.6753730E-01	-5.7529736E-01
+1.5974001E+02	+7.0419139E-01	-6.5129274E-01
+1.5980000E+02	+6.3336855E-01	-7.2034860E-01
+1.5986000E+02	+5.5582517E-01	-7.8173488E-01
+1.5992000E+02	+4.7238815E-01	-8.3480364E-01
+1.5998000E+02	+3.8394648E-01	-8.7899566E-01
+1.6003999E+02	+2.9144067E-01	-9.1384619E-01
+1.6010001E+02	+1.9585462E-01	-9.3898988E-01
+1.6016000E+02	+9.8203175E-02	-9.5416445E-01
+1.6022000E+02	-4.7736894E-04	-9.5921338E-01
+1.6028000E+02	-9.9141002E-02	-9.5408738E-01
+1.6034000E+02	-1.9674166E-01	-9.3884456E-01
+1.6039999E+02	-2.9224592E-01	-9.1365039E-01
+1.6046001E+02	-3.8464317E-01	-8.7877548E-01
+1.6052000E+02	-4.7295573E-01	-8.3459240E-01
+1.6058000E+02	-5.5625051E-01	-7.8157187E-01
+1.6064000E+02	-6.3364667E-01	-7.2027820E-01
+1.6070000E+02	-7.0432723E-01	-6.5136290E-01
+1.6075999E+02	-7.6754582E-01	-5.7555729E-01
+1.6082001E+02	-8.2263583E-01	-4.9366590E-01
+1.6088000E+02	-8.6901665E-01	-4.0655693E-01
+1.6094000E+02	-9.0620029E-01	-3.1515345E-01
+1.6100000E+02	-9.3379611E-01	-2.2042358E-01
+1.6106000E+02	-9.5151478E-01	-1.2337045E-01
+1.6112000E+02	-9.5917231E-01	-2.5020640E-02
+1.6117999E+02	-9.5669037E-01	+7.3584691E-02
+1.6124001E+02	-9.4409889E-01	+1.7140332E-01
+1.6130000E+02	-9.2153400E-01	+2.6740164E-01
+1.6136000E+02	-8.8923782E-01	+3.6056522E-01
+1.6142000E+02	-8.4755480E-01	+4.4991103E-01
+1.6148000E+02	-7.9692930E-01	+5.3449631E-01
+1.6153999E+02	-7.3789924E-01	+6.1342949E-01
+1.6160001E+02	-6.7109150E-01	+6.8587965E-01
+1.6166000E+02	-5.9721494E-01	+7.5108457E-01
+1.6172000E+02	-5.1705205E-01	+8.0835962E-01
+1.6178000E+02	-4.3145123E-01	+8.5710412E-01
+1.6184000E+02	-3.4131876E-01	+8.9680809E-01
+1.6189999E+02	-2.4760599E-01	+9.2705774E-01
+1.6196001E+02	-1.5130298E-01	+9.4753915E-01
+1.6202000E+02	-5.3424735E-02	+9.5804161E-01
+1.6208000E+02	+4.4996634E-02	+9.5846021E-01
+1.6214000E+02	+1.4292546E-01	+9.4879597E-01
+1.6220000E+02	+2.3933202E-01	+9.2915624E-01
+1.6225999E+02	+3.3320343E-01	+8.9975309E-01
+1.6232001E+02	+4.2355487E-01	+8.6090100E-01
+1.6238000E+02	+5.0943935E-01	+8.1301343E-01
+1.6244000E+02	+5.8995730E-01	+7.5659829E-01
+1.6250000E+02	+6.6426724E-01	+6.9225222E-01
+1.6256000E+02	+7.3159301E-01	+6.2065428E-01
+1.6262000E+02	+7.9123253E-01	+5.4255933E-01
+1.6267999E+02	+8.4256476E-01	+4.5878890E-01
+1.6274001E+02	+8.8505632E-01	+3.7022343E-01
+1.6280000E+02	+9.1826653E-01	+2.7779254E-01
+1.6286000E+02	+9.4185221E-01	+1.8246558E-01
+1.6292000E+02	+9.5557064E-01	+8.5241303E-02
+1.6298000E+02	+9.5928276E-01	-1.2862572E-02
+1.6303999E+02	+9.5295364E-01	-1.1081979E-01
+1.6310001E+02	+9.3665338E-01	-2.0760633E-01
+1.6316000E+02	+9.1055572E-01	-3.0221102E-01
+1.6322000E+02	+8.7493670E-01	-3.9364591E-01
+1.6328000E+02	+8.3017153E-01	-4.8095673E-01
+1.6334000E+02	+7.7673024E-01	-5.6323260E-01
+1.6339999E+02	+7.1517408E-01	-6.3961512E-01
+1.6346001E+02	+6.4614695E-01	-7.0930892E-01
+1.6352000E+02	+5.7037246E-01	-7.7158672E-01
+1.6358000E+02	+4.8864272E-01	-8.2580060E-01
+1.6364000E+02	+4.0181333E-01	-8.7138557E-01
+1.6370000E+02	+3.1079134E-01	-9.0786779E-01
+1.6375999E+02	+2.1652855E-01	-9.3486822E-01
+1.6382001E+02	+1.2000991E-01	-9.5210683E-01
+1.6388000E+02	+2.2242725E-02	-9.5940560E-01
+1.6394000E+02	-7.5750254E-02	-9.5669073E-01
+1.6400000E+02	-1.7294784E-01	-9.4399261E-01
+1.6406000E+02	-2.6833344E-01	-9.2144632E-01
+1.6412000E+02	-3.6091337E-01	-8.8928968E-01
+1.6417999E+02	-4.4972140E-01	-8.4786081E-01
+1.6424001E+02	-5.3383195E-01	-7.9759467E-01
+1.6430000E+02	-6.1236852E-01	-7.3901916E-01
+1.6436000E+02	-6.8451387E-01	-6.7274749E-01
+1.6442000E+02	-7.4951690E-01	-5.9947437E-01
+1.6448000E+02	-8.0670345E-01	-5.1996642E-01
+1.6453999E+02	-8.5548002E-01	-4.3505499E-01
+1.6460001E+02	-8.9534181E-01	-3.4562767E-01
+1.6466000E+02	-9.2587787E-01	-2.5261799E-01
+1.6472000E+02	-9.4677436E-01	-1.5699698E-01
+1.6478000E+02	-9.5781887E-01	-5.9760951E-02
+1.6484000E+02	-9.5890141E-01	+3.8076669E-02
+1.6489999E+02	-9.5001644E-01	+1.3549806E-01
+1.6496001E+02	-9.3126184E-01	+2.3149072E-01
+1.6502000E+02	-9.0283811E-01	+3.2505736E-01
+1.6508000E+02	-8.6504632E-01	+4.1522804E-01
+1.6514000E+02	-8.1828457E-01	+5.0106812E-01
+1.6520000E+02	-7.6304305E-01	+5.8168966E-01
+1.6525999E+02	-6.9989985E-01	+6.5625978E-01
+1.6532001E+02	-6.2951452E-01	+7.2400880E-01
+1.6538000E+02	-5.5262023E-01	+7.8423905E-01
+1.6544000E+02	-4.7001743E-01	+8.3633095E-01
+1.6550000E+02	-3.8256404E-01	+8.7975007E-01
+1.6556000E+02	-2.9116789E-01	+9.1405177E-01
+1.6562000E+02	-1.9677520E-01	+9.3888646E-01
+1.6567999E+02	-1.0036457E-01	+9.5400184E-01
+1.6574001E+02	-2.9322617E-03	+9.5924664E-01
+1.6580000E+02	+9.4514802E-02	+9.5457131E-01
+1.6586000E+02	+1.9096942E-01	+9.4002813E-01
+1.6592000E+02	+2.8543708E-01	+9.1577137E-01
+1.6598000E+02	+3.7694350E-01	+8.8205487E-01
+1.6603999E+02	+4.6454456E-01	+8.3923024E-01
+1.6610001E+02	+5.4733896E-01	+7.8774160E-01
+1.6616000E+02	+6.2447315E-01	+7.2812313E-01
+1.6622000E+02	+6.9515324E-01	+6.6099209E-01
+1.6628000E+02	+7.5865203E-01	+5.8704215E-01
+1.6634000E+02	+8.1431597E-01	+5.0703794E-01
+1.6639999E+02	+8.6157262E-01	+4.2180604E-01
+1.6646001E+02	+8.9993632E-01	+3.3222610E-01
+1.6652000E+02	+9.2901307E-01	+2.3922312E-01
+1.6658000E+02	+9.4850445E-01	+1.4375681E-01
+1.6664000E+02	+9.5821130E-01	+4.6812296E-02
+1.6670000E+02	+9.5803499E-01	-5.0610188E-02
+1.6675999E+02	+9.4797921E-01	-1.4750566E-01
+1.6682001E+02	+9.2814946E-01	-2.4287474E-01
+1.6688000E+02	+8.9875227E-01	-3.3573398E-01
+1.6694000E+02	+8.6009282E-01	-4.2512602E-01
+1.6700000E+02	+8.1257194E-01	-5.1012957E-01
+1.6706000E+02	+7.5668210E-01	-5.8986920E-01
+1.6712000E+02	+6.9300199E-01	-6.6352367E-01
+1.6717999E+02	+6.2219036E-01	-7.3033553E-01
+1.6724001E+02	+5.4497945E-01	-7.8961796E-01
+1.6730000E+02	+4.6216795E-01	-8.4076267E-01
+1.6736000E+02	+3.7461111E-01	-8.8324559E-01
+1.6742000E+02	+2.8321260E-01	-9.1663259E-01
+1.6748000E+02	+1.8891580E-01	-9.4058353E-01
+1.6753999E+02	+9.2693232E-02	-9.5485646E-01
+1.6760001E+02	-4.4646733E-03	-9.5930880E-01
+1.6766000E+02	-1.0155735E-01	-9.5390022E-01
+1.6772000E+02	-1.9758624E-01	-9.3869090E-01
+1.6778000E+02	-2.9156557E-01	-9.1384304E-01
+1.6784000E+02	-3.8253033E-01	-8.7961686E-01
+1.6789999E+02	-4.6954846E-01	-8.3636945E-01
+1.6796001E+02	-5.5172914E-01	-7.8454977E-01
+1.6802000E+02	-6.2823230E-01	-7.2469431E-01
+1.6808000E+02	-6.9827682E-01	-6.5742117E-01
+1.6814000E+02	-7.6114857E-01	-5.8342415E-01
+1.6820000E+02	-8.1620783E-01	-5.0346458E-01
+1.6825999E+02	-8.6289489E-01	-4.1836470E-01
+1.6832001E+02	-9.0073705E-01	-3.2899770E-01
+1.6838000E+02	-9.2935145E-01	-2.3627941E-01
+1.6844000E+02	-9.4845021E-01	-1.4115995E-01
+1.6850000E+02	-9.5784241E-01	-4.4611741E-02
+1.6856000E+02	-9.5743638E-01	+5.2377805E-02
+1.6862000E+02	-9.4724029E-01	+1.4881821E-01
+1.6867999E+02	-9.2736167E-01	+2.4372542E-01
+1.6874001E+02	-8.9800674E-01	+3.3613047E-01
+1.6880000E+02	-8.5947782E-01	+4.2509186E-01
+1.6886000E+02	-8.1217098E-01	+5.0970232E-01
+1.6892000E+02	-7.5657016E-01	+5.8910018E-01
+1.6898000E+02	-6.9324517E-01	+6.6247588E-01
+1.6903999E+02	-6.2284321E-01	+7.2908217E-01
+1.6910001E+02	-5.4608315E-01	+7.8824097E-01
+1.6916000E+02	-4.6374980E-01	+8.3934909E-01
+1.6922000E+02	-3.7668324E-01	+8.8188648E-01
+1.6928000E+02	-2.8577262E-01	+9.1541976E-01
+1.6934000E+02	-1.9194616E-01	+9.3960756E-01
+1.6939999E+02	-9.6161857E-02	+9.5420384E-01
+1.6946001E+02	+6.0336723E-04	+9.5906055E-01
+1.6952000E+02	+9.7360246E-02	+9.5412886E-01
+1.6958000E+02	+1.9312204E-01	+9.3946010E-01
+1.6964000E+02	+2.8691038E-01	+9.1520494E-01
+1.6970000E+02	+3.7776807E-01	+8.8161236E-01
+1.6975999E+02	+4.6476781E-01	+8.3902669E-01
+1.6982001E+02	+5.4702199E-01	+7.8788412E-01
+1.6988000E+02	+6.2369108E-01	+7.2870868E-01
+1.6994000E+02	+6.9399387E-01	+6.6210616E-01
+1.7000000E+02	+7.5721371E-01	+5.8875847E-01
