+1.1000000E+02	+1.6481439E-03	+5.0052058E-02
+1.1006000E+02	+8.4476802E-04	+4.3116253E-02
+1.1012000E+02	-1.5755643E-03	+3.6754888E-02
+1.1018000E+02	-5.4252362E-03	+3.1323623E-02
+1.1024000E+02	-1.0440462E-02	+2.7123144E-02
+1.1030000E+02	-1.6296422E-02	+2.4383321E-02
+1.1036000E+02	-2.2625675E-02	+2.3251405E-02
+1.1042000E+02	-2.9038584E-02	+2.3784855E-02
+1.1048000E+02	-3.5144858E-02	+2.5949094E-02
+1.1054000E+02	-4.0574796E-02	+2.9620340E-02
+1.1060000E+02	-4.4999268E-02	+3.4593258E-02
+1.1066000E+02	-4.8147291E-02	+4.0592965E-02
+1.1072000E+02	-4.9820159E-02	+4.7290701E-02
+1.1078000E+02	-4.9901683E-02	+5.4322314E-02
+1.1084000E+02	-4.8363645E-02	+6.1308380E-02
+1.1090000E+02	-4.5266479E-02	+6.7875199E-02
+1.1096000E+02	-4.0755201E-02	+7.3674917E-02
+1.1102000E+02	-3.5050608E-02	+7.8404404E-02
+1.1108000E+02	-2.8436640E-02	+8.1821270E-02
+1.1114000E+02	-2.1244183E-02	+8.3756506E-02
+1.1120000E+02	-1.3832699E-02	+8.4123068E-02
+1.1126000E+02	-6.5703201E-03	+8.2919784E-02
+1.1132000E+02	+1.8626652E-04	+8.0230683E-02
+1.1138000E+02	+6.1110905E-03	+7.6219596E-02
+1.1144000E+02	+1.0926551E-02	+7.1120523E-02
+1.1150000E+02	+1.4417866E-02	+6.5224238E-02
+1.1156000E+02	+1.6444379E-02	+5.8861941E-02
+1.1162000E+02	+1.6946472E-02	+5.2386880E-02
+1.1168000E+02	+1.5948124E-02	+4.6154864E-02
+1.1174000E+02	+1.3554842E-02	+4.0504895E-02
+1.1180000E+02	+9.9471863E-03	+3.5740830E-02
+1.1186000E+02	+5.3703371E-03	+3.2115165E-02
+1.1192000E+02	+1.2008389E-04	+2.9815694E-02
+1.1198000E+02	-5.4736277E-03	+2.8955862E-02
+1.1204000E+02	-1.1065013E-02	+2.9569210E-02
+1.1210000E+02	-1.6311437E-02	+3.1608213E-02
+1.1216000E+02	-2.0891985E-02	+3.4947570E-02
+1.1222000E+02	-2.4524808E-02	+3.9391655E-02
+1.1228000E+02	-2.6982188E-02	+4.4685755E-02
+1.1234000E+02	-2.8102398E-02	+5.0530437E-02
+1.1240000E+02	-2.7798109E-02	+5.6598179E-02
+1.1246000E+02	-2.6060406E-02	+6.2551469E-02
+1.1252000E+02	-2.2958811E-02	+6.8061247E-02
+1.1258000E+02	-1.8636780E-02	+7.2824739E-02
+1.1264000E+02	-1.3303346E-02	+7.6581761E-02
+1.1270000E+02	-7.2212815E-03	+7.9128549E-02
+1.1276000E+02	-6.9234183E-04	+8.0328383E-02
+1.1282000E+02	+5.9594270E-03	+8.0118589E-02
+1.1288000E+02	+1.2405498E-02	+7.8513384E-02
+1.1294000E+02	+1.8330742E-02	+7.5602457E-02
+1.1300000E+02	+2.3450514E-02	+7.1545646E-02
+1.1306000E+02	+2.7525838E-02	+6.6563673E-02
+1.1312000E+02	+3.0376177E-02	+6.0925707E-02
+1.1318000E+02	+3.1888746E-02	+5.4934397E-02
+1.1324000E+02	+3.2024201E-02	+4.8909169E-02
+1.1330000E+02	+3.0818257E-02	+4.3168735E-02
+1.1336000E+02	+2.8379241E-02	+3.8013779E-02
+1.1342000E+02	+2.4881639E-02	+3.3710741E-02
+1.1348000E+02	+2.0556245E-02	+3.0477539E-02
+1.1354000E+02	+1.5677154E-02	+2.8472086E-02
+1.1360000E+02	+1.0546612E-02	+2.7784085E-02
+1.1366000E+02	+5.4784133E-03	+2.8430615E-02
+1.1372000E+02	+7.8072568E-04	+3.0355675E-02
+1.1378000E+02	-3.2605852E-03	+3.3433709E-02
+1.1384000E+02	-6.3973968E-03	+3.7476853E-02
+1.1390000E+02	-8.4325066E-03	+4.2245571E-02
+1.1396000E+02	-9.2300735E-03	+4.7461960E-02
+1.1402000E+02	-8.7226778E-03	+5.2825112E-02
+1.1408000E+02	-6.9144084E-03	+5.8027580E-02
+1.1414000E+02	-3.8803935E-03	+6.2772125E-02
+1.1420000E+02	+2.3778014E-04	+6.6787809E-02
+1.1426000E+02	+5.2401787E-03	+6.9844566E-02
+1.1432000E+02	+1.0879639E-02	+7.1765393E-02
+1.1438000E+02	+1.6875496E-02	+7.2435752E-02
+1.1444000E+02	+2.2929002E-02	+7.1809374E-02
+1.1450000E+02	+2.8739588E-02	+6.9910400E-02
+1.1456000E+02	+3.4021251E-02	+6.6831723E-02
+1.1462000E+02	+3.8517997E-02	+6.2729545E-02
+1.1468000E+02	+4.2017467E-02	+5.7814550E-02
+1.1474000E+02	+4.4362325E-02	+5.2340239E-02
+1.1480000E+02	+4.5458436E-02	+4.6588928E-02
+1.1486000E+02	+4.5279719E-02	+4.0856283E-02
+1.1492000E+02	+4.3869101E-02	+3.5435274E-02
+1.1498000E+02	+4.1335925E-02	+3.0600274E-02
+1.1504000E+02	+3.7849713E-02	+2.6592219E-02
+1.1510000E+02	+3.3630557E-02	+2.3605876E-02
+1.1516000E+02	+2.8937127E-02	+2.1779304E-02
+1.1522000E+02	+2.4052260E-02	+2.1186890E-02
+1.1528000E+02	+1.9267723E-02	+2.1835374E-02
+1.1534000E+02	+1.4868214E-02	+2.3663986E-02
+1.1540000E+02	+1.1116061E-02	+2.6547939E-02
+1.1546000E+02	+8.2370685E-03	+3.0305522E-02
+1.1552000E+02	+6.4084474E-03	+3.4708194E-02
+1.1558000E+02	+5.7495218E-03	+3.9493136E-02
+1.1564000E+02	+6.3153054E-03	+4.4377670E-02
+1.1570000E+02	+8.0940463E-03	+4.9074609E-02
+1.1576000E+02	+1.1007944E-02	+5.3307854E-02
+1.1582000E+02	+1.4917757E-02	+5.6827243E-02
+1.1588000E+02	+1.9630404E-02	+5.9422061E-02
+1.1594000E+02	+2.4909854E-02	+6.0932212E-02
+1.1600000E+02	+3.0489858E-02	+6.1256751E-02
+1.1606000E+02	+3.6088623E-02	+6.0359050E-02
+1.1612000E+02	+4.1423891E-02	+5.8268648E-02
+1.1618000E+02	+4.6228435E-02	+5.5079300E-02
+1.1624000E+02	+5.0264280E-02	+5.0943792E-02
+1.1630000E+02	+5.3335585E-02	+4.6065360E-02
+1.1636000E+02	+5.5298992E-02	+4.0686637E-02
+1.1642000E+02	+5.6071140E-02	+3.5076462E-02
+1.1648000E+02	+5.5633172E-02	+2.9515095E-02
+1.1654000E+02	+5.4031357E-02	+2.4279194E-02
+1.1660000E+02	+5.1374462E-02	+1.9626843E-02
+1.1666000E+02	+4.7827680E-02	+1.5783681E-02
+1.1672000E+02	+4.3603543E-02	+1.2930823E-02
+1.1678000E+02	+3.8950291E-02	+1.1195217E-02
+1.1684000E+02	+3.4138396E-02	+1.0642957E-02
+1.1690000E+02	+2.9445898E-02	+1.1275882E-02
+1.1696000E+02	+2.5143377E-02	+1.3031665E-02
+1.1702000E+02	+2.1479396E-02	+1.5787343E-02
+1.1708000E+02	+1.8667132E-02	+1.9366112E-02
+1.1714000E+02	+1.6872974E-02	+2.3546999E-02
+1.1720000E+02	+1.6207689E-02	+2.8076867E-02
+1.1726000E+02	+1.6720580E-02	+3.2684159E-02
+1.1732000E+02	+1.8396931E-02	+3.7093591E-02
+1.1738000E+02	+2.1158960E-02	+4.1040957E-02
+1.1744000E+02	+2.4870198E-02	+4.4287361E-02
+1.1750000E+02	+2.9342907E-02	+4.6632014E-02
+1.1756000E+02	+3.4348287E-02	+4.7923002E-02
+1.1762000E+02	+3.9628919E-02	+4.8065353E-02
+1.1768000E+02	+4.4912606E-02	+4.7026034E-02
+1.1774000E+02	+4.9927108E-02	+4.4835631E-02
+1.1780000E+02	+5.4414742E-02	+4.1586593E-02
+1.1786000E+02	+5.8146261E-02	+3.7428159E-02
+1.1792000E+02	+6.0933076E-02	+3.2558240E-02
+1.1798000E+02	+6.2637419E-02	+2.7212707E-02
+1.1804000E+02	+6.3179530E-02	+2.1652658E-02
+1.1810000E+02	+6.2542014E-02	+1.6150361E-02
+1.1816000E+02	+6.0770586E-02	+1.0974617E-02
+1.1822000E+02	+5.7971567E-02	+6.3763191E-03
+1.1828000E+02	+5.4306101E-02	+2.5750117E-03
+1.1834000E+02	+4.9981438E-02	-2.5284858E-04
+1.1840000E+02	+4.5239732E-02	-1.9833215E-03
+1.1846000E+02	+4.0345050E-02	-2.5515691E-03
+1.1852000E+02	+3.5569157E-02	-1.9552722E-03
+1.1858000E+02	+3.1176936E-02	-2.5469204E-04
+1.1864000E+02	+2.7412195E-02	+2.4306187E-03
+1.1870000E+02	+2.4484606E-02	+5.9282803E-03
+1.1876000E+02	+2.2558497E-02	+1.0022367E-02
+1.1882000E+02	+2.1744091E-02	+1.4465014E-02
+1.1888000E+02	+2.2091599E-02	+1.8989718E-02
+1.1894000E+02	+2.3588609E-02	+2.3325630E-02
+1.1900000E+02	+2.6160747E-02	+2.7212059E-02
+1.1906000E+02	+2.9675726E-02	+3.0412437E-02
+1.1912000E+02	+3.3950403E-02	+3.2726962E-02
+1.1918000E+02	+3.8760640E-02	+3.4003295E-02
+1.1924000E+02	+4.3853275E-02	+3.4144692E-02
+1.1930000E+02	+4.8959676E-02	+3.3115171E-02
+1.1936000E+02	+5.3810138E-02	+3.0941429E-02
+1.1942000E+02	+5.8148246E-02	+2.7711418E-02
+1.1948000E+02	+6.1744642E-02	+2.3569645E-02
+1.1954000E+02	+6.4409219E-02	+1.8709458E-02
+1.1960000E+02	+6.6001326E-02	+1.3362718E-02
+1.1966000E+02	+6.6437274E-02	+7.7874335E-03
+1.1972000E+02	+6.5694802E-02	+2.2539927E-03
+1.1978000E+02	+6.3814327E-02	-2.9692578E-03
+1.1984000E+02	+6.0896743E-02	-7.6303342E-03
+1.1990000E+02	+5.7098124E-02	-1.1507059E-02
+1.1996000E+02	+5.2621394E-02	-1.4418919E-02
+1.2002000E+02	+4.7705539E-02	-1.6236704E-02
+1.2008000E+02	+4.2612899E-02	-1.6889431E-02
+1.2014000E+02	+3.7615195E-02	-1.6368149E-02
+1.2020000E+02	+3.2979067E-02	-1.4726457E-02
+1.2026000E+02	+2.8951874E-02	-1.2077696E-02
+1.2032000E+02	+2.5748501E-02	-8.5889529E-03
+1.2038000E+02	+2.3539905E-02	-4.4722203E-03
+1.2044000E+02	+2.2443976E-02	+2.6856911E-05
+1.2050000E+02	+2.2519225E-02	+4.6420111E-03
+1.2056000E+02	+2.3761598E-02	+9.1004986E-03
+1.2062000E+02	+2.6104642E-02	+1.3137586E-02
+1.2068000E+02	+2.9422957E-02	+1.6510647E-02
+1.2074000E+02	+3.3538803E-02	+1.9012060E-02
+1.2080000E+02	+3.8231459E-02	+2.0480307E-02
+1.2086000E+02	+4.3248910E-02	+2.0808585E-02
+1.2092000E+02	+4.8321165E-02	+1.9950567E-02
+1.2098000E+02	+5.3174581E-02	+1.7922943E-02
+1.2104000E+02	+5.7546351E-02	+1.4804628E-02
+1.2110000E+02	+6.1198484E-02	+1.0732662E-02
+1.2116000E+02	+6.3930437E-02	+5.8950544E-03
+1.2122000E+02	+6.5589830E-02	+5.2088249E-04
+1.2128000E+02	+6.6080570E-02	-5.1317587E-03
+1.2134000E+02	+6.5368056E-02	-1.0789384E-02
+1.2140000E+02	+6.3481107E-02	-1.6177567E-02
+1.2146000E+02	+6.0510561E-02	-2.1035459E-02
+1.2152000E+02	+5.6604579E-02	-2.5129616E-02
+1.2158000E+02	+5.1960912E-02	-2.8266398E-02
+1.2164000E+02	+4.6816550E-02	-3.0302275E-02
+1.2170000E+02	+4.1435238E-02	-3.1151503E-02
+1.2176000E+02	+3.6093656E-02	-3.0790787E-02
+1.2182000E+02	+3.1066786E-02	-2.9260622E-02
+1.2188000E+02	+2.6613399E-02	-2.6663294E-02
+1.2194000E+02	+2.2962349E-02	-2.3157589E-02
+1.2200000E+02	+2.0300472E-02	-1.8950567E-02
+1.2206000E+02	+1.8762592E-02	-1.4286707E-02
+1.2212000E+02	+1.8424332E-02	-9.4351210E-03
+1.2218000E+02	+1.9297969E-02	-4.6754130E-03
+1.2224000E+02	+2.1331653E-02	-2.8296246E-04
+1.2230000E+02	+2.4411986E-02	+3.4855932E-03
+1.2236000E+02	+2.8369842E-02	+6.4059235E-03
+1.2242000E+02	+3.2989148E-02	+8.2978942E-03
+1.2248000E+02	+3.8018133E-02	+9.0351645E-03
+1.2254000E+02	+4.3182481E-02	+8.5519655E-03
+1.2260000E+02	+4.8199713E-02	+6.8467301E-03
+1.2266000E+02	+5.2794021E-02	+3.9823283E-03
+1.2272000E+02	+5.6710754E-02	+8.2949518E-05
+1.2278000E+02	+5.9729904E-02	-4.6722624E-03
+1.2284000E+02	+6.1677720E-02	-1.0058463E-02
+1.2290000E+02	+6.2435970E-02	-1.5816785E-02
+1.2296000E+02	+6.1948314E-02	-2.1667833E-02
+1.2302000E+02	+6.0223419E-02	-2.7326262E-02
+1.2308000E+02	+5.7334717E-02	-3.2515749E-02
+1.2314000E+02	+5.3416722E-02	-3.6983494E-02
+1.2320000E+02	+4.8658170E-02	-4.0513519E-02
+1.2326000E+02	+4.3292299E-02	-4.2938128E-02
+1.2332000E+02	+3.7584782E-02	-4.4146799E-02
+1.2338000E+02	+3.1819899E-02	-4.4092149E-02
+1.2344000E+02	+2.6285699E-02	-4.2792618E-02
+1.2350000E+02	+2.1259040E-02	-4.0331706E-02
+1.2356000E+02	+1.6990952E-02	-3.6853790E-02
+1.2362000E+02	+1.3693509E-02	-3.2556795E-02
+1.2368000E+02	+1.1528621E-02	-2.7682004E-02
+1.2374000E+02	+1.0599419E-02	-2.2501592E-02
+1.2380000E+02	+1.0944646E-02	-1.7304530E-02
+1.2386000E+02	+1.2536456E-02	-1.2381544E-02
+1.2392000E+02	+1.5281645E-02	-8.0099478E-03
+1.2398000E+02	+1.9026285E-02	-4.4391453E-03
+1.2404000E+02	+2.3563560E-02	-1.8775236E-03
+1.2410000E+02	+2.8644349E-02	-4.8145352E-04
+1.2416000E+02	+3.3990078E-02	-3.4696571E-04
+1.2422000E+02	+3.9307121E-02	-1.5045389E-03
+1.2428000E+02	+4.4302024E-02	-3.9172838E-03
+1.2434000E+02	+4.8696797E-02	-7.4826269E-03
+1.2440000E+02	+5.2243415E-02	-1.2037410E-02
+1.2446000E+02	+5.4736841E-02	-1.7366162E-02
+1.2452000E+02	+5.6025792E-02	-2.3212099E-02
+1.2458000E+02	+5.6020871E-02	-2.9290335E-02
+1.2464000E+02	+5.4699354E-02	-3.5302550E-02
+1.2470000E+02	+5.2106690E-02	-4.0952448E-02
+1.2476000E+02	+4.8354320E-02	-4.5961104E-02
+1.2482000E+02	+4.3614205E-02	-5.0081570E-02
+1.2488000E+02	+3.8110085E-02	-5.3111695E-02
+1.2494000E+02	+3.2106142E-02	-5.4904852E-02
+1.2500000E+02	+2.5893388E-02	-5.5377688E-02
+1.2506000E+02	+1.9774769E-02	-5.4514725E-02
+1.2512000E+02	+1.4049439E-02	-5.2369364E-02
+1.2518000E+02	+8.9974031E-03	-4.9061421E-02
+1.2524000E+02	+4.8647993E-03	-4.4771172E-02
+1.2530000E+02	+1.8511957E-03	-3.9730243E-02
+1.2536000E+02	+9.9006211E-05	-3.4209862E-02
+1.2542000E+02	-3.1406555E-04	-2.8506989E-02
+1.2548000E+02	+6.2071468E-04	-2.2929065E-02
+1.2554000E+02	+2.8424202E-03	-1.7778188E-02
+1.2560000E+02	+6.2233005E-03	-1.3335514E-02
+1.2566000E+02	+1.0575132E-02	-9.8466584E-03
+1.2572000E+02	+1.5658686E-02	-7.5088944E-03
+1.2578000E+02	+2.1195857E-02	-6.4607966E-03
+1.2584000E+02	+2.6883841E-02	-6.7748679E-03
+1.2590000E+02	+3.2410637E-02	-8.4535433E-03
+1.2596000E+02	+3.7471063E-02	-1.1428787E-02
+1.2602000E+02	+4.1782502E-02	-1.5565307E-02
+1.2608000E+02	+4.5099515E-02	-2.0667249E-02
+1.2614000E+02	+4.7226645E-02	-2.6488028E-02
+1.2620000E+02	+4.8028614E-02	-3.2742783E-02
+1.2626000E+02	+4.7437571E-02	-3.9122868E-02
+1.2632000E+02	+4.5456789E-02	-4.5311600E-02
+1.2638000E+02	+4.2160854E-02	-5.1000491E-02
+1.2644000E+02	+3.7692081E-02	-5.5905078E-02
+1.2650000E+02	+3.2253519E-02	-5.9779655E-02
+1.2656000E+02	+2.6098767E-02	-6.2429976E-02
+1.2662000E+02	+1.9519182E-02	-6.3723467E-02
+1.2668000E+02	+1.2829188E-02	-6.3596234E-02
+1.2674000E+02	+6.3501392E-03	-6.2056627E-02
+1.2680000E+02	+3.9404546E-04	-5.9185099E-02
+1.2686000E+02	-4.7525303E-03	-5.5130392E-02
+1.2692000E+02	-8.8432040E-03	-5.0102212E-02
+1.2698000E+02	-1.1684441E-02	-4.4360761E-02
+1.2704000E+02	-1.3145834E-02	-3.8203616E-02
+1.2710000E+02	-1.3166820E-02	-3.1950753E-02
+1.2716000E+02	-1.1760171E-02	-2.5928248E-02
+1.2722000E+02	-9.0116747E-03	-2.0451659E-02
+1.2728000E+02	-5.0759283E-03	-1.5809942E-02
+1.2734000E+02	-1.6886347E-04	-1.2250550E-02
+1.2740000E+02	+5.4430864E-03	-9.9666966E-03
+1.2746000E+02	+1.1456324E-02	-9.0872608E-03
+1.2752000E+02	+1.7545398E-02	-9.6699772E-03
+1.2758000E+02	+2.3379488E-02	-1.1698204E-02
+1.2764000E+02	+2.8639195E-02	-1.5081457E-02
+1.2770000E+02	+3.3032857E-02	-1.9659722E-02
+1.2776000E+02	+3.6311481E-02	-2.5211286E-02
+1.2782000E+02	+3.8281549E-02	-3.1463768E-02
+1.2788000E+02	+3.8815118E-02	-3.8107734E-02
+1.2794000E+02	+3.7856530E-02	-4.4812255E-02
+1.2800000E+02	+3.5425574E-02	-5.1241603E-02
+1.2806000E+02	+3.1616803E-02	-5.7072274E-02
+1.2812000E+02	+2.6594963E-02	-6.2009446E-02
+1.2817999E+02	+2.0587083E-02	-6.5801978E-02
+1.2824001E+02	+1.3870991E-02	-6.8255395E-02
+1.2830000E+02	+6.7617269E-03	-6.9241896E-02
+1.2836000E+02	-4.0437514E-04	-6.8707086E-02
+1.2842000E+02	-7.2867316E-03	-6.6673078E-02
+1.2848000E+02	-1.3557385E-02	-6.3237645E-02
+1.2853999E+02	-1.8918047E-02	-5.8569573E-02
+1.2860001E+02	-2.3114981E-02	-5.2900426E-02
+1.2866000E+02	-2.5952021E-02	-4.6513122E-02
+1.2872000E+02	-2.7300783E-02	-3.9727852E-02
+1.2878000E+02	-2.7107423E-02	-3.2886025E-02
+1.2884000E+02	-2.5395535E-02	-2.6333218E-02
+1.2889999E+02	-2.2265356E-02	-2.0401705E-02
+1.2896001E+02	-1.7888946E-02	-1.5393705E-02
+1.2902000E+02	-1.2501885E-02	-1.1566019E-02
+1.2908000E+02	-6.3915504E-03	-9.1169672E-03
+1.2914000E+02	+1.1705585E-04	-8.1761414E-03
+1.2920000E+02	+6.6775437E-03	-8.7976521E-03
+1.2925999E+02	+1.2939477E-02	-1.0957111E-02
+1.2932001E+02	+1.8565958E-02	-1.4552555E-02
+1.2938000E+02	+2.3250593E-02	-1.9409288E-02
+1.2944000E+02	+2.6732998E-02	-2.5288362E-02
+1.2950000E+02	+2.8812064E-02	-3.1898335E-02
+1.2956000E+02	+2.9356211E-02	-3.8909677E-02
+1.2962000E+02	+2.8310306E-02	-4.5971192E-02
+1.2967999E+02	+2.5698673E-02	-5.2727483E-02
+1.2974001E+02	+2.1624148E-02	-5.8836795E-02
+1.2980000E+02	+1.6263342E-02	-6.3988090E-02
+1.2986000E+02	+9.8578967E-03	-6.7916855E-02
+1.2992000E+02	+2.7027971E-03	-7.0418373E-02
+1.2998000E+02	-4.8684129E-03	-7.1358278E-02
+1.3003999E+02	-1.2499794E-02	-7.0679441E-02
+1.3010001E+02	-1.9831060E-02	-6.8405159E-02
+1.3016000E+02	-2.6515381E-02	-6.4638235E-02
+1.3022000E+02	-3.2236740E-02	-5.9556171E-02
+1.3028000E+02	-3.6725897E-02	-5.3402543E-02
+1.3034000E+02	-3.9773867E-02	-4.6475057E-02
+1.3039999E+02	-4.1242551E-02	-3.9111029E-02
+1.3046001E+02	-4.1071963E-02	-3.1670533E-02
+1.3052000E+02	-3.9283372E-02	-2.4518684E-02
+1.3058000E+02	-3.5978541E-02	-1.8007452E-02
+1.3064000E+02	-3.1334970E-02	-1.2458075E-02
+1.3070000E+02	-2.5597280E-02	-8.1450418E-03
+1.3075999E+02	-1.9065293E-02	-5.2822414E-03
+1.3082001E+02	-1.2079310E-02	-4.0121819E-03
+1.3088000E+02	-5.0033508E-03	-4.3986589E-03
+1.3094000E+02	+1.7928440E-03	-6.4233514E-03
+1.3100000E+02	+7.9521360E-03	-9.9864658E-03
+1.3106000E+02	+1.3147735E-02	-1.4911417E-02
+1.3112000E+02	+1.7099485E-02	-2.0953374E-02
+1.3117999E+02	+1.9587912E-02	-2.7811121E-02
+1.3124001E+02	+2.0465247E-02	-3.5141859E-02
+1.3130000E+02	+1.9662978E-02	-4.2578012E-02
+1.3136000E+02	+1.7195484E-02	-4.9745325E-02
+1.3142000E+02	+1.3159527E-02	-5.6281392E-02
+1.3148000E+02	+7.7298069E-03	-6.1853543E-02
+1.3153999E+02	+1.1504299E-03	-6.6175431E-02
+1.3160001E+02	-6.2768525E-03	-6.9021232E-02
+1.3166000E+02	-1.4207320E-02	-7.0237011E-02
+1.3172000E+02	-2.2270324E-02	-6.9748491E-02
+1.3178000E+02	-3.0087361E-02	-6.7564949E-02
+1.3184000E+02	-3.7290681E-02	-6.3778982E-02
+1.3189999E+02	-4.3541592E-02	-5.8562171E-02
+1.3196001E+02	-4.8546977E-02	-5.2156832E-02
+1.3202000E+02	-5.2073993E-02	-4.4864338E-02
+1.3208000E+02	-5.3961664E-02	-3.7030358E-02
+1.3214000E+02	-5.4128937E-02	-2.9028056E-02
+1.3220000E+02	-5.2578833E-02	-2.1239795E-02
+1.3225999E+02	-4.9398560E-02	-1.4038377E-02
+1.3232001E+02	-4.4755403E-02	-7.7687632E-03
+1.3238000E+02	-3.8888752E-02	-2.7310220E-03
+1.3244000E+02	-3.2098457E-02	+8.3442224E-04
+1.3250000E+02	-2.4730330E-02	+2.7587526E-03
+1.3256000E+02	-1.7159283E-02	+2.9531727E-03
+1.3262000E+02	-9.7710285E-03	+1.4134326E-03
+1.3267999E+02	-2.9432420E-03	-1.7797744E-03
+1.3274001E+02	+2.9729416E-03	-6.4645945E-03
+1.3280000E+02	+7.6701483E-03	-1.2405748E-02
+1.3286000E+02	+1.0899873E-02	-1.9305877E-02
+1.3292000E+02	+1.2484749E-02	-2.6819956E-02
+1.3298000E+02	+1.2327331E-02	-3.4572024E-02
+1.3303999E+02	+1.0415005E-02	-4.2173497E-02
+1.3310001E+02	+6.8207909E-03	-4.9242079E-02
+1.3316000E+02	+1.6998850E-03	-5.5420417E-02
+1.3322000E+02	-4.7176899E-03	-6.0393546E-02
+1.3328000E+02	-1.2138204E-02	-6.3904330E-02
+1.3334000E+02	-2.0218376E-02	-6.5766051E-02
+1.3339999E+02	-2.8582003E-02	-6.5871589E-02
+1.3346001E+02	-3.6838230E-02	-6.4198829E-02
+1.3352000E+02	-4.4600457E-02	-6.0811799E-02
+1.3358000E+02	-5.1505156E-02	-5.5857733E-02
+1.3364000E+02	-5.7229578E-02	-4.9559996E-02
+1.3370000E+02	-6.1507422E-02	-4.2207435E-02
+1.3375999E+02	-6.4141855E-02	-3.4140386E-02
+1.3382001E+02	-6.5015130E-02	-2.5734305E-02
+1.3388000E+02	-6.4094402E-02	-1.7381553E-02
+1.3394000E+02	-6.1433416E-02	-9.4724959E-03
+1.3400000E+02	-5.7170000E-02	-2.3765261E-03
+1.3406000E+02	-5.1519498E-02	+3.5756959E-03
+1.3412000E+02	-4.4764426E-02	+8.1084399E-03
+1.3417999E+02	-3.7240922E-02	+1.1014119E-02
+1.3424001E+02	-2.9322509E-02	+1.2163517E-02
+1.3430000E+02	-2.1402158E-02	+1.1511972E-02
+1.3436000E+02	-1.3873288E-02	+9.1017084E-03
+1.3442000E+02	-7.1108579E-03	+5.0597927E-03
+1.3448000E+02	-1.4532242E-03	-4.0788899E-04
+1.3453999E+02	+2.8141525E-03	-7.0265024E-03
+1.3460001E+02	+5.4724799E-03	-1.4465460E-02
+1.3466000E+02	+6.3802251E-03	-2.2354286E-02
+1.3472000E+02	+5.4799481E-03	-3.0300410E-02
+1.3478000E+02	+2.8010593E-03	-3.7908047E-02
+1.3484000E+02	-1.5414313E-03	-4.4797178E-02
+1.3489999E+02	-7.3525696E-03	-5.0621826E-02
+1.3496001E+02	-1.4366657E-02	-5.5086654E-02
+1.3502000E+02	-2.2260023E-02	-5.7961140E-02
+1.3508000E+02	-3.0666523E-02	-5.9090659E-02
+1.3514000E+02	-3.9195061E-02	-5.8403879E-02
+1.3520000E+02	-4.7448345E-02	-5.5916201E-02
+1.3525999E+02	-5.5041879E-02	-5.1729001E-02
+1.3532001E+02	-6.1622307E-02	-4.6024814E-02
+1.3538000E+02	-6.6884302E-02	-3.9058596E-02
+1.3544000E+02	-7.0585251E-02	-3.1145465E-02
+1.3550000E+02	-7.2556674E-02	-2.2645812E-02
+1.3556000E+02	-7.2712347E-02	-1.3947875E-02
+1.3562000E+02	-7.1052343E-02	-5.4494105E-03
+1.3567999E+02	-6.7662969E-02	+2.4613664E-03
+1.3574001E+02	-6.2712677E-02	+9.4242496E-03
+1.3580000E+02	-5.6443956E-02	+1.5124158E-02
+1.3586000E+02	-4.9161755E-02	+1.9306110E-02
+1.3592000E+02	-4.1218963E-02	+2.1787291E-02
+1.3598000E+02	-3.2999594E-02	+2.2465711E-02
+1.3603999E+02	-2.4900505E-02	+2.1324962E-02
+1.3610001E+02	-1.7312622E-02	+1.8434919E-02
+1.3616000E+02	-1.0602287E-02	+1.3948393E-02
+1.3622000E+02	-5.0940197E-03	+8.0937473E-03
+1.3628000E+02	-1.0551300E-03	+1.1640271E-03
+1.3634000E+02	+1.3168670E-03	-6.4969859E-03
+1.3639999E+02	+1.9035065E-03	-1.4511108E-02
+1.3646001E+02	+6.7089027E-04	-2.2483684E-02
+1.3652000E+02	-2.3288219E-03	-3.0022250E-02
+1.3658000E+02	-6.9599953E-03	-3.6755081E-02
+1.3664000E+02	-1.3010018E-02	-4.2348709E-02
+1.3670000E+02	-2.0199506E-02	-4.6523590E-02
+1.3675999E+02	-2.8195471E-02	-4.9067222E-02
+1.3682001E+02	-3.6627226E-02	-4.9844008E-02
+1.3688000E+02	-4.5103781E-02	-4.8801582E-02
+1.3694000E+02	-5.3232357E-02	-4.5973036E-02
+1.3700000E+02	-6.0636841E-02	-4.1475322E-02
+1.3706000E+02	-6.6975378E-02	-3.5503503E-02
+1.3712000E+02	-7.1956441E-02	-2.8321503E-02
+1.3717999E+02	-7.5352363E-02	-2.0249564E-02
+1.3724001E+02	-7.7009901E-02	-1.1649088E-02
+1.3730000E+02	-7.6857254E-02	-2.9056701E-03
+1.3736000E+02	-7.4907213E-02	+5.5891168E-03
+1.3742000E+02	-7.1256459E-02	+1.3455921E-02
+1.3748000E+02	-6.6080734E-02	+2.0345487E-02
+1.3753999E+02	-5.9626512E-02	+2.5954757E-02
+1.3760001E+02	-5.2199271E-02	+3.0041046E-02
+1.3766000E+02	-4.4149131E-02	+3.2433115E-02
+1.3772000E+02	-3.5854317E-02	+3.3039052E-02
+1.3778000E+02	-2.7703542E-02	+3.1850252E-02
+1.3784000E+02	-2.0077795E-02	+2.8941669E-02
+1.3789999E+02	-1.3332669E-02	+2.4468070E-02
+1.3796001E+02	-7.7818674E-03	+1.8656565E-02
+1.3802000E+02	-3.6827605E-03	+1.1795876E-02
+1.3808000E+02	-1.2245917E-03	+4.2227078E-03
+1.3814000E+02	-5.1989581E-04	-3.6940167E-03
+1.3820000E+02	-1.5995199E-03	-1.1570387E-02
+1.3825999E+02	-4.4114729E-03	-1.9025350E-02
+1.3832001E+02	-8.8235736E-03	-2.5698353E-02
+1.3838000E+02	-1.4629895E-02	-3.1265967E-02
+1.3844000E+02	-2.1560479E-02	-3.5456736E-02
+1.3850000E+02	-2.9294070E-02	-3.8063545E-02
+1.3856000E+02	-3.7473168E-02	-3.8952913E-02
+1.3862000E+02	-4.5720626E-02	-3.8070958E-02
+1.3867999E+02	-5.3657081E-02	-3.5445567E-02
+1.3874001E+02	-6.0918551E-02	-3.1184757E-02
+1.3880000E+02	-6.7173034E-02	-2.5471471E-02
+1.3886000E+02	-7.2135717E-02	-1.8554838E-02
+1.3892000E+02	-7.5581901E-02	-1.0738401E-02
+1.3898000E+02	-7.7357054E-02	-2.3660730E-03
+1.3903999E+02	-7.7383600E-02	+6.1939592E-03
+1.3910001E+02	-7.5664215E-02	+1.4566110E-02
+1.3916000E+02	-7.2281331E-02	+2.2384658E-02
+1.3922000E+02	-6.7393012E-02	+2.9310577E-02
+1.3928000E+02	-6.1225437E-02	+3.5046738E-02
+1.3934000E+02	-5.4062173E-02	+3.9351474E-02
+1.3939999E+02	-4.6231084E-02	+4.2049315E-02
+1.3946001E+02	-3.8089026E-02	+4.3038666E-02
+1.3952000E+02	-3.0005544E-02	+4.2296153E-02
+1.3958000E+02	-2.2345910E-02	+3.9877314E-02
+1.3964000E+02	-1.5454506E-02	+3.5913680E-02
+1.3970000E+02	-9.6392985E-03	+3.0606423E-02
+1.3975999E+02	-5.1579527E-03	+2.4216900E-02
+1.3982001E+02	-2.2063991E-03	+1.7054459E-02
+1.3988000E+02	-9.1025810E-04	+9.4621619E-03
+1.3994000E+02	-1.3194697E-03	+1.8010644E-03
+1.4000000E+02	-3.4064257E-03	-5.5662487E-03
+1.4006000E+02	-7.0676175E-03	-1.2292081E-02
+1.4012000E+02	-1.2128698E-02	-1.8059287E-02
+1.4017999E+02	-1.8352743E-02	-2.2595434E-02
+1.4024001E+02	-2.5451280E-02	-2.5684893E-02
+1.4030000E+02	-3.3097573E-02	-2.7178247E-02
+1.4036000E+02	-4.0941559E-02	-2.6998688E-02
+1.4042000E+02	-4.8625726E-02	-2.5145078E-02
+1.4048000E+02	-5.5801284E-02	-2.1691568E-02
+1.4053999E+02	-6.2143769E-02	-1.6783889E-02
+1.4060001E+02	-6.7367449E-02	-1.0632447E-02
+1.4066000E+02	-7.1238011E-02	-3.5023370E-03
+1.4072000E+02	-7.3582694E-02	+4.2985533E-03
+1.4078000E+02	-7.4297756E-02	+1.2433885E-02
+1.4084000E+02	-7.3352657E-02	+2.0553855E-02
+1.4089999E+02	-7.0791036E-02	+2.8311016E-02
+1.4096001E+02	-6.6728361E-02	+3.5375744E-02
+1.4102000E+02	-6.1346289E-02	+4.1450869E-02
+1.4108000E+02	-5.4884236E-02	+4.6284746E-02
+1.4114000E+02	-4.7628347E-02	+4.9682133E-02
+1.4120000E+02	-3.9898518E-02	+5.1512580E-02
+1.4125999E+02	-3.2033976E-02	+5.1715862E-02
+1.4132001E+02	-2.4377989E-02	+5.0304230E-02
+1.4138000E+02	-1.7262790E-02	+4.7361374E-02
+1.4144000E+02	-1.0994800E-02	+4.3038353E-02
+1.4150000E+02	-5.8412259E-03	+3.7546463E-02
+1.4156000E+02	-2.0185236E-03	+3.1147530E-02
+1.4162000E+02	+3.1691912E-04	+2.4142029E-02
+1.4167999E+02	+1.0752581E-03	+1.6855583E-02
+1.4174001E+02	+2.3681085E-04	+9.6244449E-03
+1.4180000E+02	-2.1475493E-03	+2.7806112E-03
+1.4186000E+02	-5.9590498E-03	-3.3627637E-03
+1.4192000E+02	-1.1016658E-02	-8.5250298E-03
+1.4198000E+02	-1.7085424E-02	-1.2470170E-02
+1.4203999E+02	-2.3887105E-02	-1.5016893E-02
+1.4210001E+02	-3.1112673E-02	-1.6046235E-02
+1.4216000E+02	-3.8435981E-02	-1.5506405E-02
+1.4222000E+02	-4.5528207E-02	-1.3414637E-02
+1.4228000E+02	-5.2072182E-02	-9.8560015E-03
+1.4234000E+02	-5.7776228E-02	-4.9793106E-03
+1.4239999E+02	-6.2386684E-02	+1.0098141E-03
+1.4246001E+02	-6.5698773E-02	+7.8581516E-03
+1.4252000E+02	-6.7565173E-02	+1.5276337E-02
+1.4258000E+02	-6.7902140E-02	+2.2951549E-02
+1.4264000E+02	-6.6692732E-02	+3.0561246E-02
+1.4270000E+02	-6.3987128E-02	+3.7787311E-02
+1.4275999E+02	-5.9900120E-02	+4.4329755E-02
+1.4282001E+02	-5.4605655E-02	+4.9919609E-02
+1.4288000E+02	-4.8329111E-02	+5.4330360E-02
+1.4294000E+02	-4.1337080E-02	+5.7387646E-02
+1.4300000E+02	-3.3925779E-02	+5.8976244E-02
+1.4306000E+02	-2.6407922E-02	+5.9044909E-02
+1.4312000E+02	-1.9099319E-02	+5.7608120E-02
+1.4317999E+02	-1.2305161E-02	+5.4745104E-02
+1.4324001E+02	-6.3069277E-03	+5.0596084E-02
+1.4330000E+02	-1.3505243E-03	+4.5355894E-02
+1.4336000E+02	+2.3642590E-03	+3.9265305E-02
+1.4342000E+02	+4.6918695E-03	+3.2600474E-02
+1.4348000E+02	+5.5471128E-03	+2.5660891E-02
+1.4353999E+02	+4.9083862E-03	+1.8756442E-02
+1.4360001E+02	+2.8183057E-03	+1.2194076E-02
+1.4366000E+02	-6.1845029E-04	+6.2647220E-03
+1.4372000E+02	-5.2399128E-03	+1.2309143E-03
+1.4378000E+02	-1.0834029E-02	-2.6842603E-03
+1.4384000E+02	-1.7147949E-02	-5.3064902E-03
+1.4389999E+02	-2.3898989E-02	-6.5174247E-03
+1.4396001E+02	-3.0786805E-02	-6.2594698E-03
+1.4402000E+02	-3.7506253E-02	-4.5379470E-03
+1.4408000E+02	-4.3760382E-02	-1.4205982E-03
+1.4414000E+02	-4.9273010E-02	+2.9655739E-03
+1.4420000E+02	-5.3800356E-02	+8.4399367E-03
+1.4425999E+02	-5.7141230E-02	+1.4776138E-02
+1.4432001E+02	-5.9145410E-02	+2.1711804E-02
+1.4438000E+02	-5.9719786E-02	+2.8959902E-02
+1.4444000E+02	-5.8832075E-02	+3.6220893E-02
+1.4450000E+02	-5.6512002E-02	+4.3195475E-02
+1.4456000E+02	-5.2849781E-02	+4.9597193E-02
+1.4462000E+02	-4.7992073E-02	+5.5164564E-02
+1.4467999E+02	-4.2135660E-02	+5.9671950E-02
+1.4474001E+02	-3.5519026E-02	+6.2938973E-02
+1.4480000E+02	-2.8412070E-02	+6.4838015E-02
+1.4486000E+02	-2.1104654E-02	+6.5299407E-02
+1.4492000E+02	-1.3894454E-02	+6.4314164E-02
+1.4498000E+02	-7.0743579E-03	+6.1934255E-02
+1.4503999E+02	-9.2009810E-04	+5.8270220E-02
+1.4510001E+02	+4.3212464E-03	+5.3486407E-02
+1.4516000E+02	+8.4414817E-03	+4.7793891E-02
+1.4522000E+02	+1.1280089E-02	+4.1441560E-02
+1.4528000E+02	+1.2730787E-02	+3.4705568E-02
+1.4534000E+02	+1.2745882E-02	+2.7877692E-02
+1.4539999E+02	+1.1338186E-02	+2.1253062E-02
+1.4546001E+02	+8.5803699E-03	+1.5117791E-02
+1.4552000E+02	+4.6018101E-03	+9.7370008E-03
+1.4558000E+02	-4.1689389E-04	+5.3437296E-03
+1.4564000E+02	-6.2515684E-03	+2.1292232E-03
+1.4570000E+02	-1.2643892E-02	+2.3497007E-04
+1.4575999E+02	-1.9312253E-02	-2.5317070E-04
+1.4582001E+02	-2.5963550E-02	+6.9148809E-04
+1.4588000E+02	-3.2305472E-02	+3.0353949E-03
+1.4594000E+02	-3.8058735E-02	+6.6861920E-03
+1.4600000E+02	-4.2968746E-02	+1.1496592E-02
+1.4606000E+02	-4.6816226E-02	+1.7270612E-02
+1.4612000E+02	-4.9426440E-02	+2.3771711E-02
+1.4617999E+02	-5.0676405E-02	+3.0732762E-02
+1.4624001E+02	-5.0500110E-02	+3.7867133E-02
+1.4630000E+02	-4.8891250E-02	+4.4880737E-02
+1.4636000E+02	-4.5903455E-02	+5.1484335E-02
+1.4642000E+02	-4.1648217E-02	+5.7405539E-02
+1.4648000E+02	-3.6290087E-02	+6.2400304E-02
+1.4653999E+02	-3.0039925E-02	+6.6263095E-02
+1.4660001E+02	-2.3146072E-02	+6.8835504E-02
+1.4666000E+02	-1.5884027E-02	+7.0012935E-02
+1.4672000E+02	-8.5449675E-03	+6.9748998E-02
+1.4678000E+02	-1.4235417E-03	+6.8057530E-02
+1.4684000E+02	+5.1944344E-03	+6.5012053E-02
+1.4689999E+02	+1.1043893E-02	+6.0742777E-02
+1.4696001E+02	+1.5891679E-02	+5.5431243E-02
+1.4702000E+02	+1.9546341E-02	+4.9302768E-02
+1.4708000E+02	+2.1866169E-02	+4.2617105E-02
+1.4714000E+02	+2.2765206E-02	+3.5657603E-02
+1.4720000E+02	+2.2216944E-02	+2.8719399E-02
+1.4725999E+02	+2.0255536E-02	+2.2097081E-02
+1.4732001E+02	+1.6974432E-02	+1.6072348E-02
+1.4738000E+02	+1.2522615E-02	+1.0902195E-02
+1.4744000E+02	+7.0984191E-03	+6.8081059E-03
+1.4750000E+02	+9.4133778E-04	+3.9667008E-03
+1.4756000E+02	-5.6779389E-03	+2.5022572E-03
+1.4762000E+02	-1.2468814E-02	+2.4813972E-03
+1.4767999E+02	-1.9132925E-02	+3.9101643E-03
+1.4774001E+02	-2.5376637E-02	+6.7336746E-03
+1.4780000E+02	-3.0923372E-02	+1.0838261E-02
+1.4786000E+02	-3.5525244E-02	+1.6056145E-02
+1.4792000E+02	-3.8973540E-02	+2.2172337E-02
+1.4798000E+02	-4.1107535E-02	+2.8933560E-02
+1.4803999E+02	-4.1821390E-02	+3.6058832E-02
+1.4810001E+02	-4.1068673E-02	+4.3251179E-02
+1.4816000E+02	-3.8864449E-02	+5.0210051E-02
+1.4822000E+02	-3.5284847E-02	+5.6643985E-02
+1.4828000E+02	-3.0463850E-02	+6.2282886E-02
+1.4834000E+02	-2.4588009E-02	+6.6889361E-02
+1.4839999E+02	-1.7888468E-02	+7.0268825E-02
+1.4846001E+02	-1.0631538E-02	+7.2277762E-02
+1.4852000E+02	-3.1074563E-03	+7.2829880E-02
+1.4858000E+02	+4.3816734E-03	+7.1899869E-02
+1.4864000E+02	+1.1534740E-02	+6.9524564E-02
+1.4870000E+02	+1.8064098E-02	+6.5801553E-02
+1.4875999E+02	+2.3707859E-02	+6.0885191E-02
+1.4882001E+02	+2.8240889E-02	+5.4980211E-02
+1.4888000E+02	+3.1484403E-02	+4.8333172E-02
+1.4894000E+02	+3.3313610E-02	+4.1222166E-02
+1.4900000E+02	+3.3662986E-02	+3.3945203E-02
+1.4906000E+02	+3.2529224E-02	+2.6807582E-02
+1.4912000E+02	+2.9971460E-02	+2.0109124E-02
+1.4917999E+02	+2.6108850E-02	+1.4131485E-02
+1.4924001E+02	+2.1115677E-02	+9.1262627E-03
+1.4930000E+02	+1.5214100E-02	+5.3042551E-03
+1.4936000E+02	+8.6647868E-03	+2.8266425E-03
+1.4942000E+02	+1.7560228E-03	+1.7980110E-03
+1.4948000E+02	-5.2084476E-03	+2.2618994E-03
+1.4953999E+02	-1.1922212E-02	+4.1988851E-03
+1.4960001E+02	-1.8089129E-02	+7.5273272E-03
+1.4966000E+02	-2.3435853E-02	+1.2106746E-02
+1.4972000E+02	-2.7723370E-02	+1.7743716E-02
+1.4978000E+02	-3.0757163E-02	+2.4199957E-02
+1.4984000E+02	-3.2395445E-02	+3.1202372E-02
+1.4989999E+02	-3.2555155E-02	+3.8454589E-02
+1.4996001E+02	-3.1215556E-02	+4.5649435E-02
+1.5002000E+02	-2.8419085E-02	+5.2481916E-02
+1.5008000E+02	-2.4269631E-02	+5.8662079E-02
+1.5014000E+02	-1.8928146E-02	+6.3927308E-02
+1.5020000E+02	-1.2605814E-02	+6.8053380E-02
+1.5025999E+02	-5.5552102E-03	+7.0863970E-02
+1.5032001E+02	+1.9404663E-03	+7.2238065E-02
+1.5038000E+02	+9.5792515E-03	+7.2115086E-02
+1.5044000E+02	+1.7053341E-02	+7.0497371E-02
+1.5050000E+02	+2.4061881E-02	+6.7450128E-02
+1.5056000E+02	+3.0323850E-02	+6.3098557E-02
+1.5062000E+02	+3.5589766E-02	+5.7622571E-02
+1.5067999E+02	+3.9652292E-02	+5.1249146E-02
+1.5074001E+02	+4.2354960E-02	+4.4242591E-02
+1.5080000E+02	+4.3598566E-02	+3.6893528E-02
+1.5086000E+02	+4.3345414E-02	+2.9506432E-02
+1.5092000E+02	+4.1620761E-02	+2.2386828E-02
+1.5098000E+02	+3.8511645E-02	+1.5828401E-02
+1.5103999E+02	+3.4163095E-02	+1.0100619E-02
+1.5110001E+02	+2.8771913E-02	+5.4374249E-03
+1.5116000E+02	+2.2578260E-02	+2.0274511E-03
+1.5122000E+02	+1.5855417E-02	+6.1755918E-06
+1.5128000E+02	+8.8982079E-03	-5.4965517E-04
+1.5134000E+02	+2.0105147E-03	+3.7489872E-04
+1.5139999E+02	-4.5075468E-03	+2.7325153E-03
+1.5146001E+02	-1.0372247E-02	+6.4157890E-03
+1.5152000E+02	-1.5328127E-02	+1.1261947E-02
+1.5158000E+02	-1.9158663E-02	+1.7059868E-02
+1.5164000E+02	-2.1695208E-02	+2.3559140E-02
+1.5170000E+02	-2.2823967E-02	+3.0480707E-02
+1.5175999E+02	-2.2490447E-02	+3.7528768E-02
+1.5182001E+02	-2.0701660E-02	+4.4403169E-02
+1.5188000E+02	-1.7525442E-02	+5.0812107E-02
+1.5194000E+02	-1.3087407E-02	+5.6484260E-02
+1.5200000E+02	-7.5654117E-03	+6.1180159E-02
+1.5206000E+02	-1.1817942E-03	+6.4701967E-02
+1.5212000E+02	+5.8059921E-03	+6.6901647E-02
+1.5217999E+02	+1.3116604E-02	+6.7686863E-02
+1.5224001E+02	+2.0456437E-02	+6.7024536E-02
+1.5230000E+02	+2.7532123E-02	+6.4941928E-02
+1.5236000E+02	+3.4062713E-02	+6.1525159E-02
+1.5242000E+02	+3.9791416E-02	+5.6915235E-02
+1.5248000E+02	+4.4496030E-02	+5.1301859E-02
+1.5253999E+02	+4.7998089E-02	+4.4915222E-02
+1.5260001E+02	+5.0170008E-02	+3.8016129E-02
+1.5266000E+02	+5.0940026E-02	+3.0884976E-02
+1.5272000E+02	+5.0294809E-02	+2.3809895E-02
+1.5278000E+02	+4.8279598E-02	+1.7074805E-02
+1.5284000E+02	+4.4995908E-02	+1.0947595E-02
+1.5289999E+02	+4.0596899E-02	+5.6691584E-03
+1.5296001E+02	+3.5280634E-02	+1.4436088E-03
+1.5302000E+02	+2.9281540E-02	-1.5698858E-03
+1.5308000E+02	+2.2860382E-02	-3.2633233E-03
+1.5314000E+02	+1.6293311E-02	-3.5839125E-03
+1.5320000E+02	+9.8603182E-03	-2.5357895E-03
+1.5325999E+02	+3.8336564E-03	-1.7936090E-04
+1.5332001E+02	-1.5333054E-03	+3.3716797E-03
+1.5338000E+02	-6.0163410E-03	+7.9555018E-03
+1.5344000E+02	-9.4293179E-03	+1.3369236E-02
+1.5350000E+02	-1.1631478E-02	+1.9377671E-02
+1.5356000E+02	-1.2532777E-02	+2.5723225E-02
+1.5362000E+02	-1.2097135E-02	+3.2136664E-02
+1.5367999E+02	-1.0343278E-02	+3.8348299E-02
+1.5374001E+02	-7.3435078E-03	+4.4098936E-02
+1.5380000E+02	-3.2202012E-03	+4.9150381E-02
+1.5386000E+02	+1.8597101E-03	+5.3294908E-02
+1.5392000E+02	+7.6920004E-03	+5.6363411E-02
+1.5398000E+02	+1.4043820E-02	+5.8231819E-02
+1.5403999E+02	+2.0663457E-02	+5.8825694E-02
+1.5410001E+02	+2.7290709E-02	+5.8122650E-02
+1.5416000E+02	+3.3667598E-02	+5.6152731E-02
+1.5422000E+02	+3.9548591E-02	+5.2996565E-02
+1.5428000E+02	+4.4710491E-02	+4.8781570E-02
+1.5434000E+02	+4.8961073E-02	+4.3676265E-02
+1.5439999E+02	+5.2146517E-02	+3.7883054E-02
+1.5446001E+02	+5.4157048E-02	+3.1629708E-02
+1.5452000E+02	+5.4930873E-02	+2.5159914E-02
+1.5458000E+02	+5.4456003E-02	+1.8723400E-02
+1.5464000E+02	+5.2770205E-02	+1.2565872E-02
+1.5470000E+02	+4.9958833E-02	+6.9193025E-03
+1.5475999E+02	+4.6150882E-02	+1.9928748E-03
+1.5482001E+02	+4.1513346E-02	-2.0350267E-03
+1.5488000E+02	+3.6244109E-02	-5.0234902E-03
+1.5494000E+02	+3.0563775E-02	-6.8741767E-03
+1.5500000E+02	+2.4706678E-02	-7.5346637E-03
+1.5506000E+02	+1.8911494E-02	-6.9999350E-03
+1.5512000E+02	+1.3411815E-02	-5.3119767E-03
+1.5517999E+02	+8.4270807E-03	-2.5575520E-03
+1.5524001E+02	+4.1541602E-03	+1.1357581E-03
+1.5530000E+02	+7.5996795E-04	+5.6050355E-03
+1.5536000E+02	-1.6246606E-03	+1.0658808E-02
+1.5542000E+02	-2.9096070E-03	+1.6084839E-02
+1.5548000E+02	-3.0484372E-03	+2.1658603E-02
+1.5553999E+02	-2.0397068E-03	+2.7152130E-02
+1.5560001E+02	+7.3600037E-05	+3.2342821E-02
+1.5566000E+02	+3.2062079E-03	+3.7021965E-02
+1.5572000E+02	+7.2343419E-03	+4.1002579E-02
+1.5578000E+02	+1.2000940E-02	+4.4126321E-02
+1.5584000E+02	+1.7322011E-02	+4.6269204E-02
+1.5589999E+02	+2.2994043E-02	+4.7345933E-02
+1.5596001E+02	+2.8801853E-02	+4.7312729E-02
+1.5602000E+02	+3.4526981E-02	+4.6168488E-02
+1.5608000E+02	+3.9955970E-02	+4.3954402E-02
+1.5614000E+02	+4.4888385E-02	+4.0751953E-02
+1.5620000E+02	+4.9144231E-02	+3.6679365E-02
+1.5625999E+02	+5.2570552E-02	+3.1886850E-02
+1.5632001E+02	+5.5046901E-02	+2.6550604E-02
+1.5638000E+02	+5.6489535E-02	+2.0865964E-02
+1.5644000E+02	+5.6854241E-02	+1.5039915E-02
+1.5650000E+02	+5.6137614E-02	+9.2832576E-03
+1.5656000E+02	+5.4376844E-02	+3.8027039E-03
+1.5662000E+02	+5.1648017E-02	-1.2067894E-03
+1.5667999E+02	+4.8062984E-02	-5.5691805E-03
+1.5674001E+02	+4.3764915E-02	-9.1337431E-03
+1.5680000E+02	+3.8922805E-02	-1.1780486E-02
+1.5686000E+02	+3.3725042E-02	-1.3424397E-02
+1.5692000E+02	+2.8372299E-02	-1.4018383E-02
+1.5698000E+02	+2.3070080E-02	-1.3554798E-02
+1.5703999E+02	+1.8021075E-02	-1.2065534E-02
+1.5710001E+02	+1.3417706E-02	-9.6206591E-03
+1.5716000E+02	+9.4350707E-03	-6.3256747E-03
+1.5722000E+02	+6.2245480E-03	-2.3175105E-03
+1.5728000E+02	+3.9082817E-03	+2.2406271E-03
+1.5734000E+02	+2.5747679E-03	+7.1653305E-03
+1.5739999E+02	+2.2756467E-03	+1.2259786E-02
+1.5746001E+02	+3.0238749E-03	+1.7321050E-02
+1.5752000E+02	+4.7932570E-03	+2.2147531E-02
+1.5758000E+02	+7.5194594E-03	+2.6546413E-02
+1.5764000E+02	+1.1102346E-02	+3.0340783E-02
+1.5770000E+02	+1.5409693E-02	+3.3376142E-02
+1.5775999E+02	+2.0281984E-02	+3.5526160E-02
+1.5782001E+02	+2.5538297E-02	+3.6697365E-02
+1.5788000E+02	+3.0982967E-02	+3.6832694E-02
+1.5794000E+02	+3.6412720E-02	+3.5913669E-02
+1.5800000E+02	+4.1624263E-02	+3.3961218E-02
+1.5806000E+02	+4.6421777E-02	+3.1035036E-02
+1.5812000E+02	+5.0624240E-02	+2.7231505E-02
+1.5817999E+02	+5.4072239E-02	+2.2680284E-02
+1.5824001E+02	+5.6633987E-02	+1.7539622E-02
+1.5830000E+02	+5.8210399E-02	+1.1990599E-02
+1.5836000E+02	+5.8738984E-02	+6.2304852E-03
+1.5842000E+02	+5.8196381E-02	+4.6544077E-04
+1.5848000E+02	+5.6599502E-02	-5.0971634E-03
+1.5853999E+02	+5.4005124E-02	-1.0256535E-02
+1.5860001E+02	+5.0508052E-02	-1.4826070E-02
+1.5866000E+02	+4.6237808E-02	-1.8640503E-02
+1.5872000E+02	+4.1353948E-02	-2.1562306E-02
+1.5878000E+02	+3.6040287E-02	-2.3487117E-02
+1.5884000E+02	+3.0498067E-02	-2.4347959E-02
+1.5889999E+02	+2.4938455E-02	-2.4118088E-02
+1.5896001E+02	+1.9574566E-02	-2.2812348E-02
+1.5902000E+02	+1.4613316E-02	-2.0486929E-02
+1.5908000E+02	+1.0247450E-02	-1.7237572E-02
+1.5914000E+02	+6.6480218E-03	-1.3196238E-02
+1.5920000E+02	+3.9576241E-03	-8.5263187E-03
+1.5925999E+02	+2.2846386E-03	-3.4166195E-03
+1.5932001E+02	+1.6987420E-03	+1.9257125E-03
+1.5938000E+02	+2.2278833E-03	+7.2830622E-03
+1.5944000E+02	+3.8568238E-03	+1.2435695E-02
+1.5950000E+02	+6.5273545E-03	+1.7170286E-02
+1.5956000E+02	+1.0140193E-02	+2.1288292E-02
+1.5962000E+02	+1.4558487E-02	+2.4613833E-02
+1.5967999E+02	+1.9612877E-02	+2.7000764E-02
+1.5974001E+02	+2.5107831E-02	+2.8338663E-02
+1.5980000E+02	+3.0829107E-02	+2.8557470E-02
+1.5986000E+02	+3.6552031E-02	+2.7630577E-02
+1.5992000E+02	+4.2050276E-02	+2.5576238E-02
+1.5998000E+02	+4.7104765E-02	+2.2457194E-02
+1.6003999E+02	+5.1512413E-02	+1.8378578E-02
+1.6010001E+02	+5.5094287E-02	+1.3484028E-02
+1.6016000E+02	+5.7702869E-02	+7.9503218E-03
+1.6022000E+02	+5.9228200E-02	+1.9805664E-03
+1.6028000E+02	+5.9602458E-02	-4.2036879E-03
+1.6034000E+02	+5.8802996E-02	-1.0371151E-02
+1.6039999E+02	+5.6853537E-02	-1.6289970E-02
+1.6046001E+02	+5.3823497E-02	-2.1736976E-02
+1.6052000E+02	+4.9825516E-02	-2.6506685E-02
+1.6058000E+02	+4.5011170E-02	-3.0419620E-02
+1.6064000E+02	+3.9565124E-02	-3.3329673E-02
+1.6070000E+02	+3.3697885E-02	-3.5130128E-02
+1.6075999E+02	+2.7637433E-02	-3.5758160E-02
+1.6082001E+02	+2.1620158E-02	-3.5197545E-02
+1.6088000E+02	+1.5881363E-02	-3.3479553E-02
+1.6094000E+02	+1.0645753E-02	-3.0681806E-02
+1.6100000E+02	+6.1183367E-03	-2.6925379E-02
+1.6106000E+02	+2.4760987E-03	-2.2369990E-02
+1.6112000E+02	-1.3928436E-04	-1.7207682E-02
+1.6117999E+02	-1.6272478E-03	-1.1655120E-02
+1.6124001E+02	-1.9324336E-03	-5.9448634E-03
+1.6130000E+02	-1.0471124E-03	-3.1597278E-04
+1.6136000E+02	+9.8851172E-04	+4.9956790E-03
+1.6142000E+02	+4.0878667E-03	+9.7669791E-03
+1.6148000E+02	+8.1215166E-03	+1.3796638E-02
+1.6153999E+02	+1.2922398E-02	+1.6913362E-02
+1.6160001E+02	+1.8292641E-02	+1.8982805E-02
+1.6166000E+02	+2.4011634E-02	+1.9912992E-02
+1.6172000E+02	+2.9844994E-02	+1.9658009E-02
+1.6178000E+02	+3.5554163E-02	+1.8219784E-02
+1.6184000E+02	+4.0906087E-02	+1.5647916E-02
+1.6189999E+02	+4.5682669E-02	+1.2037506E-02
+1.6196001E+02	+4.9689624E-02	+7.5251772E-03
+1.6202000E+02	+5.2764278E-02	+2.2833487E-03
+1.6208000E+02	+5.4782033E-02	-3.4869178E-03
+1.6214000E+02	+5.5661283E-02	-9.5642209E-03
+1.6220000E+02	+5.5366497E-02	-1.5715927E-02
+1.6225999E+02	+5.3909395E-02	-2.1707682E-02
+1.6232001E+02	+5.1348187E-02	-2.7312947E-02
+1.6238000E+02	+4.7784917E-02	-3.2322127E-02
+1.6244000E+02	+4.3360949E-02	-3.6550988E-02
+1.6250000E+02	+3.8250983E-02	-3.9847888E-02
+1.6256000E+02	+3.2655656E-02	-4.2099673E-02
+1.6262000E+02	+2.6793176E-02	-4.3235935E-02
+1.6267999E+02	+2.0890428E-02	-4.3231372E-02
+1.6274001E+02	+1.5173483E-02	-4.2106491E-02
+1.6280000E+02	+9.8586818E-03	-3.9926171E-02
+1.6286000E+02	+5.1439889E-03	-3.6796566E-02
+1.6292000E+02	+1.2010874E-03	-3.2860387E-02
+1.6298000E+02	-1.8310633E-03	-2.8290613E-02
+1.6303999E+02	-3.8514626E-03	-2.3283202E-02
+1.6310001E+02	-4.8005315E-03	-1.8048866E-02
+1.6316000E+02	-4.6620029E-03	-1.2804406E-02
+1.6322000E+02	-3.4628438E-03	-7.7639436E-03
+1.6328000E+02	-1.2715240E-03	-3.1304015E-03
+1.6334000E+02	+1.8054140E-03	+9.1241417E-04
+1.6339999E+02	+5.6282356E-03	+4.2068111E-03
+1.6346001E+02	+1.0030166E-02	+6.6270153E-03
+1.6352000E+02	+1.4824505E-02	+8.0835670E-03
+1.6358000E+02	+1.9812398E-02	+8.5261697E-03
+1.6364000E+02	+2.4790930E-02	+7.9448903E-03
+1.6370000E+02	+2.9561190E-02	+6.3697272E-03
+1.6375999E+02	+3.3936005E-02	+3.8685706E-03
+1.6382001E+02	+3.7746999E-02	+5.4371526E-04
+1.6388000E+02	+4.0850740E-02	-3.4729172E-03
+1.6394000E+02	+4.3133721E-02	-8.0256043E-03
+1.6400000E+02	+4.4516027E-02	-1.2941436E-02
+1.6406000E+02	+4.4953585E-02	-1.8037414E-02
+1.6412000E+02	+4.4438928E-02	-2.3127759E-02
+1.6417999E+02	+4.3000534E-02	-2.8031036E-02
+1.6424001E+02	+4.0700637E-02	-3.2577101E-02
+1.6430000E+02	+3.7632130E-02	-3.6612965E-02
+1.6436000E+02	+3.3913974E-02	-4.0008340E-02
+1.6442000E+02	+2.9686082E-02	-4.2659681E-02
+1.6448000E+02	+2.5103409E-02	-4.4493295E-02
+1.6453999E+02	+2.0329813E-02	-4.5467108E-02
+1.6460001E+02	+1.5531615E-02	-4.5571260E-02
+1.6466000E+02	+1.0871649E-02	-4.4827323E-02
+1.6472000E+02	+6.5032761E-03	-4.3286577E-02
+1.6478000E+02	+2.5652479E-03	-4.1027110E-02
+1.6484000E+02	-8.2268071E-04	-3.8150102E-02
+1.6489999E+02	-3.5633238E-03	-3.4775469E-02
+1.6496001E+02	-5.5847717E-03	-3.1036977E-02
+1.6502000E+02	-6.8418761E-03	-2.7077144E-02
+1.6508000E+02	-7.3168264E-03	-2.3042006E-02
+1.6514000E+02	-7.0188330E-03	-1.9076066E-02
+1.6520000E+02	-5.9827780E-03	-1.5317495E-02
+1.6525999E+02	-4.2671398E-03	-1.1893812E-02
+1.6532001E+02	-1.9512335E-03	-8.9180935E-03
+1.6538000E+02	+8.6809922E-04	-6.4858696E-03
+1.6544000E+02	+4.0801703E-03	-4.6727150E-03
+1.6550000E+02	+7.5643980E-03	-3.5325822E-03
+1.6556000E+02	+1.1194338E-02	-3.0968795E-03
+1.6562000E+02	+1.4841706E-02	-3.3742571E-03
+1.6567999E+02	+1.8380258E-02	-4.3510664E-03
+1.6574001E+02	+2.1689419E-02	-5.9924205E-03
+1.6580000E+02	+2.4657616E-02	-8.2437927E-03
+1.6586000E+02	+2.7185202E-02	-1.1033062E-02
+1.6592000E+02	+2.9186970E-02	-1.4272941E-02
+1.6598000E+02	+3.0594224E-02	-1.7863682E-02
+1.6603999E+02	+3.1356368E-02	-2.1696007E-02
+1.6610001E+02	+3.1441994E-02	-2.5654197E-02
+1.6616000E+02	+3.0839579E-02	-2.9619226E-02
+1.6622000E+02	+2.9557621E-02	-3.3471964E-02
+1.6628000E+02	+2.7624415E-02	-3.7096318E-02
+1.6634000E+02	+2.5087308E-02	-4.0382311E-02
+1.6639999E+02	+2.2011589E-02	-4.3229029E-02
+1.6646001E+02	+1.8478924E-02	-4.5547411E-02
+1.6652000E+02	+1.4585389E-02	-4.7262833E-02
+1.6658000E+02	+1.0439148E-02	-4.8317332E-02
+1.6664000E+02	+6.1577479E-03	-4.8671652E-02
+1.6670000E+02	+1.8651125E-03	-4.8306771E-02
+1.6675999E+02	-2.3118567E-03	-4.7225039E-02
+1.6682001E+02	-6.2467544E-03	-4.5450822E-02
+1.6688000E+02	-9.8174466E-03	-4.3030553E-02
+1.6694000E+02	-1.2909873E-02	-4.0032174E-02
+1.6700000E+02	-1.5421834E-02	-3.6543924E-02
+1.6706000E+02	-1.7266676E-02	-3.2672454E-02
+1.6712000E+02	-1.8376671E-02	-2.8540257E-02
+1.6717999E+02	-1.8706083E-02	-2.4282426E-02
+1.6724001E+02	-1.8233631E-02	-2.0042814E-02
+1.6730000E+02	-1.6964395E-02	-1.5969636E-02
+1.6736000E+02	-1.4930805E-02	-1.2210686E-02
+1.6742000E+02	-1.2192868E-02	-8.9082336E-03
+1.6748000E+02	-8.8374149E-03	-6.1937836E-03
+1.6753999E+02	-4.9762623E-03	-4.1829511E-03
+1.6760001E+02	-7.4343715E-04	-2.9705507E-03
+1.6766000E+02	+3.7086406E-03	-2.6261925E-03
+1.6772000E+02	+8.2138656E-03	-3.1905468E-03
+1.6778000E+02	+1.2597954E-02	-4.6724989E-03
+1.6784000E+02	+1.6684579E-02	-7.0473556E-03
+1.6789999E+02	+2.0301923E-02	-1.0256256E-02
+1.6796001E+02	+2.3289405E-02	-1.4206884E-02
+1.6802000E+02	+2.5504332E-02	-1.8775534E-02
+1.6808000E+02	+2.6828177E-02	-2.3810534E-02
+1.6814000E+02	+2.7172210E-02	-2.9136969E-02
+1.6820000E+02	+2.6482197E-02	-3.4562524E-02
+1.6825999E+02	+2.4741936E-02	-3.9884392E-02
+1.6832001E+02	+2.1975443E-02	-4.4896860E-02
+1.6838000E+02	+1.8247500E-02	-4.9399391E-02
+1.6844000E+02	+1.3662648E-02	-5.3204812E-02
+1.6850000E+02	+8.3624776E-03	-5.6147382E-02
+1.6856000E+02	+2.5211708E-03	-5.8090210E-02
+1.6862000E+02	-3.6603170E-03	-5.8931824E-02
+1.6867999E+02	-9.9615566E-03	-5.8611527E-02
+1.6874001E+02	-1.6151020E-02	-5.7113208E-02
+1.6880000E+02	-2.1995166E-02	-5.4467451E-02
+1.6886000E+02	-2.7267976E-02	-5.0751746E-02
+1.6892000E+02	-3.1760510E-02	-4.6088725E-02
+1.6898000E+02	-3.5290085E-02	-4.0642414E-02
+1.6903999E+02	-3.7708465E-02	-3.4612637E-02
+1.6910001E+02	-3.8909126E-02	-2.8227700E-02
+1.6916000E+02	-3.8832713E-02	-2.1735650E-02
+1.6922000E+02	-3.7470754E-02	-1.5394406E-02
+1.6928000E+02	-3.4867298E-02	-9.4613060E-03
+1.6934000E+02	-3.1118296E-02	-4.1822009E-03
+1.6939999E+02	-2.6368819E-02	+2.1904631E-04
+1.6946001E+02	-2.0808024E-02	+3.5504985E-03
+1.6952000E+02	-1.4662127E-02	+5.6608780E-03
+1.6958000E+02	-8.1856279E-03	+6.4468076E-03
+1.6964000E+02	-1.6511176E-03	+5.8580898E-03
+1.6970000E+02	+4.6619056E-03	+3.9008227E-03
+1.6975999E+02	+1.0478762E-02	+6.3815498E-04
+1.6982001E+02	+1.5541306E-02	-3.8114379E-03
+1.6988000E+02	+1.9619137E-02	-9.2782918E-03
+1.6994000E+02	+2.2519812E-02	-1.5547984E-02
+1.7000000E+02	+2.4097575E-02	-2.2369822E-02
