+1.1000000E+02	-3.9262393E-01	+8.5352051E-01
+1.1006000E+02	-2.6404676E-01	+9.0196878E-01
+1.1012000E+02	-1.2985471E-01	+9.3113112E-01
+1.1018000E+02	+7.0746839E-03	+9.4042271E-01
+1.1024000E+02	+1.4381571E-01	+9.2968518E-01
+1.1030000E+02	+2.7745694E-01	+8.9918900E-01
+1.1036000E+02	+4.0516409E-01	+8.4962398E-01
+1.1042000E+02	+5.2423990E-01	+7.8208387E-01
+1.1048000E+02	+6.3218081E-01	+6.9804013E-01
+1.1054000E+02	+7.2672999E-01	+5.9930855E-01
+1.1060000E+02	+8.0592358E-01	+4.8800865E-01
+1.1066000E+02	+8.6813092E-01	+3.6651677E-01
+1.1072000E+02	+9.1208702E-01	+2.3741406E-01
+1.1078000E+02	+9.3691742E-01	+1.0343044E-01
+1.1084000E+02	+9.4215381E-01	-3.2614145E-02
+1.1090000E+02	+9.2774159E-01	-1.6786997E-01
+1.1096000E+02	+8.9403772E-01	-2.9951766E-01
+1.1102000E+02	+8.4180099E-01	-4.2482761E-01
+1.1108000E+02	+7.7217233E-01	-5.4121614E-01
+1.1114000E+02	+6.8664849E-01	-6.4629883E-01
+1.1120000E+02	+5.8704847E-01	-7.3793876E-01
+1.1126000E+02	+4.7547194E-01	-8.1428891E-01
+1.1132000E+02	+3.5425541E-01	-8.7382817E-01
+1.1138000E+02	+2.2591960E-01	-9.1539031E-01
+1.1144000E+02	+9.3116887E-02	-9.3818516E-01
+1.1150000E+02	-4.1423239E-02	-9.4181126E-01
+1.1156000E+02	-1.7495260E-01	-9.2626137E-01
+1.1162000E+02	-3.0476013E-01	-8.9191866E-01
+1.1168000E+02	-4.2822513E-01	-8.3954614E-01
+1.1174000E+02	-5.4287267E-01	-7.7026719E-01
+1.1180000E+02	-6.4642018E-01	-6.8553996E-01
+1.1186000E+02	-7.3682201E-01	-5.8712512E-01
+1.1192000E+02	-8.1230921E-01	-4.7704750E-01
+1.1198000E+02	-8.7142241E-01	-3.5755366E-01
+1.1204000E+02	-9.1303730E-01	-2.3106471E-01
+1.1210000E+02	-9.3638527E-01	-1.0012682E-01
+1.1216000E+02	-9.4106483E-01	+3.2640498E-02
+1.1222000E+02	-9.2704666E-01	+1.6459611E-01
+1.1228000E+02	-8.9467120E-01	+2.9313058E-01
+1.1234000E+02	-8.4463841E-01	+4.1571671E-01
+1.1240000E+02	-7.7799189E-01	+5.2995783E-01
+1.1246000E+02	-6.9609505E-01	+6.3363373E-01
+1.1252000E+02	-6.0060221E-01	+7.2474349E-01
+1.1258000E+02	-4.9342570E-01	+8.0154085E-01
+1.1264000E+02	-3.7669379E-01	+8.6256820E-01
+1.1270000E+02	-2.5271085E-01	+9.0668112E-01
+1.1276000E+02	-1.2391106E-01	+9.3306869E-01
+1.1282000E+02	+7.1901069E-03	+9.4126701E-01
+1.1288000E+02	+1.3804449E-01	+9.3116581E-01
+1.1294000E+02	+2.6611939E-01	+9.0300840E-01
+1.1300000E+02	+3.8894659E-01	+8.5738397E-01
+1.1306000E+02	+5.0416988E-01	+7.9521555E-01
+1.1312000E+02	+6.0958761E-01	+7.1773994E-01
+1.1318000E+02	+7.0319533E-01	+6.2648231E-01
+1.1324000E+02	+7.8322178E-01	+5.2322555E-01
+1.1330000E+02	+8.4816211E-01	+4.0997562E-01
+1.1336000E+02	+8.9680535E-01	+2.8892162E-01
+1.1342000E+02	+9.2825478E-01	+1.6239396E-01
+1.1348000E+02	+9.4194466E-01	+3.2819241E-02
+1.1354000E+02	+9.3764877E-01	-9.7326145E-02
+1.1360000E+02	+9.1548359E-01	-2.2556308E-01
+1.1366000E+02	+8.7590444E-01	-3.4945679E-01
+1.1372000E+02	+8.1969541E-01	-4.6666270E-01
+1.1378000E+02	+7.4795365E-01	-5.7496935E-01
+1.1384000E+02	+6.6206563E-01	-6.7234272E-01
+1.1390000E+02	+5.6368273E-01	-7.5695962E-01
+1.1396000E+02	+4.5468569E-01	-8.2724524E-01
+1.1402000E+02	+3.3715177E-01	-8.8189834E-01
+1.1408000E+02	+2.1331091E-01	-9.1991824E-01
+1.1414000E+02	+8.5504942E-02	-9.4062006E-01
+1.1420000E+02	-4.3856230E-02	-9.4364649E-01
+1.1426000E+02	-1.7234078E-01	-9.2897403E-01
+1.1432000E+02	-2.9754263E-01	-8.9691150E-01
+1.1438000E+02	-4.1712353E-01	-8.4809297E-01
+1.1444000E+02	-5.2886003E-01	-7.8346378E-01
+1.1450000E+02	-6.3068187E-01	-7.0426232E-01
+1.1456000E+02	-7.2071189E-01	-6.1199445E-01
+1.1462000E+02	-7.9729843E-01	-5.0840527E-01
+1.1468000E+02	-8.5904753E-01	-3.9544344E-01
+1.1474000E+02	-9.0484601E-01	-2.7522525E-01
+1.1480000E+02	-9.3388081E-01	-1.4999399E-01
+1.1486000E+02	-9.4565320E-01	-2.2077039E-02
+1.1492000E+02	-9.3998593E-01	+1.0615781E-01
+1.1498000E+02	-9.1702449E-01	+2.3234642E-01
+1.1504000E+02	-8.7723321E-01	+3.5417157E-01
+1.1510000E+02	-8.2138407E-01	+4.6940637E-01
+1.1516000E+02	-7.5054049E-01	+5.7595491E-01
+1.1522000E+02	-6.6603744E-01	+6.7188859E-01
+1.1528000E+02	-5.6945324E-01	+7.5548226E-01
+1.1534000E+02	-4.6258047E-01	+8.2524341E-01
+1.1540000E+02	-3.4739092E-01	+8.7993854E-01
+1.1546000E+02	-2.2599885E-01	+9.1861391E-01
+1.1552000E+02	-1.0062171E-01	+9.4061065E-01
+1.1558000E+02	+2.6460961E-02	+9.4557488E-01
+1.1564000E+02	+1.5294899E-01	+9.3346280E-01
+1.1570000E+02	+2.7656385E-01	+9.0453821E-01
+1.1576000E+02	+3.9508909E-01	+8.5936648E-01
+1.1582000E+02	+5.0640917E-01	+7.9880238E-01
+1.1588000E+02	+6.0854805E-01	+7.2397232E-01
+1.1594000E+02	+6.9970286E-01	+6.3625264E-01
+1.1600000E+02	+7.7827382E-01	+5.3724426E-01
+1.1606000E+02	+8.4289354E-01	+4.2874095E-01
+1.1612000E+02	+8.9244789E-01	+3.1269801E-01
+1.1618000E+02	+9.2609513E-01	+1.9119570E-01
+1.1624000E+02	+9.4327837E-01	+6.6401914E-02
+1.1630000E+02	+9.4373405E-01	-5.9466381E-02
+1.1636000E+02	+9.2749500E-01	-1.8418254E-01
+1.1642000E+02	+8.9488715E-01	-3.0554926E-01
+1.1648000E+02	+8.4652323E-01	-4.2143703E-01
+1.1654000E+02	+7.8328979E-01	-5.2982062E-01
+1.1660000E+02	+7.0633012E-01	-6.2881416E-01
+1.1666000E+02	+6.1702365E-01	-7.1670294E-01
+1.1672000E+02	+5.1696002E-01	-7.9197258E-01
+1.1678000E+02	+4.0791056E-01	-8.5333383E-01
+1.1684000E+02	+2.9179722E-01	-8.9974439E-01
+1.1690000E+02	+1.7065741E-01	-9.3042541E-01
+1.1696000E+02	+4.6610437E-02	-9.4487363E-01
+1.1702000E+02	-7.8182139E-02	-9.4286901E-01
+1.1708000E+02	-2.0155275E-01	-9.2447728E-01
+1.1714000E+02	-3.2136461E-01	-8.9004761E-01
+1.1720000E+02	-4.3554899E-01	-8.4020495E-01
+1.1726000E+02	-5.4214120E-01	-7.7583921E-01
+1.1732000E+02	-6.3931239E-01	-6.9808733E-01
+1.1738000E+02	-7.2540253E-01	-6.0831416E-01
+1.1744000E+02	-7.9894620E-01	-5.0808799E-01
+1.1750000E+02	-8.5869831E-01	-3.9915118E-01
+1.1756000E+02	-9.0365398E-01	-2.8339285E-01
+1.1762000E+02	-9.3306595E-01	-1.6281192E-01
+1.1768000E+02	-9.4645512E-01	-3.9485812E-02
+1.1774000E+02	-9.4361836E-01	+8.4467158E-02
+1.1780000E+02	-9.2463130E-01	+2.0692372E-01
+1.1786000E+02	-8.8984531E-01	+3.2579225E-01
+1.1792000E+02	-8.3988100E-01	+4.3904850E-01
+1.1798000E+02	-7.7561641E-01	+5.4476947E-01
+1.1804000E+02	-6.9817126E-01	+6.4116627E-01
+1.1810000E+02	-6.0888588E-01	+7.2661418E-01
+1.1816000E+02	-5.0929922E-01	+7.9967946E-01
+1.1822000E+02	-4.0112031E-01	+8.5914344E-01
+1.1828000E+02	-2.8619862E-01	+9.0402210E-01
+1.1834000E+02	-1.6649382E-01	+9.3358129E-01
+1.1840000E+02	-4.4038296E-02	+9.4734961E-01
+1.1846000E+02	+7.9092778E-02	+9.4512397E-01
+1.1852000E+02	+2.0082256E-01	+9.2697197E-01
+1.1858000E+02	+3.1910160E-01	+8.9323032E-01
+1.1864000E+02	+4.3194750E-01	+8.4449708E-01
+1.1870000E+02	+5.3747469E-01	+7.8162068E-01
+1.1876000E+02	+6.3392794E-01	+7.0568413E-01
+1.1882000E+02	+7.1970969E-01	+6.1798614E-01
+1.1888000E+02	+7.9340726E-01	+5.2001774E-01
+1.1894000E+02	+8.5381436E-01	+4.1343653E-01
+1.1900000E+02	+8.9995176E-01	+3.0003798E-01
+1.1906000E+02	+9.3108118E-01	+1.8172474E-01
+1.1912000E+02	+9.4671673E-01	+6.0474407E-02
+1.1918000E+02	+9.4663203E-01	-6.1693896E-02
+1.1924000E+02	+9.3086213E-01	-1.8275322E-01
+1.1930000E+02	+8.9970142E-01	-3.0070233E-01
+1.1936000E+02	+8.5369819E-01	-4.1359895E-01
+1.1942000E+02	+7.9364294E-01	-5.1959109E-01
+1.1948000E+02	+7.2055519E-01	-6.1694753E-01
+1.1954000E+02	+6.3566458E-01	-7.0408517E-01
+1.1960000E+02	+5.4039079E-01	-7.7959448E-01
+1.1966000E+02	+4.3631783E-01	-8.4226161E-01
+1.1972000E+02	+3.2516801E-01	-8.9108717E-01
+1.1978000E+02	+2.0877381E-01	-9.2530119E-01
+1.1984000E+02	+8.9045927E-02	-9.4437510E-01
+1.1990000E+02	-3.2056894E-02	-9.4802827E-01
+1.1996000E+02	-1.5255995E-01	-9.3623191E-01
+1.2002000E+02	-2.7050537E-01	-9.0920812E-01
+1.2008000E+02	-3.8398314E-01	-8.6742502E-01
+1.2014000E+02	-4.9116126E-01	-8.1158811E-01
+1.2020000E+02	-5.9031612E-01	-7.4262792E-01
+1.2026000E+02	-6.7985874E-01	-6.6168362E-01
+1.2032000E+02	-7.5836009E-01	-5.7008445E-01
+1.2038000E+02	-8.2457328E-01	-4.6932709E-01
+1.2044000E+02	-8.7745225E-01	-3.6105087E-01
+1.2050000E+02	-9.1616869E-01	-2.4701174E-01
+1.2056000E+02	-9.4012409E-01	-1.2905255E-01
+1.2062000E+02	-9.4895780E-01	-9.0741441E-03
+1.2068000E+02	-9.4255280E-01	+1.1099581E-01
+1.2074000E+02	-9.2103589E-01	+2.2923273E-01
+1.2080000E+02	-8.8477522E-01	+3.4374696E-01
+1.2086000E+02	-8.3437341E-01	+4.5271319E-01
+1.2092000E+02	-7.7065730E-01	+5.5439907E-01
+1.2098000E+02	-6.9466370E-01	+6.4719313E-01
+1.2104000E+02	-6.0762298E-01	+7.2962946E-01
+1.2110000E+02	-5.1093757E-01	+8.0041021E-01
+1.2116000E+02	-4.0615970E-01	+8.5842717E-01
+1.2122000E+02	-2.9496738E-01	+9.0277642E-01
+1.2128000E+02	-1.7913522E-01	+9.3277442E-01
+1.2134000E+02	-6.0507715E-02	+9.4796640E-01
+1.2140000E+02	+5.9031233E-02	+9.4813359E-01
+1.2146000E+02	+1.7758785E-01	+9.3329567E-01
+1.2152000E+02	+2.9328853E-01	+9.0370989E-01
+1.2158000E+02	+4.0430993E-01	+8.5986561E-01
+1.2164000E+02	+5.0890666E-01	+8.0247653E-01
+1.2170000E+02	+6.0543972E-01	+7.3246837E-01
+1.2176000E+02	+6.9240129E-01	+6.5096307E-01
+1.2182000E+02	+7.6843840E-01	+5.5926073E-01
+1.2188000E+02	+8.3237326E-01	+4.5881879E-01
+1.2194000E+02	+8.8322198E-01	+3.5122773E-01
+1.2200000E+02	+9.2020816E-01	+2.3818599E-01
+1.2206000E+02	+9.4277549E-01	+1.2147292E-01
+1.2212000E+02	+9.5059496E-01	+2.9203112E-03
+1.2218000E+02	+9.4356883E-01	-1.1561649E-01
+1.2224000E+02	+9.2183208E-01	-2.3228769E-01
+1.2230000E+02	+8.8574857E-01	-3.4527797E-01
+1.2236000E+02	+8.3590496E-01	-4.5283484E-01
+1.2242000E+02	+7.7309996E-01	-5.5329531E-01
+1.2248000E+02	+6.9833177E-01	-6.4511204E-01
+1.2254000E+02	+6.1278087E-01	-7.2687620E-01
+1.2260000E+02	+5.1779139E-01	-7.9733914E-01
+1.2266000E+02	+4.1484994E-01	-8.5543102E-01
+1.2272000E+02	+3.0556074E-01	-9.0027642E-01
+1.2278000E+02	+1.9162174E-01	-9.3120706E-01
+1.2284000E+02	+7.4796475E-02	-9.4777119E-01
+1.2290000E+02	-4.3111511E-02	-9.4973958E-01
+1.2296000E+02	-1.6028801E-01	-9.3710786E-01
+1.2302000E+02	-2.7493569E-01	-9.1009599E-01
+1.2308000E+02	-3.8530144E-01	-8.6914313E-01
+1.2314000E+02	-4.8970240E-01	-8.1490111E-01
+1.2320000E+02	-5.8655316E-01	-7.4822241E-01
+1.2326000E+02	-6.7438632E-01	-6.7014712E-01
+1.2332000E+02	-7.5187790E-01	-5.8188564E-01
+1.2338000E+02	-8.1786448E-01	-4.8479998E-01
+1.2344000E+02	-8.7136102E-01	-3.8038263E-01
+1.2350000E+02	-9.1157472E-01	-2.7023274E-01
+1.2356000E+02	-9.3791640E-01	-1.5603279E-01
+1.2362000E+02	-9.5000893E-01	-3.9520796E-02
+1.2368000E+02	-9.4769138E-01	+7.7534065E-02
+1.2374000E+02	-9.3102139E-01	+1.9335882E-01
+1.2380000E+02	-9.0027267E-01	+3.0620494E-01
+1.2386000E+02	-8.5593104E-01	+4.1437253E-01
+1.2392000E+02	-7.9868561E-01	+5.1623619E-01
+1.2398000E+02	-7.2941828E-01	+6.1026961E-01
+1.2404000E+02	-6.4918911E-01	+6.9506836E-01
+1.2410000E+02	-5.5922103E-01	+7.6936990E-01
+1.2416000E+02	-4.6087947E-01	+8.3207208E-01
+1.2422000E+02	-3.5565269E-01	+8.8224965E-01
+1.2428000E+02	-2.4512871E-01	+9.1916674E-01
+1.2434000E+02	-1.3097142E-01	+9.4228828E-01
+1.2440000E+02	-1.4895317E-02	+9.5128644E-01
+1.2446000E+02	+1.0136082E-01	+9.4604534E-01
+1.2452000E+02	+2.1605872E-01	+9.2666262E-01
+1.2458000E+02	+3.2748723E-01	+8.9344591E-01
+1.2464000E+02	+4.3398824E-01	+8.4690946E-01
+1.2470000E+02	+5.3398043E-01	+7.8776449E-01
+1.2476000E+02	+6.2598270E-01	+7.1690863E-01
+1.2482000E+02	+7.0863676E-01	+6.3541192E-01
+1.2488000E+02	+7.8072566E-01	+5.4450011E-01
+1.2494000E+02	+8.4119266E-01	+4.4553632E-01
+1.2500000E+02	+8.8915604E-01	+3.4000021E-01
+1.2506000E+02	+9.2392117E-01	+2.2946560E-01
+1.2512000E+02	+9.4499093E-01	+1.1557683E-01
+1.2518000E+02	+9.5207238E-01	+2.4146249E-05
+1.2524000E+02	+9.4507998E-01	-1.1548147E-01
+1.2530000E+02	+9.2413700E-01	-2.2923377E-01
+1.2536000E+02	+8.8957173E-01	-3.3955646E-01
+1.2542000E+02	+8.4191334E-01	-4.4482785E-01
+1.2548000E+02	+7.8188264E-01	-5.4350471E-01
+1.2554000E+02	+7.1038085E-01	-6.3414454E-01
+1.2560000E+02	+6.2847555E-01	-7.1542710E-01
+1.2566000E+02	+5.3738493E-01	-7.8617239E-01
+1.2572000E+02	+4.3845838E-01	-8.4535855E-01
+1.2578000E+02	+3.3315739E-01	-8.9213562E-01
+1.2584000E+02	+2.2303307E-01	-9.2583764E-01
+1.2590000E+02	+1.0970215E-01	-9.4599164E-01
+1.2596000E+02	-5.1750964E-03	-9.5232379E-01
+1.2602000E+02	-1.1992016E-01	-9.4476295E-01
+1.2608000E+02	-2.3286124E-01	-9.2344028E-01
+1.2614000E+02	-3.4235674E-01	-8.8868737E-01
+1.2620000E+02	-4.4681999E-01	-8.4103018E-01
+1.2626000E+02	-5.4474175E-01	-7.8118032E-01
+1.2632000E+02	-6.3471091E-01	-7.1002477E-01
+1.2638000E+02	-7.1543568E-01	-6.2861198E-01
+1.2644000E+02	-7.8576058E-01	-5.3813642E-01
+1.2650000E+02	-8.4468508E-01	-4.3991974E-01
+1.2656000E+02	-8.9137417E-01	-3.3539253E-01
+1.2662000E+02	-9.2517257E-01	-2.2607242E-01
+1.2668000E+02	-9.4561172E-01	-1.1354297E-01
+1.2674000E+02	-9.5241660E-01	+5.7123450E-04
+1.2680000E+02	-9.4550878E-01	+1.1462571E-01
+1.2686000E+02	-9.2500681E-01	+2.2698104E-01
+1.2692000E+02	-8.9122432E-01	+3.3602670E-01
+1.2698000E+02	-8.4466416E-01	+4.4020259E-01
+1.2704000E+02	-7.8601110E-01	+5.3802258E-01
+1.2710000E+02	-7.1612102E-01	+6.2809443E-01
+1.2716000E+02	-6.3600838E-01	+7.0913994E-01
+1.2722000E+02	-5.4683238E-01	+7.8001243E-01
+1.2728000E+02	-4.4987777E-01	+8.3971310E-01
+1.2734000E+02	-3.4653726E-01	+8.8740438E-01
+1.2740000E+02	-2.3829269E-01	+9.2242151E-01
+1.2746000E+02	-1.2669158E-01	+9.4428146E-01
+1.2752000E+02	-1.3326960E-02	+9.5268923E-01
+1.2758000E+02	+1.0018755E-01	+9.4754171E-01
+1.2764000E+02	+2.1223857E-01	+9.2892843E-01
+1.2770000E+02	+3.2123721E-01	+8.9712965E-01
+1.2776000E+02	+4.2564052E-01	+8.5261232E-01
+1.2782000E+02	+5.2397418E-01	+7.9602247E-01
+1.2788000E+02	+6.1485225E-01	+7.2817588E-01
+1.2794000E+02	+6.9699770E-01	+6.5004617E-01
+1.2800000E+02	+7.6925898E-01	+5.6275016E-01
+1.2806000E+02	+8.3062637E-01	+4.6753219E-01
+1.2812000E+02	+8.8024652E-01	+3.6574626E-01
+1.2817999E+02	+9.1743296E-01	+2.5883600E-01
+1.2824001E+02	+9.4167644E-01	+1.4831480E-01
+1.2830000E+02	+9.5265055E-01	+3.5743684E-02
+1.2836000E+02	+9.5021701E-01	-7.7290446E-02
+1.2842000E+02	+9.3442625E-01	-1.8919744E-01
+1.2848000E+02	+9.0551627E-01	-2.9840615E-01
+1.2853999E+02	+8.6390907E-01	-4.0338665E-01
+1.2860001E+02	+8.1020403E-01	-5.0267154E-01
+1.2866000E+02	+7.4516886E-01	-5.9487635E-01
+1.2872000E+02	+6.6972846E-01	-6.7871875E-01
+1.2878000E+02	+5.8495176E-01	-7.5303632E-01
+1.2884000E+02	+4.9203566E-01	-8.1680238E-01
+1.2889999E+02	+3.9228788E-01	-8.6913991E-01
+1.2896001E+02	+2.8710967E-01	-9.0933341E-01
+1.2902000E+02	+1.7797385E-01	-9.3683845E-01
+1.2908000E+02	+6.6405945E-02	-9.5128846E-01
+1.2914000E+02	-4.6038449E-02	-9.5249981E-01
+1.2920000E+02	-1.5779555E-01	-9.4047308E-01
+1.2925999E+02	-2.6731414E-01	-9.1539270E-01
+1.2932001E+02	-3.7307674E-01	-8.7762427E-01
+1.2938000E+02	-4.7362351E-01	-8.2770795E-01
+1.2944000E+02	-5.6756806E-01	-7.6635134E-01
+1.2950000E+02	-6.5361983E-01	-6.9441861E-01
+1.2956000E+02	-7.3060000E-01	-6.1291790E-01
+1.2962000E+02	-7.9745722E-01	-5.2298725E-01
+1.2967999E+02	-8.5328287E-01	-4.2587841E-01
+1.2974001E+02	-8.9732158E-01	-3.2293940E-01
+1.2980000E+02	-9.2898244E-01	-2.1559516E-01
+1.2986000E+02	-9.4784570E-01	-1.0532816E-01
+1.2992000E+02	-9.5366859E-01	+6.3421060E-03
+1.2998000E+02	-9.4638759E-01	+1.1788048E-01
+1.3003999E+02	-9.2611915E-01	+2.2775641E-01
+1.3010001E+02	-8.9315724E-01	+3.3446607E-01
+1.3016000E+02	-8.4796882E-01	+4.3655160E-01
+1.3022000E+02	-7.9118729E-01	+5.3262144E-01
+1.3028000E+02	-7.2360277E-01	+6.2136924E-01
+1.3034000E+02	-6.4615172E-01	+7.0159101E-01
+1.3039999E+02	-5.5990255E-01	+7.7220190E-01
+1.3046001E+02	-4.6604291E-01	+8.3224928E-01
+1.3052000E+02	-3.6585987E-01	+8.8092703E-01
+1.3058000E+02	-2.6072571E-01	+9.1758490E-01
+1.3064000E+02	-1.5207653E-01	+9.4173735E-01
+1.3070000E+02	-4.1393902E-02	+9.5306981E-01
+1.3075999E+02	+6.9815755E-02	+9.5144230E-01
+1.3082001E+02	+1.8004161E-01	+9.3689084E-01
+1.3088000E+02	+2.8778911E-01	+9.0962690E-01
+1.3094000E+02	+3.9159939E-01	+8.7003362E-01
+1.3100000E+02	+4.9006990E-01	+8.1866091E-01
+1.3106000E+02	+5.8187324E-01	+7.5621665E-01
+1.3112000E+02	+6.6577345E-01	+6.8355769E-01
+1.3117999E+02	+7.4064475E-01	+6.0167730E-01
+1.3124001E+02	+8.0548459E-01	+5.1169163E-01
+1.3130000E+02	+8.5942811E-01	+4.1482460E-01
+1.3136000E+02	+9.0175879E-01	+3.1239048E-01
+1.3142000E+02	+9.3191791E-01	+2.0577659E-01
+1.3148000E+02	+9.4951212E-01	+9.6424028E-02
+1.3153999E+02	+9.5431799E-01	-1.4191747E-02
+1.3160001E+02	+9.4628441E-01	-1.2458073E-01
+1.3166000E+02	+9.2553329E-01	-2.3325902E-01
+1.3172000E+02	+8.9235747E-01	-3.3876815E-01
+1.3178000E+02	+8.4721583E-01	-4.3969497E-01
+1.3184000E+02	+7.9072744E-01	-5.3469056E-01
+1.3189999E+02	+7.2366190E-01	-6.2248790E-01
+1.3196001E+02	+6.4692950E-01	-7.0191902E-01
+1.3202000E+02	+5.6156850E-01	-7.7193028E-01
+1.3208000E+02	+4.6872997E-01	-8.3159596E-01
+1.3214000E+02	+3.6966369E-01	-8.8013053E-01
+1.3220000E+02	+2.6569903E-01	-9.1689873E-01
+1.3225999E+02	+1.5822864E-01	-9.4142383E-01
+1.3232001E+02	+4.8690118E-02	-9.5339304E-01
+1.3238000E+02	-6.1456017E-02	-9.5266151E-01
+1.3244000E+02	-1.7074248E-01	-9.3925399E-01
+1.3250000E+02	-2.7771771E-01	-9.1336352E-01
+1.3256000E+02	-3.8096243E-01	-8.7534893E-01
+1.3262000E+02	-4.7911099E-01	-8.2572895E-01
+1.3267999E+02	-5.7086748E-01	-7.6517552E-01
+1.3274001E+02	-6.5502328E-01	-6.9450378E-01
+1.3280000E+02	-7.3047280E-01	-6.1466157E-01
+1.3286000E+02	-7.9622811E-01	-5.2671564E-01
+1.3292000E+02	-8.5143107E-01	-4.3183815E-01
+1.3298000E+02	-8.9536476E-01	-3.3129016E-01
+1.3303999E+02	-9.2746204E-01	-2.2640531E-01
+1.3310001E+02	-9.4731301E-01	-1.1857171E-01
+1.3316000E+02	-9.5467001E-01	-9.2136711E-03
+1.3322000E+02	-9.4944996E-01	+1.0022767E-01
+1.3328000E+02	-9.3173552E-01	+2.0831157E-01
+1.3334000E+02	-9.0177280E-01	+3.1361923E-01
+1.3339999E+02	-8.5996890E-01	+4.1477007E-01
+1.3346001E+02	-8.0688500E-01	+5.1044041E-01
+1.3352000E+02	-7.4322939E-01	+5.9938133E-01
+1.3358000E+02	-6.6984737E-01	+6.8043381E-01
+1.3364000E+02	-5.8771032E-01	+7.5254405E-01
+1.3370000E+02	-4.9790251E-01	+8.1477726E-01
+1.3375999E+02	-4.0160602E-01	+8.6632955E-01
+1.3382001E+02	-3.0008635E-01	+9.0653729E-01
+1.3388000E+02	-1.9467466E-01	+9.3488646E-01
+1.3394000E+02	-8.6751632E-02	+9.5101833E-01
+1.3400000E+02	+2.2272445E-02	+9.5473439E-01
+1.3406000E+02	+1.3097474E-01	+9.4599813E-01
+1.3412000E+02	+2.3793980E-01	+9.2493522E-01
+1.3417999E+02	+3.4177619E-01	+8.9183158E-01
+1.3424001E+02	+4.4113487E-01	+8.4712958E-01
+1.3430000E+02	+5.3472769E-01	+7.9142153E-01
+1.3436000E+02	+6.2134391E-01	+7.2544193E-01
+1.3442000E+02	+6.9986486E-01	+6.5005773E-01
+1.3448000E+02	+7.6927876E-01	+5.6625628E-01
+1.3453999E+02	+8.2869381E-01	+4.7513285E-01
+1.3460001E+02	+8.7734872E-01	+3.7787607E-01
+1.3466000E+02	+9.1462368E-01	+2.7575192E-01
+1.3472000E+02	+9.4004667E-01	+1.7008756E-01
+1.3478000E+02	+9.5330024E-01	+6.2253814E-02
+1.3484000E+02	+9.5422488E-01	-4.6352625E-02
+1.3489999E+02	+9.4282061E-01	-1.5432738E-01
+1.3496001E+02	+9.1924703E-01	-2.6027653E-01
+1.3502000E+02	+8.8382018E-01	-3.6283463E-01
+1.3508000E+02	+8.3700913E-01	-4.6068239E-01
+1.3514000E+02	+7.7942848E-01	-5.5256349E-01
+1.3520000E+02	+7.1183103E-01	-6.3730037E-01
+1.3525999E+02	+6.3509691E-01	-7.1381003E-01
+1.3532001E+02	+5.5022210E-01	-7.8111678E-01
+1.3538000E+02	+4.5830622E-01	-8.3836526E-01
+1.3544000E+02	+3.6053678E-01	-8.8483065E-01
+1.3550000E+02	+2.5817436E-01	-9.1992795E-01
+1.3556000E+02	+1.5253645E-01	-9.4321901E-01
+1.3562000E+02	+4.4980176E-02	-9.5441777E-01
+1.3567999E+02	-6.3115343E-02	-9.5339352E-01
+1.3574001E+02	-1.7036670E-01	-9.4017231E-01
+1.3580000E+02	-2.7540356E-01	-9.1493583E-01
+1.3586000E+02	-3.7688625E-01	-8.7801903E-01
+1.3592000E+02	-4.7352338E-01	-8.2990539E-01
+1.3598000E+02	-5.6408691E-01	-7.7122033E-01
+1.3603999E+02	-6.4742881E-01	-7.0272279E-01
+1.3610001E+02	-7.2249526E-01	-6.2529504E-01
+1.3616000E+02	-7.8833890E-01	-5.3993213E-01
+1.3622000E+02	-8.4413189E-01	-4.4772756E-01
+1.3628000E+02	-8.8917506E-01	-3.4986007E-01
+1.3634000E+02	-9.2290682E-01	-2.4757834E-01
+1.3639999E+02	-9.4491047E-01	-1.4218487E-01
+1.3646001E+02	-9.5491821E-01	-3.5019450E-02
+1.3652000E+02	-9.5281464E-01	+7.2557606E-02
+1.3658000E+02	-9.3863803E-01	+1.7918389E-01
+1.3664000E+02	-9.1257894E-01	+2.8351006E-01
+1.3670000E+02	-8.7497842E-01	+3.8421845E-01
+1.3675999E+02	-8.2632214E-01	+4.8003912E-01
+1.3682001E+02	-7.6723492E-01	+5.6976599E-01
+1.3688000E+02	-6.9847250E-01	+6.5227151E-01
+1.3694000E+02	-6.2091082E-01	+7.2652060E-01
+1.3700000E+02	-5.3553641E-01	+7.9158425E-01
+1.3706000E+02	-4.4343200E-01	+8.4665030E-01
+1.3712000E+02	-3.4576401E-01	+8.9103347E-01
+1.3717999E+02	-2.4376662E-01	+9.2418432E-01
+1.3724001E+02	-1.3872725E-01	+9.4569528E-01
+1.3730000E+02	-3.1969607E-02	+9.5530552E-01
+1.3736000E+02	+7.5162731E-02	+9.5290464E-01
+1.3742000E+02	+1.8132393E-01	+9.3853271E-01
+1.3748000E+02	+2.8518176E-01	+9.1238034E-01
+1.3753999E+02	+3.8543439E-01	+8.7478596E-01
+1.3760001E+02	+4.8082787E-01	+8.2623053E-01
+1.3766000E+02	+5.7017022E-01	+7.6733220E-01
+1.3772000E+02	+6.5234762E-01	+6.9883770E-01
+1.3778000E+02	+7.2633731E-01	+6.2161279E-01
+1.3784000E+02	+7.9122031E-01	+5.3663152E-01
+1.3789999E+02	+8.4619308E-01	+4.4496349E-01
+1.3796001E+02	+8.9057732E-01	+3.4776023E-01
+1.3802000E+02	+9.2382771E-01	+2.4624079E-01
+1.3808000E+02	+9.4553947E-01	+1.4167655E-01
+1.3814000E+02	+9.5545167E-01	+3.5374727E-02
+1.3820000E+02	+9.5345169E-01	-7.1337685E-02
+1.3825999E+02	+9.3957508E-01	-1.7713059E-01
+1.3832001E+02	+9.1400564E-01	-2.8068745E-01
+1.3838000E+02	+8.7707222E-01	-3.8072160E-01
+1.3844000E+02	+8.2924497E-01	-4.7599223E-01
+1.3850000E+02	+7.7112812E-01	-5.6531978E-01
+1.3856000E+02	+7.0345336E-01	-6.4760035E-01
+1.3862000E+02	+6.2706953E-01	-7.2181940E-01
+1.3867999E+02	+5.4293239E-01	-7.8706390E-01
+1.3874001E+02	+4.5209169E-01	-8.4253365E-01
+1.3880000E+02	+3.5567960E-01	-8.8755083E-01
+1.3886000E+02	+2.5489429E-01	-9.2156792E-01
+1.3892000E+02	+1.5098676E-01	-9.4417483E-01
+1.3898000E+02	+4.5244098E-02	-9.5510262E-01
+1.3903999E+02	-6.1025437E-02	-9.5422733E-01
+1.3910001E+02	-1.6650933E-01	-9.4157058E-01
+1.3916000E+02	-2.6990730E-01	-9.1729969E-01
+1.3922000E+02	-3.6994681E-01	-8.8172424E-01
+1.3928000E+02	-4.6539745E-01	-8.3529317E-01
+1.3934000E+02	-5.5508912E-01	-7.7858758E-01
+1.3939999E+02	-6.3792288E-01	-7.1231490E-01
+1.3946001E+02	-7.1288598E-01	-6.3729799E-01
+1.3952000E+02	-7.7906424E-01	-5.5446726E-01
+1.3958000E+02	-8.3565259E-01	-4.6484587E-01
+1.3964000E+02	-8.8196421E-01	-3.6954042E-01
+1.3970000E+02	-9.1743994E-01	-2.6972497E-01
+1.3975999E+02	-9.4165367E-01	-1.6662642E-01
+1.3982001E+02	-9.5431817E-01	-6.1511543E-02
+1.3988000E+02	-9.5528764E-01	+4.4330694E-02
+1.3994000E+02	-9.4455957E-01	+1.4960444E-01
+1.4000000E+02	-9.2227477E-01	+2.5302139E-01
+1.4006000E+02	-8.8871455E-01	+3.5331959E-01
+1.4012000E+02	-8.4429806E-01	+4.4927454E-01
+1.4017999E+02	-7.8957629E-01	+5.3971833E-01
+1.4024001E+02	-7.2522563E-01	+6.2355030E-01
+1.4030000E+02	-6.5203840E-01	+6.9975263E-01
+1.4036000E+02	-5.7091415E-01	+7.6740193E-01
+1.4042000E+02	-4.8284790E-01	+8.2567984E-01
+1.4048000E+02	-3.8891804E-01	+8.7388331E-01
+1.4053999E+02	-2.9027340E-01	+9.1143310E-01
+1.4060001E+02	-1.8811798E-01	+9.3787998E-01
+1.4066000E+02	-8.3697483E-02	+9.5291078E-01
+1.4072000E+02	+2.1716544E-02	+9.5635146E-01
+1.4078000E+02	+1.2684160E-01	+9.4816911E-01
+1.4084000E+02	+2.3040129E-01	+9.2847222E-01
+1.4089999E+02	+3.3113942E-01	+8.9750880E-01
+1.4096001E+02	+4.2783484E-01	+8.5566366E-01
+1.4102000E+02	+5.1931876E-01	+8.0345273E-01
+1.4108000E+02	+6.0448605E-01	+7.4151754E-01
+1.4114000E+02	+6.8230957E-01	+6.7061609E-01
+1.4120000E+02	+7.5185311E-01	+5.9161431E-01
+1.4125999E+02	+8.1228179E-01	+5.0547504E-01
+1.4132001E+02	+8.6287224E-01	+4.1324601E-01
+1.4138000E+02	+9.0302092E-01	+3.1604725E-01
+1.4144000E+02	+9.3225157E-01	+2.1505718E-01
+1.4150000E+02	+9.5022053E-01	+1.1149842E-01
+1.4156000E+02	+9.5672029E-01	+6.6228150E-03
+1.4162000E+02	+9.5168239E-01	-9.8303773E-02
+1.4167999E+02	+9.3517739E-01	-2.0201668E-01
+1.4174001E+02	+9.0741378E-01	-3.0326769E-01
+1.4180000E+02	+8.6873549E-01	-4.0084016E-01
+1.4186000E+02	+8.1961709E-01	-4.9356332E-01
+1.4192000E+02	+7.6065820E-01	-5.8032674E-01
+1.4198000E+02	+6.9257551E-01	-6.6009277E-01
+1.4203999E+02	+6.1619443E-01	-7.3190969E-01
+1.4210001E+02	+5.3243840E-01	-7.9492235E-01
+1.4216000E+02	+4.4231808E-01	-8.4838229E-01
+1.4222000E+02	+3.4691942E-01	-8.9165694E-01
+1.4228000E+02	+2.4738915E-01	-9.2423630E-01
+1.4234000E+02	+1.4492244E-01	-9.4573897E-01
+1.4239999E+02	+4.0747456E-02	-9.5591670E-01
+1.4246001E+02	-6.3888036E-02	-9.5465696E-01
+1.4252000E+02	-1.6773355E-01	-9.4198406E-01
+1.4258000E+02	-2.6954928E-01	-9.1805804E-01
+1.4264000E+02	-3.6812121E-01	-8.8317341E-01
+1.4270000E+02	-4.6227527E-01	-8.3775485E-01
+1.4275999E+02	-5.5089247E-01	-7.8235185E-01
+1.4282001E+02	-6.3292009E-01	-7.1763265E-01
+1.4288000E+02	-7.0738614E-01	-6.4437497E-01
+1.4294000E+02	-7.7340853E-01	-5.6345749E-01
+1.4300000E+02	-8.3020842E-01	-4.7584867E-01
+1.4306000E+02	-8.7711614E-01	-3.8259616E-01
+1.4312000E+02	-9.1358078E-01	-2.8481233E-01
+1.4317999E+02	-9.3917644E-01	-1.8366279E-01
+1.4324001E+02	-9.5360631E-01	-8.0351830E-02
+1.4330000E+02	-9.5670700E-01	+2.3892310E-02
+1.4336000E+02	-9.4844919E-01	+1.2783097E-01
+1.4342000E+02	-9.2893893E-01	+2.3023193E-01
+1.4348000E+02	-8.9841515E-01	+3.2988119E-01
+1.4353999E+02	-8.5724717E-01	+4.2559978E-01
+1.4360001E+02	-8.0593026E-01	+5.1625520E-01
+1.4366000E+02	-7.4507922E-01	+6.0077798E-01
+1.4372000E+02	-6.7542088E-01	+6.7817158E-01
+1.4378000E+02	-5.9778607E-01	+7.4752450E-01
+1.4384000E+02	-5.1309860E-01	+8.0802244E-01
+1.4389999E+02	-4.2236394E-01	+8.5895652E-01
+1.4396001E+02	-3.2665965E-01	+8.9973128E-01
+1.4402000E+02	-2.2711933E-01	+9.2987239E-01
+1.4408000E+02	-1.2492083E-01	+9.4903171E-01
+1.4414000E+02	-2.1271942E-02	+9.5699137E-01
+1.4420000E+02	+8.2603432E-02	+9.5366544E-01
+1.4425999E+02	+1.8548116E-01	+9.3910164E-01
+1.4432001E+02	+2.8614929E-01	+9.1347992E-01
+1.4438000E+02	+3.8342434E-01	+8.7711042E-01
+1.4444000E+02	+4.7616392E-01	+8.3042914E-01
+1.4450000E+02	+5.6328076E-01	+7.7399337E-01
+1.4456000E+02	+6.4375490E-01	+7.0847416E-01
+1.4462000E+02	+7.1664584E-01	+6.3464808E-01
+1.4467999E+02	+7.8110373E-01	+5.5338883E-01
+1.4474001E+02	+8.3637822E-01	+4.6565589E-01
+1.4480000E+02	+8.8182861E-01	+3.7248328E-01
+1.4486000E+02	+9.1692948E-01	+2.7496779E-01
+1.4492000E+02	+9.4127750E-01	+1.7425519E-01
+1.4498000E+02	+9.5459622E-01	+7.1527444E-02
+1.4503999E+02	+9.5673811E-01	-3.2011669E-02
+1.4510001E+02	+9.4768685E-01	-1.3515040E-01
+1.4516000E+02	+9.2755681E-01	-2.3668332E-01
+1.4522000E+02	+8.9659160E-01	-3.3542538E-01
+1.4528000E+02	+8.5516107E-01	-4.3022549E-01
+1.4534000E+02	+8.0375648E-01	-5.1998019E-01
+1.4539999E+02	+7.4298513E-01	-6.0364616E-01
+1.4546001E+02	+6.7356193E-01	-6.8025249E-01
+1.4552000E+02	+5.9630257E-01	-7.4891132E-01
+1.4558000E+02	+5.1211208E-01	-8.0882877E-01
+1.4564000E+02	+4.2197603E-01	-8.5931337E-01
+1.4570000E+02	+3.2694718E-01	-8.9978397E-01
+1.4575999E+02	+2.2813345E-01	-9.2977697E-01
+1.4582001E+02	+1.2668730E-01	-9.4895053E-01
+1.4588000E+02	+2.3788622E-02	-9.5708895E-01
+1.4594000E+02	-7.9365760E-02	-9.5410514E-01
+1.4600000E+02	-1.8157871E-01	-9.4004077E-01
+1.4606000E+02	-2.8166437E-01	-9.1506606E-01
+1.4612000E+02	-3.7846237E-01	-8.7947792E-01
+1.4617999E+02	-4.7085267E-01	-8.3369547E-01
+1.4624001E+02	-5.5776721E-01	-7.7825576E-01
+1.4630000E+02	-6.3820219E-01	-7.1380723E-01
+1.4636000E+02	-7.1122950E-01	-6.4110172E-01
+1.4642000E+02	-7.7600837E-01	-5.6098664E-01
+1.4648000E+02	-8.3179426E-01	-4.7439322E-01
+1.4653999E+02	-8.7794691E-01	-3.8232765E-01
+1.4660001E+02	-9.1393882E-01	-2.8585759E-01
+1.4666000E+02	-9.3936002E-01	-1.8610139E-01
+1.4672000E+02	-9.5392323E-01	-8.4213644E-02
+1.4678000E+02	-9.5746720E-01	+1.8627010E-02
+1.4684000E+02	-9.4995797E-01	+1.2123305E-01
+1.4689999E+02	-9.3148899E-01	+2.2242002E-01
+1.4696001E+02	-9.0228063E-01	+3.2102156E-01
+1.4702000E+02	-8.6267644E-01	+4.1590261E-01
+1.4708000E+02	-8.1313992E-01	+5.0597143E-01
+1.4714000E+02	-7.5424826E-01	+5.9019375E-01
+1.4720000E+02	-6.8668610E-01	+6.6760397E-01
+1.4725999E+02	-6.1123681E-01	+7.3731494E-01
+1.4732001E+02	-5.2877432E-01	+7.9853046E-01
+1.4738000E+02	-4.4025084E-01	+8.5055232E-01
+1.4744000E+02	-3.4668916E-01	+8.9278901E-01
+1.4750000E+02	-2.4916679E-01	+9.2476213E-01
+1.4756000E+02	-1.4880645E-01	+9.4611216E-01
+1.4762000E+02	-4.6762060E-02	+9.5660132E-01
+1.4767999E+02	+5.5794515E-02	+9.5611709E-01
+1.4774001E+02	+1.5768789E-01	+9.4467324E-01
+1.4780000E+02	+2.5775012E-01	+9.2240840E-01
+1.4786000E+02	+3.5483751E-01	+8.8958544E-01
+1.4792000E+02	+4.4784042E-01	+8.4658772E-01
+1.4798000E+02	+5.3569824E-01	+7.9391426E-01
+1.4803999E+02	+6.1740971E-01	+7.3217422E-01
+1.4810001E+02	+6.9204557E-01	+6.6207957E-01
+1.4816000E+02	+7.5875825E-01	+5.8443671E-01
+1.4822000E+02	+8.1679159E-01	+5.0013751E-01
+1.4828000E+02	+8.6548942E-01	+4.1014811E-01
+1.4834000E+02	+9.0430278E-01	+3.1549895E-01
+1.4839999E+02	+9.3279558E-01	+2.1727201E-01
+1.4846001E+02	+9.5065016E-01	+1.1658905E-01
+1.4852000E+02	+9.5766997E-01	+1.4597825E-02
+1.4858000E+02	+9.5378202E-01	-8.7539241E-02
+1.4864000E+02	+9.3903768E-01	-1.8866000E-01
+1.4870000E+02	+9.1361099E-01	-2.8761491E-01
+1.4875999E+02	+8.7779790E-01	-3.8328025E-01
+1.4882001E+02	+8.3201134E-01	-4.7457066E-01
+1.4888000E+02	+7.7677768E-01	-5.6045169E-01
+1.4894000E+02	+7.1272933E-01	-6.3995123E-01
+1.4900000E+02	+6.4059883E-01	-7.1217030E-01
+1.4906000E+02	+5.6120878E-01	-7.7629352E-01
+1.4912000E+02	+4.7546437E-01	-8.3159810E-01
+1.4917999E+02	+3.8434121E-01	-8.7746179E-01
+1.4924001E+02	+2.8887507E-01	-9.1336966E-01
+1.4930000E+02	+1.9015077E-01	-9.3892050E-01
+1.4936000E+02	+8.9287989E-02	-9.5383024E-01
+1.4942000E+02	-1.2569781E-02	-9.5793623E-01
+1.4948000E+02	-1.1426867E-01	-9.5119762E-01
+1.4953999E+02	-2.1465786E-01	-9.3369669E-01
+1.4960001E+02	-3.1260282E-01	-9.0563715E-01
+1.4966000E+02	-4.0699682E-01	-8.6734253E-01
+1.4972000E+02	-4.9677458E-01	-8.1925136E-01
+1.4978000E+02	-5.8092451E-01	-7.6191264E-01
+1.4984000E+02	-6.5849888E-01	-6.9597936E-01
+1.4989999E+02	-7.2862583E-01	-6.2220103E-01
+1.4996001E+02	-7.9051793E-01	-5.4141515E-01
+1.5002000E+02	-8.4348160E-01	-4.5453769E-01
+1.5008000E+02	-8.8692528E-01	-3.6255166E-01
+1.5014000E+02	-9.2036456E-01	-2.6649782E-01
+1.5020000E+02	-9.4342911E-01	-1.6746049E-01
+1.5025999E+02	-9.5586550E-01	-6.6557795E-02
+1.5032001E+02	-9.5754039E-01	+3.5073485E-02
+1.5038000E+02	-9.4844210E-01	+1.3628881E-01
+1.5044000E+02	-9.2867982E-01	+2.3595020E-01
+1.5050000E+02	-8.9848256E-01	+3.3293799E-01
+1.5056000E+02	-8.5819691E-01	+4.2616409E-01
+1.5062000E+02	-8.0828184E-01	+5.1458365E-01
+1.5067999E+02	-7.4930406E-01	+5.9720743E-01
+1.5074001E+02	-6.8193120E-01	+6.7311227E-01
+1.5080000E+02	-6.0692495E-01	+7.4145097E-01
+1.5086000E+02	-5.2513111E-01	+8.0146271E-01
+1.5092000E+02	-4.3747020E-01	+8.5248071E-01
+1.5098000E+02	-3.4492829E-01	+8.9393932E-01
+1.5103999E+02	-2.4854419E-01	+9.2538077E-01
+1.5110001E+02	-1.4939922E-01	+9.4645959E-01
+1.5116000E+02	-4.8602767E-02	+9.5694709E-01
+1.5122000E+02	+5.2716434E-02	+9.5673263E-01
+1.5128000E+02	+1.5342677E-01	+9.4582498E-01
+1.5134000E+02	+2.5240326E-01	+9.2435277E-01
+1.5139999E+02	+3.4854236E-01	+8.9256209E-01
+1.5146001E+02	+4.4077298E-01	+8.5081351E-01
+1.5152000E+02	+5.2806878E-01	+7.9957867E-01
+1.5158000E+02	+6.0945940E-01	+7.3943412E-01
+1.5164000E+02	+6.8404084E-01	+6.7105526E-01
+1.5170000E+02	+7.5098580E-01	+5.9520829E-01
+1.5175999E+02	+8.0955303E-01	+5.1274192E-01
+1.5182001E+02	+8.5909486E-01	+4.2457795E-01
+1.5188000E+02	+8.9906454E-01	+3.3170038E-01
+1.5194000E+02	+9.2902231E-01	+2.3514502E-01
+1.5200000E+02	+9.4863987E-01	+1.3598764E-01
+1.5206000E+02	+9.5770431E-01	+3.5332143E-02
+1.5212000E+02	+9.5611989E-01	-6.5701917E-02
+1.5217999E+02	+9.4390959E-01	-1.6599159E-01
+1.5224001E+02	+9.2121422E-01	-2.6442307E-01
+1.5230000E+02	+8.8829082E-01	-3.5990408E-01
+1.5236000E+02	+8.4550977E-01	-4.5137590E-01
+1.5242000E+02	+7.9335076E-01	-5.3782511E-01
+1.5248000E+02	+7.3239738E-01	-6.1829489E-01
+1.5253999E+02	+6.6332978E-01	-6.9189566E-01
+1.5260001E+02	+5.8691812E-01	-7.5781447E-01
+1.5266000E+02	+5.0401300E-01	-8.1532437E-01
+1.5272000E+02	+4.1553688E-01	-8.6379224E-01
+1.5278000E+02	+3.2247230E-01	-9.0268594E-01
+1.5284000E+02	+2.2585310E-01	-9.3157959E-01
+1.5289999E+02	+1.2675036E-01	-9.5015866E-01
+1.5296001E+02	+2.6262509E-02	-9.5822322E-01
+1.5302000E+02	-7.4498124E-02	-9.5568985E-01
+1.5308000E+02	-1.7441680E-01	-9.4259250E-01
+1.5314000E+02	-2.7239007E-01	-9.1908211E-01
+1.5320000E+02	-3.6733612E-01	-8.8542438E-01
+1.5325999E+02	-4.5820779E-01	-8.4199709E-01
+1.5332001E+02	-5.4400480E-01	-7.8928554E-01
+1.5338000E+02	-6.2378305E-01	-7.2787708E-01
+1.5344000E+02	-6.9666690E-01	-6.5845430E-01
+1.5350000E+02	-7.6185614E-01	-5.8178753E-01
+1.5356000E+02	-8.1863797E-01	-4.9872622E-01
+1.5362000E+02	-8.6639148E-01	-4.1018927E-01
+1.5367999E+02	-9.0459704E-01	-3.1715477E-01
+1.5374001E+02	-9.3284005E-01	-2.2064906E-01
+1.5380000E+02	-9.5081615E-01	-1.2173609E-01
+1.5386000E+02	-9.5833391E-01	-2.1504613E-02
+1.5392000E+02	-9.5531720E-01	+7.8943275E-02
+1.5398000E+02	-9.4180560E-01	+1.7850356E-01
+1.5403999E+02	-9.1795367E-01	+2.7608448E-01
+1.5410001E+02	-8.8402927E-01	+3.7061623E-01
+1.5416000E+02	-8.4041047E-01	+4.6106318E-01
+1.5422000E+02	-7.8758091E-01	+5.4643637E-01
+1.5428000E+02	-7.2612476E-01	+6.2580293E-01
+1.5434000E+02	-6.5672046E-01	+6.9829643E-01
+1.5439999E+02	-5.8013141E-01	+7.6312709E-01
+1.5446001E+02	-4.9720106E-01	+8.1958866E-01
+1.5452000E+02	-4.0883920E-01	+8.6706781E-01
+1.5458000E+02	-3.1601590E-01	+9.0504944E-01
+1.5464000E+02	-2.1974826E-01	+9.3312293E-01
+1.5470000E+02	-1.2109023E-01	+9.5098597E-01
+1.5475999E+02	-2.1121424E-02	+9.5844805E-01
+1.5482001E+02	+7.9065457E-02	+9.5543236E-01
+1.5488000E+02	+1.7837524E-01	+9.4197649E-01
+1.5494000E+02	+2.7572405E-01	+9.1823202E-01
+1.5500000E+02	+3.7005016E-01	+8.8446254E-01
+1.5506000E+02	+4.6032465E-01	+8.4104103E-01
+1.5512000E+02	+5.4556417E-01	+7.8844541E-01
+1.5517999E+02	+6.2484109E-01	+7.2725356E-01
+1.5524001E+02	+6.9729304E-01	+6.5813625E-01
+1.5530000E+02	+7.6213253E-01	+5.8185089E-01
+1.5536000E+02	+8.1865627E-01	+4.9923205E-01
+1.5542000E+02	+8.6625153E-01	+4.1118318E-01
+1.5548000E+02	+9.0440345E-01	+3.1866607E-01
+1.5553999E+02	+9.3270063E-01	+2.2269058E-01
+1.5560001E+02	+9.5083934E-01	+1.2430366E-01
+1.5566000E+02	+9.5862663E-01	+2.4577642E-02
+1.5572000E+02	+9.5598286E-01	-7.5401291E-02
+1.5578000E+02	+9.4294155E-01	-1.7454506E-01
+1.5584000E+02	+9.1964984E-01	-2.7177560E-01
+1.5589999E+02	+8.8636601E-01	-3.6603656E-01
+1.5596001E+02	+8.4345722E-01	-4.5630473E-01
+1.5602000E+02	+7.9139477E-01	-5.4160136E-01
+1.5608000E+02	+7.3074901E-01	-6.2100261E-01
+1.5614000E+02	+6.6218317E-01	-6.9364953E-01
+1.5620000E+02	+5.8644587E-01	-7.5875753E-01
+1.5625999E+02	+5.0436306E-01	-8.1562442E-01
+1.5632001E+02	+4.1682786E-01	-8.6363834E-01
+1.5638000E+02	+3.2479292E-01	-9.0228391E-01
+1.5644000E+02	+2.2925803E-01	-9.3114805E-01
+1.5650000E+02	+1.3125926E-01	-9.4992381E-01
+1.5656000E+02	+3.1859353E-02	-9.5841402E-01
+1.5662000E+02	-6.7865640E-02	-9.5653290E-01
+1.5667999E+02	-1.6683696E-01	-9.4430691E-01
+1.5674001E+02	-2.6398519E-01	-9.2187428E-01
+1.5680000E+02	-3.5826203E-01	-8.8948321E-01
+1.5686000E+02	-4.4865066E-01	-8.4748942E-01
+1.5692000E+02	-5.3417778E-01	-7.9635155E-01
+1.5698000E+02	-6.1392301E-01	-7.3662639E-01
+1.5703999E+02	-6.8702936E-01	-6.6896319E-01
+1.5710001E+02	-7.5271267E-01	-5.9409523E-01
+1.5716000E+02	-8.1026834E-01	-5.1283348E-01
+1.5722000E+02	-8.5908079E-01	-4.2605627E-01
+1.5728000E+02	-8.9862829E-01	-3.3470142E-01
+1.5734000E+02	-9.2848992E-01	-2.3975390E-01
+1.5739999E+02	-9.4834840E-01	-1.4223832E-01
+1.5746001E+02	-9.5799482E-01	-4.3203816E-02
+1.5752000E+02	-9.5732975E-01	+5.6282792E-02
+1.5758000E+02	-9.4636464E-01	+1.5515171E-01
+1.5764000E+02	-9.2522180E-01	+2.5234047E-01
+1.5770000E+02	-8.9413208E-01	+3.4680510E-01
+1.5775999E+02	-8.5343391E-01	+4.3753144E-01
+1.5782001E+02	-8.0356789E-01	+5.2354574E-01
+1.5788000E+02	-7.4507278E-01	+6.0392660E-01
+1.5794000E+02	-6.7858058E-01	+6.7781210E-01
+1.5800000E+02	-6.0480779E-01	+7.4441147E-01
+1.5806000E+02	-5.2454877E-01	+8.0301261E-01
+1.5812000E+02	-4.3866760E-01	+8.5298878E-01
+1.5817999E+02	-3.4808847E-01	+8.9380729E-01
+1.5824001E+02	-2.5378400E-01	+9.2503321E-01
+1.5830000E+02	-1.5676811E-01	+9.4633496E-01
+1.5836000E+02	-5.8081754E-02	+9.5748818E-01
+1.5842000E+02	+4.1215844E-02	+9.5837706E-01
+1.5848000E+02	+1.4006007E-01	+9.4899595E-01
+1.5853999E+02	+2.3739137E-01	+9.2944968E-01
+1.5860001E+02	+3.3216783E-01	+8.9995199E-01
+1.5866000E+02	+4.2337489E-01	+8.6082315E-01
+1.5872000E+02	+5.1003772E-01	+8.1248659E-01
+1.5878000E+02	+5.9123021E-01	+7.5546414E-01
+1.5884000E+02	+6.6608614E-01	+6.9036996E-01
+1.5889999E+02	+7.3380762E-01	+6.1790460E-01
+1.5896001E+02	+7.9367447E-01	+5.3884679E-01
+1.5902000E+02	+8.4505016E-01	+4.5404524E-01
+1.5908000E+02	+8.8739043E-01	+3.6440906E-01
+1.5914000E+02	+9.2024785E-01	+2.7089843E-01
+1.5920000E+02	+9.4327682E-01	+1.7451395E-01
+1.5925999E+02	+9.5623708E-01	+7.6285928E-02
+1.5932001E+02	+9.5899588E-01	-2.2736721E-02
+1.5938000E+02	+9.5152974E-01	-1.2149763E-01
+1.5944000E+02	+9.3392414E-01	-2.1894436E-01
+1.5950000E+02	+9.0637237E-01	-3.1403953E-01
+1.5956000E+02	+8.6917347E-01	-4.0577185E-01
+1.5962000E+02	+8.2272875E-01	-4.9316692E-01
+1.5967999E+02	+7.6753759E-01	-5.7529742E-01
+1.5974001E+02	+7.0419186E-01	-6.5129274E-01
+1.5980000E+02	+6.3336891E-01	-7.2034866E-01
+1.5986000E+02	+5.5582529E-01	-7.8173500E-01
+1.5992000E+02	+4.7238824E-01	-8.3480376E-01
+1.5998000E+02	+3.8394654E-01	-8.7899566E-01
+1.6003999E+02	+2.9144090E-01	-9.1384625E-01
+1.6010001E+02	+1.9585463E-01	-9.3898994E-01
+1.6016000E+02	+9.8203175E-02	-9.5416445E-01
+1.6022000E+02	-4.7736894E-04	-9.5921338E-01
+1.6028000E+02	-9.9140994E-02	-9.5408732E-01
+1.6034000E+02	-1.9674166E-01	-9.3884450E-01
+1.6039999E+02	-2.9224589E-01	-9.1365033E-01
+1.6046001E+02	-3.8464311E-01	-8.7877536E-01
+1.6052000E+02	-4.7295564E-01	-8.3459228E-01
+1.6058000E+02	-5.5625039E-01	-7.8157169E-01
+1.6064000E+02	-6.3364655E-01	-7.2027814E-01
+1.6070000E+02	-7.0432669E-01	-6.5136290E-01
+1.6075999E+02	-7.6754534E-01	-5.7555729E-01
+1.6082001E+02	-8.2263541E-01	-4.9366620E-01
+1.6088000E+02	-8.6901641E-01	-4.0655708E-01
+1.6094000E+02	-9.0619993E-01	-3.1515381E-01
+1.6100000E+02	-9.3379587E-01	-2.2042398E-01
+1.6106000E+02	-9.5151460E-01	-1.2337088E-01
+1.6112000E+02	-9.5917207E-01	-2.5021093E-02
+1.6117999E+02	-9.5669031E-01	+7.3583990E-02
+1.6124001E+02	-9.4409889E-01	+1.7140283E-01
+1.6130000E+02	-9.2153418E-01	+2.6740095E-01
+1.6136000E+02	-8.8923788E-01	+3.6056477E-01
+1.6142000E+02	-8.4755504E-01	+4.4991046E-01
+1.6148000E+02	-7.9692984E-01	+5.3449559E-01
+1.6153999E+02	-7.3789990E-01	+6.1342901E-01
+1.6160001E+02	-6.7109233E-01	+6.8587929E-01
+1.6166000E+02	-5.9721577E-01	+7.5108433E-01
+1.6172000E+02	-5.1705265E-01	+8.0835950E-01
+1.6178000E+02	-4.3145221E-01	+8.5710406E-01
+1.6184000E+02	-3.4131953E-01	+8.9680827E-01
+1.6189999E+02	-2.4760681E-01	+9.2705804E-01
+1.6196001E+02	-1.5130351E-01	+9.4753957E-01
+1.6202000E+02	-5.3425685E-02	+9.5804214E-01
+1.6208000E+02	+4.4995751E-02	+9.5846087E-01
+1.6214000E+02	+1.4292488E-01	+9.4879675E-01
+1.6220000E+02	+2.3933156E-01	+9.2915714E-01
+1.6225999E+02	+3.3320308E-01	+8.9975411E-01
+1.6232001E+02	+4.2355484E-01	+8.6090201E-01
+1.6238000E+02	+5.0943947E-01	+8.1301445E-01
+1.6244000E+02	+5.8995754E-01	+7.5659919E-01
+1.6250000E+02	+6.6426760E-01	+6.9225311E-01
+1.6256000E+02	+7.3159361E-01	+6.2065512E-01
+1.6262000E+02	+7.9123318E-01	+5.4256004E-01
+1.6267999E+02	+8.4256560E-01	+4.5878944E-01
+1.6274001E+02	+8.8505727E-01	+3.7022385E-01
+1.6280000E+02	+9.1826749E-01	+2.7779281E-01
+1.6286000E+02	+9.4185311E-01	+1.8246573E-01
+1.6292000E+02	+9.5557159E-01	+8.5241258E-02
+1.6298000E+02	+9.5928371E-01	-1.2862776E-02
+1.6303999E+02	+9.5295453E-01	-1.1082015E-01
+1.6310001E+02	+9.3665421E-01	-2.0760685E-01
+1.6316000E+02	+9.1055650E-01	-3.0221164E-01
+1.6322000E+02	+8.7493730E-01	-3.9364666E-01
+1.6328000E+02	+8.3017200E-01	-4.8095757E-01
+1.6334000E+02	+7.7673066E-01	-5.6323344E-01
+1.6339999E+02	+7.1517438E-01	-6.3961595E-01
+1.6346001E+02	+6.4614707E-01	-7.0930970E-01
+1.6352000E+02	+5.7037216E-01	-7.7158773E-01
+1.6358000E+02	+4.8864269E-01	-8.2580131E-01
+1.6364000E+02	+4.0181315E-01	-8.7138623E-01
+1.6370000E+02	+3.1079063E-01	-9.0786862E-01
+1.6375999E+02	+2.1652821E-01	-9.3486875E-01
+1.6382001E+02	+1.2000906E-01	-9.5210725E-01
+1.6388000E+02	+2.2242276E-02	-9.5940602E-01
+1.6394000E+02	-7.5751647E-02	-9.5669085E-01
+1.6400000E+02	-1.7294832E-01	-9.4399267E-01
+1.6406000E+02	-2.6833436E-01	-9.2144620E-01
+1.6412000E+02	-3.6091423E-01	-8.8928938E-01
+1.6417999E+02	-4.4972259E-01	-8.4786022E-01
+1.6424001E+02	-5.3383273E-01	-7.9759425E-01
+1.6430000E+02	-6.1236912E-01	-7.3901844E-01
+1.6436000E+02	-6.8451411E-01	-6.7274684E-01
+1.6442000E+02	-7.4951732E-01	-5.9947366E-01
+1.6448000E+02	-8.0670345E-01	-5.1996565E-01
+1.6453999E+02	-8.5548013E-01	-4.3505400E-01
+1.6460001E+02	-8.9534181E-01	-3.4562665E-01
+1.6466000E+02	-9.2587763E-01	-2.5261697E-01
+1.6472000E+02	-9.4677395E-01	-1.5699600E-01
+1.6478000E+02	-9.5781833E-01	-5.9760459E-02
+1.6484000E+02	-9.5890081E-01	+3.8077101E-02
+1.6489999E+02	-9.5001578E-01	+1.3549864E-01
+1.6496001E+02	-9.3126094E-01	+2.3149098E-01
+1.6502000E+02	-9.0283728E-01	+3.2505754E-01
+1.6508000E+02	-8.6504561E-01	+4.1522789E-01
+1.6514000E+02	-8.1828362E-01	+5.0106782E-01
+1.6520000E+02	-7.6304215E-01	+5.8168954E-01
+1.6525999E+02	-6.9989920E-01	+6.5625912E-01
+1.6532001E+02	-6.2951386E-01	+7.2400808E-01
+1.6538000E+02	-5.5261970E-01	+7.8423828E-01
+1.6544000E+02	-4.7001696E-01	+8.3633012E-01
+1.6550000E+02	-3.8256362E-01	+8.7974918E-01
+1.6556000E+02	-2.9116756E-01	+9.1405082E-01
+1.6562000E+02	-1.9677499E-01	+9.3888551E-01
+1.6567999E+02	-1.0036446E-01	+9.5400083E-01
+1.6574001E+02	-2.9327159E-03	+9.5924568E-01
+1.6580000E+02	+9.4514243E-02	+9.5457029E-01
+1.6586000E+02	+1.9096833E-01	+9.4002742E-01
+1.6592000E+02	+2.8543636E-01	+9.1577065E-01
+1.6598000E+02	+3.7694189E-01	+8.8205451E-01
+1.6603999E+02	+4.6454337E-01	+8.3922994E-01
+1.6610001E+02	+5.4733777E-01	+7.8774154E-01
+1.6616000E+02	+6.2447172E-01	+7.2812355E-01
+1.6622000E+02	+6.9515216E-01	+6.6099232E-01
+1.6628000E+02	+7.5865078E-01	+5.8704293E-01
+1.6634000E+02	+8.1431490E-01	+5.0703895E-01
+1.6639999E+02	+8.6157179E-01	+4.2180714E-01
+1.6646001E+02	+8.9993560E-01	+3.3222753E-01
+1.6652000E+02	+9.2901266E-01	+2.3922467E-01
+1.6658000E+02	+9.4850433E-01	+1.4375845E-01
+1.6664000E+02	+9.5821142E-01	+4.6814010E-02
+1.6670000E+02	+9.5803559E-01	-5.0608493E-02
+1.6675999E+02	+9.4798005E-01	-1.4750405E-01
+1.6682001E+02	+9.2815071E-01	-2.4287327E-01
+1.6688000E+02	+8.9875370E-01	-3.3573270E-01
+1.6694000E+02	+8.6009443E-01	-4.2512497E-01
+1.6700000E+02	+8.1257385E-01	-5.1012892E-01
+1.6706000E+02	+7.5668412E-01	-5.8986872E-01
+1.6712000E+02	+6.9300401E-01	-6.6352367E-01
+1.6717999E+02	+6.2219244E-01	-7.3033595E-01
+1.6724001E+02	+5.4498166E-01	-7.8961879E-01
+1.6730000E+02	+4.6216986E-01	-8.4076387E-01
+1.6736000E+02	+3.7461278E-01	-8.8324708E-01
+1.6742000E+02	+2.8321409E-01	-9.1663432E-01
+1.6748000E+02	+1.8891692E-01	-9.4058567E-01
+1.6753999E+02	+9.2693903E-02	-9.5485866E-01
+1.6760001E+02	-4.4644559E-03	-9.5931125E-01
+1.6766000E+02	-1.0155737E-01	-9.5390248E-01
+1.6772000E+02	-1.9758718E-01	-9.3869328E-01
+1.6778000E+02	-2.9156673E-01	-9.1384518E-01
+1.6784000E+02	-3.8253194E-01	-8.7961894E-01
+1.6789999E+02	-4.6955007E-01	-8.3637142E-01
+1.6796001E+02	-5.5173129E-01	-7.8455120E-01
+1.6802000E+02	-6.2823486E-01	-7.2469527E-01
+1.6808000E+02	-6.9827944E-01	-6.5742177E-01
+1.6814000E+02	-7.6115113E-01	-5.8342421E-01
+1.6820000E+02	-8.1621033E-01	-5.0346446E-01
+1.6825999E+02	-8.6289746E-01	-4.1836390E-01
+1.6832001E+02	-9.0073931E-01	-3.2899639E-01
+1.6838000E+02	-9.2935359E-01	-2.3627783E-01
+1.6844000E+02	-9.4845200E-01	-1.4115790E-01
+1.6850000E+02	-9.5784378E-01	-4.4609286E-02
+1.6856000E+02	-9.5743728E-01	+5.2380372E-02
+1.6862000E+02	-9.4724059E-01	+1.4882104E-01
+1.6867999E+02	-9.2736161E-01	+2.4372800E-01
+1.6874001E+02	-8.9800614E-01	+3.3613315E-01
+1.6880000E+02	-8.5947686E-01	+4.2509440E-01
+1.6886000E+02	-8.1216925E-01	+5.0970477E-01
+1.6892000E+02	-7.5656819E-01	+5.8910209E-01
+1.6898000E+02	-6.9324285E-01	+6.6247743E-01
+1.6903999E+02	-6.2284058E-01	+7.2908336E-01
+1.6910001E+02	-5.4608035E-01	+7.8824162E-01
+1.6916000E+02	-4.6374679E-01	+8.3934927E-01
+1.6922000E+02	-3.7668058E-01	+8.8188595E-01
+1.6928000E+02	-2.8576994E-01	+9.1541886E-01
+1.6934000E+02	-1.9194356E-01	+9.3960625E-01
+1.6939999E+02	-9.6159376E-02	+9.5420212E-01
+1.6946001E+02	+6.0473778E-04	+9.5905840E-01
+1.6952000E+02	+9.7361378E-02	+9.5412648E-01
+1.6958000E+02	+1.9312248E-01	+9.3945748E-01
+1.6964000E+02	+2.8691050E-01	+9.1520232E-01
+1.6970000E+02	+3.7776789E-01	+8.8160968E-01
+1.6975999E+02	+4.6476725E-01	+8.3902419E-01
+1.6982001E+02	+5.4702073E-01	+7.8788185E-01
+1.6988000E+02	+6.2368959E-01	+7.2870666E-01
+1.6994000E+02	+6.9399190E-01	+6.6210455E-01
+1.7000000E+02	+7.5721174E-01	+5.8875728E-01
