+1.1000000E+02	+1.6331990E-03	+5.0042532E-02
+1.1006000E+02	+8.3316513E-04	+4.3113969E-02
+1.1012000E+02	-1.5821677E-03	+3.6759205E-02
+1.1018000E+02	-5.4252772E-03	+3.1333543E-02
+1.1024000E+02	-1.0432582E-02	+2.7137326E-02
+1.1030000E+02	-1.6279532E-02	+2.4400137E-02
+1.1036000E+02	-2.2599014E-02	+2.3268985E-02
+1.1042000E+02	-2.9001771E-02	+2.3801167E-02
+1.1048000E+02	-3.5097919E-02	+2.5961997E-02
+1.1054000E+02	-4.0518194E-02	+2.9627707E-02
+1.1060000E+02	-4.4933874E-02	+3.4593057E-02
+1.1066000E+02	-4.8074387E-02	+4.0583320E-02
+1.1072000E+02	-4.9741447E-02	+4.7270000E-02
+1.1078000E+02	-4.9819112E-02	+5.4289233E-02
+1.1084000E+02	-4.8279434E-02	+6.1262041E-02
+1.1090000E+02	-4.5183022E-02	+6.7815118E-02
+1.1096000E+02	-4.0674951E-02	+7.3601075E-02
+1.1102000E+02	-3.4976073E-02	+7.8317247E-02
+1.1108000E+02	-2.8370077E-02	+8.1721716E-02
+1.1114000E+02	-2.1187795E-02	+8.3645903E-02
+1.1120000E+02	-1.3788339E-02	+8.4003150E-02
+1.1126000E+02	-6.5395045E-03	+8.2792595E-02
+1.1132000E+02	+2.0240224E-04	+8.0098510E-02
+1.1138000E+02	+6.1119390E-03	+7.6084904E-02
+1.1144000E+02	+1.0911837E-02	+7.0985846E-02
+1.1150000E+02	+1.4387906E-02	+6.5092079E-02
+1.1156000E+02	+1.6399899E-02	+5.8734715E-02
+1.1162000E+02	+1.6888611E-02	+5.2266769E-02
+1.1168000E+02	+1.5878405E-02	+4.6043802E-02
+1.1174000E+02	+1.3475057E-02	+4.0404458E-02
+1.1180000E+02	+9.8593980E-03	+3.5652220E-02
+1.1186000E+02	+5.2767345E-03	+3.2039162E-02
+1.1192000E+02	+2.2916773E-05	+2.9752646E-02
+1.1198000E+02	-5.5721486E-03	+2.8905684E-02
+1.1204000E+02	-1.1162788E-02	+2.9531406E-02
+1.1210000E+02	-1.6406551E-02	+3.1581927E-02
+1.1216000E+02	-2.0982767E-02	+3.4931626E-02
+1.1222000E+02	-2.4609931E-02	+3.9384622E-02
+1.1228000E+02	-2.7060626E-02	+4.4686027E-02
+1.1234000E+02	-2.8173499E-02	+5.0536297E-02
+1.1240000E+02	-2.7861606E-02	+5.6607898E-02
+1.1246000E+02	-2.6116403E-02	+6.2563360E-02
+1.1252000E+02	-2.3007704E-02	+6.8073742E-02
+1.1258000E+02	-1.8679272E-02	+7.2836474E-02
+1.1264000E+02	-1.3340422E-02	+7.6591589E-02
+1.1270000E+02	-7.2540389E-03	+7.9135589E-02
+1.1276000E+02	-7.2198606E-04	+8.0332085E-02
+1.1282000E+02	+5.9316037E-03	+8.0118701E-02
+1.1288000E+02	+1.2378265E-02	+7.8509919E-02
+1.1294000E+02	+1.8302968E-02	+7.5595737E-02
+1.1300000E+02	+2.3421152E-02	+7.1536221E-02
+1.1306000E+02	+2.7494116E-02	+6.6552296E-02
+1.1312000E+02	+3.0341480E-02	+6.0913272E-02
+1.1318000E+02	+3.1850744E-02	+5.4921906E-02
+1.1324000E+02	+3.1982820E-02	+4.8897635E-02
+1.1330000E+02	+3.0773669E-02	+4.3159150E-02
+1.1336000E+02	+2.8331822E-02	+3.8007051E-02
+1.1342000E+02	+2.4832018E-02	+3.3707634E-02
+1.1348000E+02	+2.0505169E-02	+3.0478656E-02
+1.1354000E+02	+1.5625505E-02	+2.8477816E-02
+1.1360000E+02	+1.0495339E-02	+2.7794600E-02
+1.1366000E+02	+5.4284739E-03	+2.8445857E-02
+1.1372000E+02	+7.3302077E-04	+3.0375369E-02
+1.1378000E+02	-3.3052391E-03	+3.3457369E-02
+1.1384000E+02	-6.4383014E-03	+3.7503827E-02
+1.1390000E+02	-8.4691700E-03	+4.2275071E-02
+1.1396000E+02	-9.2621837E-03	+4.7493096E-02
+1.1402000E+02	-8.7501006E-03	+5.2856959E-02
+1.1408000E+02	-6.9372850E-03	+5.8059216E-02
+1.1414000E+02	-3.8990267E-03	+6.2802680E-02
+1.1420000E+02	+2.2289174E-04	+6.6816524E-02
+1.1426000E+02	+5.2283434E-03	+6.9870792E-02
+1.1432000E+02	+1.0870093E-02	+7.1788698E-02
+1.1438000E+02	+1.6867362E-02	+7.2455876E-02
+1.1444000E+02	+2.2921372E-02	+7.1826257E-02
+1.1450000E+02	+2.8731588E-02	+6.9924228E-02
+1.1456000E+02	+3.4012053E-02	+6.6842861E-02
+1.1462000E+02	+3.8506892E-02	+6.2738530E-02
+1.1468000E+02	+4.2003885E-02	+5.7822086E-02
+1.1474000E+02	+4.4345889E-02	+5.2347157E-02
+1.1480000E+02	+4.5438938E-02	+4.6596136E-02
+1.1486000E+02	+4.5257170E-02	+4.0864721E-02
+1.1492000E+02	+4.3843739E-02	+3.5445858E-02
+1.1498000E+02	+4.1308217E-02	+3.0613834E-02
+1.1504000E+02	+3.7820276E-02	+2.6609508E-02
+1.1510000E+02	+3.3600215E-02	+2.3627460E-02
+1.1516000E+02	+2.8906751E-02	+2.1805672E-02
+1.1522000E+02	+2.4022894E-02	+2.1218212E-02
+1.1528000E+02	+1.9240392E-02	+2.1871667E-02
+1.1534000E+02	+1.4843994E-02	+2.3705006E-02
+1.1540000E+02	+1.1095932E-02	+2.6593249E-02
+1.1546000E+02	+8.2219234E-03	+3.0354485E-02
+1.1552000E+02	+6.3990722E-03	+3.4759987E-02
+1.1558000E+02	+5.7464731E-03	+3.9546799E-02
+1.1564000E+02	+6.3190125E-03	+4.4432126E-02
+1.1570000E+02	+8.1046782E-03	+4.9128719E-02
+1.1576000E+02	+1.1025490E-02	+5.3360440E-02
+1.1582000E+02	+1.4941915E-02	+5.6877188E-02
+1.1588000E+02	+1.9660715E-02	+5.9468299E-02
+1.1594000E+02	+2.4945678E-02	+6.0973763E-02
+1.1600000E+02	+3.0530373E-02	+6.1292794E-02
+1.1606000E+02	+3.6132842E-02	+6.0388930E-02
+1.1612000E+02	+4.1470796E-02	+5.8291882E-02
+1.1618000E+02	+4.6276905E-02	+5.5095639E-02
+1.1624000E+02	+5.0313223E-02	+5.0953146E-02
+1.1630000E+02	+5.3383883E-02	+4.6067890E-02
+1.1636000E+02	+5.5345558E-02	+4.0682722E-02
+1.1642000E+02	+5.6115087E-02	+3.5066541E-02
+1.1648000E+02	+5.5673674E-02	+2.9499834E-02
+1.1654000E+02	+5.4067735E-02	+2.4259357E-02
+1.1660000E+02	+5.1406208E-02	+1.9603278E-02
+1.1666000E+02	+4.7854461E-02	+1.5757279E-02
+1.1672000E+02	+4.3625176E-02	+1.2902496E-02
+1.1678000E+02	+3.8966779E-02	+1.1165852E-02
+1.1684000E+02	+3.4149889E-02	+1.0613398E-02
+1.1690000E+02	+2.9452672E-02	+1.1246894E-02
+1.1696000E+02	+2.5145831E-02	+1.3003925E-02
+1.1702000E+02	+2.1478012E-02	+1.5761416E-02
+1.1708000E+02	+1.8662453E-02	+1.9342439E-02
+1.1714000E+02	+1.6865592E-02	+2.3525894E-02
+1.1720000E+02	+1.6198194E-02	+2.8058533E-02
+1.1726000E+02	+1.6709525E-02	+3.2668699E-02
+1.1732000E+02	+1.8384859E-02	+3.7080973E-02
+1.1738000E+02	+2.1146387E-02	+4.1031081E-02
+1.1744000E+02	+2.4857560E-02	+4.4280037E-02
+1.1750000E+02	+2.9330535E-02	+4.6627026E-02
+1.1756000E+02	+3.4336485E-02	+4.7920097E-02
+1.1762000E+02	+3.9617877E-02	+4.8064247E-02
+1.1768000E+02	+4.4902463E-02	+4.7026455E-02
+1.1774000E+02	+4.9917944E-02	+4.4837326E-02
+1.1780000E+02	+5.4406598E-02	+4.1589331E-02
+1.1786000E+02	+5.8139123E-02	+3.7431736E-02
+1.1792000E+02	+6.0926925E-02	+3.2562502E-02
+1.1798000E+02	+6.2632181E-02	+2.7217528E-02
+1.1804000E+02	+6.3175179E-02	+2.1657957E-02
+1.1810000E+02	+6.2538512E-02	+1.6156087E-02
+1.1816000E+02	+6.0767908E-02	+1.0980736E-02
+1.1822000E+02	+5.7969719E-02	+6.3828151E-03
+1.1828000E+02	+5.4305118E-02	+2.5818734E-03
+1.1834000E+02	+4.9981367E-02	-2.4564128E-04
+1.1840000E+02	+4.5240652E-02	-1.9758029E-03
+1.1846000E+02	+4.0347058E-02	-2.5437973E-03
+1.1852000E+02	+3.5572350E-02	-1.9473347E-03
+1.1858000E+02	+3.1181419E-02	-2.4671078E-04
+1.1864000E+02	+2.7418057E-02	+2.4384884E-03
+1.1870000E+02	+2.4491915E-02	+5.9358501E-03
+1.1876000E+02	+2.2567296E-02	+1.0029418E-02
+1.1882000E+02	+2.1754371E-02	+1.4471308E-02
+1.1888000E+02	+2.2103323E-02	+1.8995000E-02
+1.1894000E+02	+2.3601679E-02	+2.3329649E-02
+1.1900000E+02	+2.6175026E-02	+2.7214561E-02
+1.1906000E+02	+2.9691005E-02	+3.0413197E-02
+1.1912000E+02	+3.3966444E-02	+3.2725777E-02
+1.1918000E+02	+3.8777146E-02	+3.4000009E-02
+1.1924000E+02	+4.3869942E-02	+3.4139194E-02
+1.1930000E+02	+4.8976164E-02	+3.3107411E-02
+1.1936000E+02	+5.3826082E-02	+3.0931417E-02
+1.1942000E+02	+5.8163304E-02	+2.7699227E-02
+1.1948000E+02	+6.1758462E-02	+2.3555411E-02
+1.1954000E+02	+6.4421505E-02	+1.8693374E-02
+1.1960000E+02	+6.6011809E-02	+1.3345031E-02
+1.1966000E+02	+6.6445708E-02	+7.7684345E-03
+1.1972000E+02	+6.5701030E-02	+2.2340093E-03
+1.1978000E+02	+6.3818231E-02	-2.9898756E-03
+1.1984000E+02	+6.0898274E-02	-7.6512252E-03
+1.1990000E+02	+5.7097297E-02	-1.1527861E-02
+1.1996000E+02	+5.2618280E-02	-1.4439285E-02
+1.2002000E+02	+4.7700267E-02	-1.6256314E-02
+1.2008000E+02	+4.2605650E-02	-1.6907990E-02
+1.2014000E+02	+3.7606191E-02	-1.6385408E-02
+1.2020000E+02	+3.2968558E-02	-1.4742211E-02
+1.2026000E+02	+2.8940130E-02	-1.2091791E-02
+1.2032000E+02	+2.5735812E-02	-8.6012930E-03
+1.2038000E+02	+2.3526557E-02	-4.4827512E-03
+1.2044000E+02	+2.2430250E-02	+1.8137425E-05
+1.2050000E+02	+2.2505378E-02	+4.6350630E-03
+1.2056000E+02	+2.3747873E-02	+9.0952432E-03
+1.2062000E+02	+2.6091248E-02	+1.3133918E-02
+1.2068000E+02	+2.9410077E-02	+1.6508436E-02
+1.2074000E+02	+3.3526585E-02	+1.9011160E-02
+1.2080000E+02	+3.8220007E-02	+2.0480564E-02
+1.2086000E+02	+4.3238323E-02	+2.0809848E-02
+1.2092000E+02	+4.8311498E-02	+1.9952683E-02
+1.2098000E+02	+5.3165875E-02	+1.7925775E-02
+1.2104000E+02	+5.7538629E-02	+1.4808036E-02
+1.2110000E+02	+6.1191749E-02	+1.0736532E-02
+1.2116000E+02	+6.3924693E-02	+5.8992752E-03
+1.2122000E+02	+6.5585069E-02	+5.2535924E-04
+1.2128000E+02	+6.6076770E-02	-5.1271142E-03
+1.2134000E+02	+6.5365233E-02	-1.0784657E-02
+1.2140000E+02	+6.3479252E-02	-1.6172837E-02
+1.2146000E+02	+6.0509671E-02	-2.1030810E-02
+1.2152000E+02	+5.6604646E-02	-2.5125135E-02
+1.2158000E+02	+5.1961940E-02	-2.8262176E-02
+1.2164000E+02	+4.6818521E-02	-3.0298412E-02
+1.2170000E+02	+4.1438140E-02	-3.1148111E-02
+1.2176000E+02	+3.6097463E-02	-3.0787988E-02
+1.2182000E+02	+3.1071441E-02	-2.9258536E-02
+1.2188000E+02	+2.6618827E-02	-2.6662044E-02
+1.2194000E+02	+2.2968458E-02	-2.3157300E-02
+1.2200000E+02	+2.0307146E-02	-1.8951349E-02
+1.2206000E+02	+1.8769693E-02	-1.4288662E-02
+1.2212000E+02	+1.8431690E-02	-9.4383340E-03
+1.2218000E+02	+1.9305399E-02	-4.6799360E-03
+1.2224000E+02	+2.1338956E-02	-2.8881940E-04
+1.2230000E+02	+2.4418956E-02	+3.4784137E-03
+1.2236000E+02	+2.8376268E-02	+6.3974704E-03
+1.2242000E+02	+3.2994825E-02	+8.2882559E-03
+1.2248000E+02	+3.8022876E-02	+9.0244692E-03
+1.2254000E+02	+4.3186121E-02	+8.5403789E-03
+1.2260000E+02	+4.8202116E-02	+6.8344465E-03
+1.2266000E+02	+5.2795086E-02	+3.9695697E-03
+1.2272000E+02	+5.6710437E-02	+6.9956135E-05
+1.2278000E+02	+5.9728198E-02	-4.6852408E-03
+1.2284000E+02	+6.1674662E-02	-1.0071179E-02
+1.2290000E+02	+6.2431663E-02	-1.5829004E-02
+1.2296000E+02	+6.1942887E-02	-2.1679332E-02
+1.2302000E+02	+6.0217064E-02	-2.7336866E-02
+1.2308000E+02	+5.7327650E-02	-3.2525320E-02
+1.2314000E+02	+5.3409182E-02	-3.6991928E-02
+1.2320000E+02	+4.8650425E-02	-4.0520784E-02
+1.2326000E+02	+4.3284610E-02	-4.2944234E-02
+1.2332000E+02	+3.7577417E-02	-4.4151813E-02
+1.2338000E+02	+3.1813078E-02	-4.4096209E-02
+1.2344000E+02	+2.6279658E-02	-4.2795893E-02
+1.2350000E+02	+2.1253919E-02	-4.0334415E-02
+1.2356000E+02	+1.6986869E-02	-3.6856189E-02
+1.2362000E+02	+1.3690528E-02	-3.2559156E-02
+1.2368000E+02	+1.1526748E-02	-2.7684610E-02
+1.2374000E+02	+1.0598580E-02	-2.2504723E-02
+1.2380000E+02	+1.0944722E-02	-1.7308451E-02
+1.2386000E+02	+1.2537264E-02	-1.2386487E-02
+1.2392000E+02	+1.5282953E-02	-8.0161085E-03
+1.2398000E+02	+1.9027829E-02	-4.4466662E-03
+1.2404000E+02	+2.3565037E-02	-1.8864854E-03
+1.2410000E+02	+2.8645450E-02	-4.9187511E-04
+1.2416000E+02	+3.3990484E-02	-3.5879796E-04
+1.2422000E+02	+3.9306533E-02	-1.5176665E-03
+1.2428000E+02	+4.4300165E-02	-3.9315294E-03
+1.2434000E+02	+4.8693433E-02	-7.4977567E-03
+1.2440000E+02	+5.2238367E-02	-1.2053142E-02
+1.2446000E+02	+5.4729976E-02	-1.7382182E-02
+1.2452000E+02	+5.6017071E-02	-2.3228075E-02
+1.2458000E+02	+5.6010295E-02	-2.9305914E-02
+1.2464000E+02	+5.4687016E-02	-3.5317402E-02
+1.2470000E+02	+5.2092738E-02	-4.0966261E-02
+1.2476000E+02	+4.8338983E-02	-4.5973606E-02
+1.2482000E+02	+4.3597735E-02	-5.0092526E-02
+1.2488000E+02	+3.8092807E-02	-5.3120952E-02
+1.2494000E+02	+3.2088399E-02	-5.4912295E-02
+1.2500000E+02	+2.5875548E-02	-5.5383310E-02
+1.2506000E+02	+1.9757159E-02	-5.4518566E-02
+1.2512000E+02	+1.4032398E-02	-5.2371550E-02
+1.2518000E+02	+8.9812269E-03	-4.9062144E-02
+1.2524000E+02	+4.8497561E-03	-4.4770680E-02
+1.2530000E+02	+1.8374897E-03	-3.9728843E-02
+1.2536000E+02	+8.6750413E-05	-3.4207895E-02
+1.2542000E+02	-3.2482139E-04	-2.8504809E-02
+1.2548000E+02	+6.1144785E-04	-2.2927031E-02
+1.2554000E+02	+2.8345392E-03	-1.7776659E-02
+1.2560000E+02	+6.2166248E-03	-1.3334814E-02
+1.2566000E+02	+1.0569418E-02	-9.8470701E-03
+1.2572000E+02	+1.5653636E-02	-7.5106467E-03
+1.2578000E+02	+2.1191126E-02	-6.4640511E-03
+1.2584000E+02	+2.6879055E-02	-6.7797112E-03
+1.2590000E+02	+3.2405399E-02	-8.4599825E-03
+1.2596000E+02	+3.7464987E-02	-1.1436744E-02
+1.2602000E+02	+4.1775215E-02	-1.5574628E-02
+1.2608000E+02	+4.5090687E-02	-2.0677704E-02
+1.2614000E+02	+4.7215980E-02	-2.6499322E-02
+1.2620000E+02	+4.8015893E-02	-3.2754559E-02
+1.2626000E+02	+4.7422633E-02	-3.9134730E-02
+1.2632000E+02	+4.5439553E-02	-4.5323130E-02
+1.2638000E+02	+4.2141344E-02	-5.1011242E-02
+1.2644000E+02	+3.7670400E-02	-5.5914614E-02
+1.2650000E+02	+3.2229811E-02	-5.9787579E-02
+1.2656000E+02	+2.6073307E-02	-6.2435906E-02
+1.2662000E+02	+1.9492278E-02	-6.3727088E-02
+1.2668000E+02	+1.2801222E-02	-6.3597292E-02
+1.2674000E+02	+6.3215317E-03	-6.2054921E-02
+1.2680000E+02	+3.6523005E-04	-5.9180532E-02
+1.2686000E+02	-4.7811093E-03	-5.5122938E-02
+1.2692000E+02	-8.8710478E-03	-5.0091933E-02
+1.2698000E+02	-1.1711171E-02	-4.4347778E-02
+1.2704000E+02	-1.3170989E-02	-3.8188163E-02
+1.2710000E+02	-1.3190082E-02	-3.1933092E-02
+1.2716000E+02	-1.1781246E-02	-2.5908707E-02
+1.2722000E+02	-9.0303160E-03	-2.0430623E-02
+1.2728000E+02	-5.0919852E-03	-1.5787812E-02
+1.2734000E+02	-1.8224229E-04	-1.2227746E-02
+1.2740000E+02	+5.4323901E-03	-9.9436371E-03
+1.2746000E+02	+1.1448252E-02	-9.0643531E-03
+1.2752000E+02	+1.7539822E-02	-9.6476022E-03
+1.2758000E+02	+2.3376217E-02	-1.1676705E-02
+1.2764000E+02	+2.8637992E-02	-1.5061131E-02
+1.2770000E+02	+3.3033445E-02	-1.9640815E-02
+1.2776000E+02	+3.6313556E-02	-2.5193980E-02
+1.2782000E+02	+3.8284790E-02	-3.1448193E-02
+1.2788000E+02	+3.8819186E-02	-3.8093947E-02
+1.2794000E+02	+3.7861124E-02	-4.4800263E-02
+1.2800000E+02	+3.5430390E-02	-5.1231358E-02
+1.2806000E+02	+3.1621546E-02	-5.7063688E-02
+1.2812000E+02	+2.6599420E-02	-6.2002365E-02
+1.2817999E+02	+2.0591008E-02	-6.5796249E-02
+1.2824001E+02	+1.3874295E-02	-6.8250813E-02
+1.2830000E+02	+6.7642382E-03	-6.9238253E-02
+1.2836000E+02	-4.0272000E-04	-6.8704188E-02
+1.2842000E+02	-7.2858944E-03	-6.6670716E-02
+1.2848000E+02	-1.3557456E-02	-6.3235633E-02
+1.2853999E+02	-1.8918959E-02	-5.8567721E-02
+1.2860001E+02	-2.3116615E-02	-5.2898601E-02
+1.2866000E+02	-2.5954317E-02	-4.6511196E-02
+1.2872000E+02	-2.7303662E-02	-3.9725713E-02
+1.2878000E+02	-2.7110744E-02	-3.2883629E-02
+1.2884000E+02	-2.5399208E-02	-2.6330512E-02
+1.2889999E+02	-2.2269266E-02	-2.0398678E-02
+1.2896001E+02	-1.7893014E-02	-1.5390364E-02
+1.2902000E+02	-1.2506010E-02	-1.1562400E-02
+1.2908000E+02	-6.3956790E-03	-9.1131087E-03
+1.2914000E+02	+1.1297171E-04	-8.1720920E-03
+1.2920000E+02	+6.6735270E-03	-8.7934649E-03
+1.2925999E+02	+1.2935543E-02	-1.0952834E-02
+1.2932001E+02	+1.8562097E-02	-1.4548243E-02
+1.2938000E+02	+2.3246786E-02	-1.9404978E-02
+1.2944000E+02	+2.6729226E-02	-2.5284080E-02
+1.2950000E+02	+2.8808268E-02	-3.1894106E-02
+1.2956000E+02	+2.9352367E-02	-3.8905505E-02
+1.2962000E+02	+2.8306369E-02	-4.5967061E-02
+1.2967999E+02	+2.5694638E-02	-5.2723356E-02
+1.2974001E+02	+2.1620007E-02	-5.8832634E-02
+1.2980000E+02	+1.6259026E-02	-6.3983887E-02
+1.2986000E+02	+9.8534040E-03	-6.7912556E-02
+1.2992000E+02	+2.6981211E-03	-7.0413940E-02
+1.2998000E+02	-4.8732245E-03	-7.1353652E-02
+1.3003999E+02	-1.2504671E-02	-7.0674591E-02
+1.3010001E+02	-1.9836010E-02	-6.8400048E-02
+1.3016000E+02	-2.6520340E-02	-6.4632848E-02
+1.3022000E+02	-3.2241702E-02	-5.9550483E-02
+1.3028000E+02	-3.6730777E-02	-5.3396545E-02
+1.3034000E+02	-3.9778575E-02	-4.6468806E-02
+1.3039999E+02	-4.1247085E-02	-3.9104506E-02
+1.3046001E+02	-4.1076258E-02	-3.1663790E-02
+1.3052000E+02	-3.9287392E-02	-2.4511771E-02
+1.3058000E+02	-3.5982262E-02	-1.8000413E-02
+1.3064000E+02	-3.1338390E-02	-1.2450972E-02
+1.3070000E+02	-2.5600391E-02	-8.1379265E-03
+1.3075999E+02	-1.9068109E-02	-5.2751713E-03
+1.3082001E+02	-1.2081859E-02	-4.0052100E-03
+1.3088000E+02	-5.0056675E-03	-4.3918332E-03
+1.3094000E+02	+1.7907132E-03	-6.4167096E-03
+1.3100000E+02	+7.9501374E-03	-9.9800294E-03
+1.3106000E+02	+1.3145801E-02	-1.4905211E-02
+1.3112000E+02	+1.7097570E-02	-2.0947378E-02
+1.3117999E+02	+1.9585941E-02	-2.7805338E-02
+1.3124001E+02	+2.0463174E-02	-3.5136256E-02
+1.3130000E+02	+1.9660791E-02	-4.2572532E-02
+1.3136000E+02	+1.7193068E-02	-4.9739953E-02
+1.3142000E+02	+1.3156917E-02	-5.6276038E-02
+1.3148000E+02	+7.7269482E-03	-6.1848164E-02
+1.3153999E+02	+1.1473364E-03	-6.6169955E-02
+1.3160001E+02	-6.2801712E-03	-6.9015592E-02
+1.3166000E+02	-1.4210838E-02	-7.0231140E-02
+1.3172000E+02	-2.2274019E-02	-6.9742329E-02
+1.3178000E+02	-3.0091146E-02	-6.7558452E-02
+1.3184000E+02	-3.7294529E-02	-6.3772105E-02
+1.3189999E+02	-4.3545384E-02	-5.8554895E-02
+1.3196001E+02	-4.8550662E-02	-5.2149158E-02
+1.3202000E+02	-5.2077521E-02	-4.4856250E-02
+1.3208000E+02	-5.3964969E-02	-3.7021887E-02
+1.3214000E+02	-5.4131925E-02	-2.9019203E-02
+1.3220000E+02	-5.2581422E-02	-2.1230632E-02
+1.3225999E+02	-4.9400713E-02	-1.4028960E-02
+1.3232001E+02	-4.4757087E-02	-7.7591408E-03
+1.3238000E+02	-3.8889922E-02	-2.7212834E-03
+1.3244000E+02	-3.2099094E-02	+8.4420311E-04
+1.3250000E+02	-2.4730442E-02	+2.7685016E-03
+1.3256000E+02	-1.7158875E-02	+2.9628039E-03
+1.3262000E+02	-9.7701317E-03	+1.4228739E-03
+1.3267999E+02	-2.9418981E-03	-1.7705947E-03
+1.3274001E+02	+2.9746802E-03	-6.4557362E-03
+1.3280000E+02	+7.6722163E-03	-1.2397260E-02
+1.3286000E+02	+1.0902204E-02	-1.9297795E-02
+1.3292000E+02	+1.2487269E-02	-2.6812302E-02
+1.3298000E+02	+1.2329952E-02	-3.4564812E-02
+1.3303999E+02	+1.0417662E-02	-4.2166717E-02
+1.3310001E+02	+6.8233903E-03	-4.9235709E-02
+1.3316000E+02	+1.7023723E-03	-5.5414423E-02
+1.3322000E+02	-4.7153644E-03	-6.0387880E-02
+1.3328000E+02	-1.2136106E-02	-6.3898936E-02
+1.3334000E+02	-2.0216540E-02	-6.5760858E-02
+1.3339999E+02	-2.8580463E-02	-6.5866537E-02
+1.3346001E+02	-3.6836997E-02	-6.4193852E-02
+1.3352000E+02	-4.4599511E-02	-6.0806811E-02
+1.3358000E+02	-5.1504474E-02	-5.5852674E-02
+1.3364000E+02	-5.7229139E-02	-4.9554806E-02
+1.3370000E+02	-6.1507180E-02	-4.2202067E-02
+1.3375999E+02	-6.4141743E-02	-3.4134790E-02
+1.3382001E+02	-6.5015100E-02	-2.5728466E-02
+1.3388000E+02	-6.4094402E-02	-1.7375451E-02
+1.3394000E+02	-6.1433382E-02	-9.4661033E-03
+1.3400000E+02	-5.7169870E-02	-2.3698853E-03
+1.3406000E+02	-5.1519215E-02	+3.5825633E-03
+1.3412000E+02	-4.4763952E-02	+8.1155086E-03
+1.3417999E+02	-3.7240211E-02	+1.1021344E-02
+1.3424001E+02	-2.9321546E-02	+1.2170831E-02
+1.3430000E+02	-2.1400932E-02	+1.1519328E-02
+1.3436000E+02	-1.3871811E-02	+9.1090435E-03
+1.3442000E+02	-7.1091480E-03	+5.0670528E-03
+1.3448000E+02	-1.4513186E-03	-4.0074784E-04
+1.3453999E+02	+2.8162012E-03	-7.0195212E-03
+1.3460001E+02	+5.4746135E-03	-1.4458660E-02
+1.3466000E+02	+6.3823778E-03	-2.2347676E-02
+1.3472000E+02	+5.4820310E-03	-3.0293982E-02
+1.3478000E+02	+2.8030213E-03	-3.7901767E-02
+1.3484000E+02	-1.5396791E-03	-4.4791006E-02
+1.3489999E+02	-7.3510855E-03	-5.0615683E-02
+1.3496001E+02	-1.4365486E-02	-5.5080447E-02
+1.3502000E+02	-2.2259191E-02	-5.7954770E-02
+1.3508000E+02	-3.0666038E-02	-5.9084002E-02
+1.3514000E+02	-3.9194915E-02	-5.8396816E-02
+1.3520000E+02	-4.7448490E-02	-5.5908587E-02
+1.3525999E+02	-5.5042244E-02	-5.1720709E-02
+1.3532001E+02	-6.1622739E-02	-4.6015754E-02
+1.3538000E+02	-6.6884696E-02	-3.9048634E-02
+1.3544000E+02	-7.0585459E-02	-3.1134522E-02
+1.3550000E+02	-7.2556496E-02	-2.2633834E-02
+1.3556000E+02	-7.2711565E-02	-1.3934856E-02
+1.3562000E+02	-7.1050733E-02	-5.4353657E-03
+1.3567999E+02	-6.7660324E-02	+2.4763735E-03
+1.3574001E+02	-6.2708758E-02	+9.4401436E-03
+1.3580000E+02	-5.6438558E-02	+1.5140770E-02
+1.3586000E+02	-4.9154680E-02	+1.9323248E-02
+1.3592000E+02	-4.1210055E-02	+2.1804724E-02
+1.3598000E+02	-3.2988697E-02	+2.2483179E-02
+1.3603999E+02	-2.4887571E-02	+2.1342151E-02
+1.3610001E+02	-1.7297581E-02	+1.8451530E-02
+1.3616000E+02	-1.0585169E-02	+1.3964079E-02
+1.3622000E+02	-5.0749131E-03	+8.1081642E-03
+1.3628000E+02	-1.0341645E-03	+1.1768517E-03
+1.3634000E+02	+1.3394895E-03	-6.4860666E-03
+1.3639999E+02	+1.9275317E-03	-1.4502376E-02
+1.3646001E+02	+6.9600932E-04	-2.2477379E-02
+1.3652000E+02	-2.3029628E-03	-3.0018561E-02
+1.3658000E+02	-6.9337781E-03	-3.6754139E-02
+1.3664000E+02	-1.2983866E-02	-4.2350579E-02
+1.3670000E+02	-2.0173825E-02	-4.6528261E-02
+1.3675999E+02	-2.8170707E-02	-4.9074605E-02
+1.3682001E+02	-3.6603782E-02	-4.9853954E-02
+1.3688000E+02	-4.5082029E-02	-4.8813850E-02
+1.3694000E+02	-5.3212643E-02	-4.5987349E-02
+1.3700000E+02	-6.0619421E-02	-4.1491318E-02
+1.3706000E+02	-6.6960499E-02	-3.5520799E-02
+1.3712000E+02	-7.1944259E-02	-2.8339650E-02
+1.3717999E+02	-7.5342938E-02	-2.0268105E-02
+1.3724001E+02	-7.7003226E-02	-1.1667551E-02
+1.3730000E+02	-7.6853208E-02	-2.9235734E-03
+1.3736000E+02	-7.4905619E-02	+5.5721533E-03
+1.3742000E+02	-7.1257055E-02	+1.3440340E-02
+1.3748000E+02	-6.6083200E-02	+2.0331588E-02
+1.3753999E+02	-5.9630450E-02	+2.5942843E-02
+1.3760001E+02	-5.2204259E-02	+3.0031295E-02
+1.3766000E+02	-4.4154700E-02	+3.2425638E-02
+1.3772000E+02	-3.5859983E-02	+3.3033874E-02
+1.3778000E+02	-2.7708840E-02	+3.1847302E-02
+1.3784000E+02	-2.0082269E-02	+2.8940784E-02
+1.3789999E+02	-1.3335897E-02	+2.4468996E-02
+1.3796001E+02	-7.7834912E-03	+1.8658983E-02
+1.3802000E+02	-3.6824935E-03	+1.1799390E-02
+1.3808000E+02	-1.2222218E-03	+4.2268778E-03
+1.3814000E+02	-5.1530072E-04	-3.6896709E-03
+1.3820000E+02	-1.5926773E-03	-1.1566363E-02
+1.3825999E+02	-4.4024526E-03	-1.9022143E-02
+1.3832001E+02	-8.8125486E-03	-2.5696438E-02
+1.3838000E+02	-1.4617129E-02	-3.1265792E-02
+1.3844000E+02	-2.1546304E-02	-3.5458680E-02
+1.3850000E+02	-2.9278914E-02	-3.8067907E-02
+1.3856000E+02	-3.7457522E-02	-3.8959935E-02
+1.3862000E+02	-4.5704979E-02	-3.8080778E-02
+1.3867999E+02	-5.3641982E-02	-3.5458192E-02
+1.3874001E+02	-6.0904529E-02	-3.1200144E-02
+1.3880000E+02	-6.7160599E-02	-2.5489457E-02
+1.3886000E+02	-7.2125383E-02	-1.8575117E-02
+1.3892000E+02	-7.5574078E-02	-1.0760635E-02
+1.3898000E+02	-7.7352092E-02	-2.3898266E-03
+1.3903999E+02	-7.7381775E-02	+6.1692116E-03
+1.3910001E+02	-7.5665697E-02	+1.4540876E-02
+1.3916000E+02	-7.2286166E-02	+2.2359565E-02
+1.3922000E+02	-6.7401171E-02	+2.9286170E-02
+1.3928000E+02	-6.1236754E-02	+3.5023578E-02
+1.3934000E+02	-5.4076400E-02	+3.9330099E-02
+1.3939999E+02	-4.6247855E-02	+4.2030163E-02
+1.3946001E+02	-3.8107932E-02	+4.3022145E-02
+1.3952000E+02	-3.0026071E-02	+4.2282574E-02
+1.3958000E+02	-2.2367498E-02	+3.9866883E-02
+1.3964000E+02	-1.5476589E-02	+3.5906486E-02
+1.3970000E+02	-9.6612731E-03	+3.0602459E-02
+1.3975999E+02	-5.1792357E-03	+2.4216039E-02
+1.3982001E+02	-2.2264584E-03	+1.7056465E-02
+1.3988000E+02	-9.2860754E-04	+9.4667058E-03
+1.3994000E+02	-1.3356952E-03	+1.8077209E-03
+1.4000000E+02	-3.4202037E-03	-5.5579725E-03
+1.4006000E+02	-7.0787193E-03	-1.2282734E-02
+1.4012000E+02	-1.2137008E-02	-1.8049447E-02
+1.4017999E+02	-1.8358268E-02	-2.2585697E-02
+1.4024001E+02	-2.5454136E-02	-2.5675846E-02
+1.4030000E+02	-3.3097982E-02	-2.7170446E-02
+1.4036000E+02	-4.0939853E-02	-2.6992625E-02
+1.4042000E+02	-4.8622344E-02	-2.5141172E-02
+1.4048000E+02	-5.5796731E-02	-2.1690179E-02
+1.4053999E+02	-6.2138584E-02	-1.6785270E-02
+1.4060001E+02	-6.7362249E-02	-1.0636664E-02
+1.4066000E+02	-7.1233407E-02	-3.5094486E-03
+1.4072000E+02	-7.3579319E-02	+4.2886748E-03
+1.4078000E+02	-7.4296199E-02	+1.2421443E-02
+1.4084000E+02	-7.3353462E-02	+2.0539198E-02
+1.4089999E+02	-7.0794679E-02	+2.8294578E-02
+1.4096001E+02	-6.6735230E-02	+3.5358049E-02
+1.4102000E+02	-6.1356664E-02	+4.1432519E-02
+1.4108000E+02	-5.4898322E-02	+4.6266351E-02
+1.4114000E+02	-4.7646195E-02	+4.9664374E-02
+1.4120000E+02	-3.9920080E-02	+5.1496133E-02
+1.4125999E+02	-3.2059036E-02	+5.1701386E-02
+1.4132001E+02	-2.4406290E-02	+5.0292335E-02
+1.4138000E+02	-1.7293939E-02	+4.7352627E-02
+1.4144000E+02	-1.1028302E-02	+4.3033246E-02
+1.4150000E+02	-5.8764988E-03	+3.7545387E-02
+1.4156000E+02	-2.0549388E-03	+3.1150781E-02
+1.4162000E+02	+2.8002748E-04	+2.4149785E-02
+1.4167999E+02	+1.0386015E-03	+1.6867913E-02
+1.4174001E+02	+2.0107861E-04	+9.6412925E-03
+1.4180000E+02	-2.1816802E-03	+2.8018076E-03
+1.4186000E+02	-5.9909443E-03	-3.3374990E-03
+1.4192000E+02	-1.1045736E-02	-8.4960777E-03
+1.4198000E+02	-1.7111186E-02	-1.2437998E-02
+1.4203999E+02	-2.3909139E-02	-1.4982037E-02
+1.4210001E+02	-3.1130655E-02	-1.6009301E-02
+1.4216000E+02	-3.8449716E-02	-1.5468005E-02
+1.4222000E+02	-4.5537576E-02	-1.3375438E-02
+1.4228000E+02	-5.2077204E-02	-9.8166503E-03
+1.4234000E+02	-5.7777006E-02	-4.9404255E-03
+1.4239999E+02	-6.2383436E-02	+1.0476244E-03
+1.4246001E+02	-6.5691791E-02	+7.8943968E-03
+1.4252000E+02	-6.7554832E-02	+1.5310519E-02
+1.4258000E+02	-6.7888878E-02	+2.2983266E-02
+1.4264000E+02	-6.6677026E-02	+3.0590203E-02
+1.4270000E+02	-6.3969493E-02	+3.7813310E-02
+1.4275999E+02	-5.9881072E-02	+4.4352643E-02
+1.4282001E+02	-5.4585762E-02	+4.9939368E-02
+1.4288000E+02	-4.8308838E-02	+5.4347061E-02
+1.4294000E+02	-4.1316934E-02	+5.7401408E-02
+1.4300000E+02	-3.3906151E-02	+5.8987282E-02
+1.4306000E+02	-2.6389197E-02	+5.9053496E-02
+1.4312000E+02	-1.9081825E-02	+5.7614576E-02
+1.4317999E+02	-1.2289102E-02	+5.4749787E-02
+1.4324001E+02	-6.2925001E-03	+5.0599359E-02
+1.4330000E+02	-1.3377870E-03	+4.5358151E-02
+1.4336000E+02	+2.3752558E-03	+3.9266922E-02
+1.4342000E+02	+4.7012009E-03	+3.2601804E-02
+1.4348000E+02	+5.5548903E-03	+2.5662262E-02
+1.4353999E+02	+4.9147536E-03	+1.8758144E-02
+1.4360001E+02	+2.8234762E-03	+1.2196353E-02
+1.4366000E+02	-6.1423879E-04	+6.2677590E-03
+1.4372000E+02	-5.2364036E-03	+1.2348437E-03
+1.4378000E+02	-1.0830956E-02	-2.6793629E-03
+1.4384000E+02	-1.7145043E-02	-5.3006019E-03
+1.4389999E+02	-2.3895996E-02	-6.5105860E-03
+1.4396001E+02	-3.0783497E-02	-6.2517589E-03
+1.4402000E+02	-3.7502430E-02	-4.5294920E-03
+1.4408000E+02	-4.3755874E-02	-1.4115440E-03
+1.4414000E+02	-4.9267702E-02	+2.9750392E-03
+1.4420000E+02	-5.3794157E-02	+8.4496085E-03
+1.4425999E+02	-5.7134110E-02	+1.4785793E-02
+1.4432001E+02	-5.9137385E-02	+2.1721276E-02
+1.4438000E+02	-5.9710898E-02	+2.8968975E-02
+1.4444000E+02	-5.8822423E-02	+3.6229417E-02
+1.4450000E+02	-5.6501705E-02	+4.3203276E-02
+1.4456000E+02	-5.2838989E-02	+4.9604163E-02
+1.4462000E+02	-4.7980953E-02	+5.5170629E-02
+1.4467999E+02	-4.2124432E-02	+5.9677061E-02
+1.4474001E+02	-3.5507839E-02	+6.2943131E-02
+1.4480000E+02	-2.8401110E-02	+6.4841263E-02
+1.4486000E+02	-2.1094084E-02	+6.5301806E-02
+1.4492000E+02	-1.3884444E-02	+6.4315826E-02
+1.4498000E+02	-7.0650103E-03	+6.1935317E-02
+1.4503999E+02	-9.1149216E-04	+5.8270834E-02
+1.4510001E+02	+4.3290136E-03	+5.3486750E-02
+1.4516000E+02	+8.4484220E-03	+4.7794130E-02
+1.4522000E+02	+1.1286207E-02	+4.1441891E-02
+1.4528000E+02	+1.2736111E-02	+3.4706157E-02
+1.4534000E+02	+1.2750519E-02	+2.7878698E-02
+1.4539999E+02	+1.1342238E-02	+2.1254627E-02
+1.4546001E+02	+8.5839787E-03	+1.5120034E-02
+1.4552000E+02	+4.6051391E-03	+9.7400062E-03
+1.4558000E+02	-4.1367492E-04	+5.3475504E-03
+1.4564000E+02	-6.2482776E-03	+2.1338812E-03
+1.4570000E+02	-1.2640347E-02	+2.4044530E-04
+1.4575999E+02	-1.9308278E-02	-2.4692132E-04
+1.4582001E+02	-2.5958983E-02	+6.9842709E-04
+1.4588000E+02	-3.2300174E-02	+3.0428991E-03
+1.4594000E+02	-3.8052578E-02	+6.6941264E-03
+1.4600000E+02	-4.2961635E-02	+1.1504799E-02
+1.4606000E+02	-4.6808116E-02	+1.7278902E-02
+1.4612000E+02	-4.9417291E-02	+2.3779932E-02
+1.4617999E+02	-5.0666232E-02	+3.0740706E-02
+1.4624001E+02	-5.0488945E-02	+3.7874620E-02
+1.4630000E+02	-4.8879165E-02	+4.4887640E-02
+1.4636000E+02	-4.5890581E-02	+5.1490456E-02
+1.4642000E+02	-4.1634671E-02	+5.7410777E-02
+1.4648000E+02	-3.6275990E-02	+6.2404547E-02
+1.4653999E+02	-3.0025475E-02	+6.6266261E-02
+1.4660001E+02	-2.3131421E-02	+6.8837561E-02
+1.4666000E+02	-1.5869390E-02	+7.0013873E-02
+1.4672000E+02	-8.5304826E-03	+6.9748841E-02
+1.4678000E+02	-1.4093777E-03	+6.8056330E-02
+1.4684000E+02	+5.2080979E-03	+6.5009899E-02
+1.4689999E+02	+1.1056930E-02	+6.0739771E-02
+1.4696001E+02	+1.5903996E-02	+5.5427518E-02
+1.4702000E+02	+1.9557845E-02	+4.9298476E-02
+1.4708000E+02	+2.1876797E-02	+4.2612396E-02
+1.4714000E+02	+2.2774942E-02	+3.5652641E-02
+1.4720000E+02	+2.2225803E-02	+2.8714349E-02
+1.4725999E+02	+2.0263547E-02	+2.2092100E-02
+1.4732001E+02	+1.6981667E-02	+1.6067578E-02
+1.4738000E+02	+1.2529155E-02	+1.0897764E-02
+1.4744000E+02	+7.1043721E-03	+6.8041175E-03
+1.4750000E+02	+9.4683096E-04	+3.9632400E-03
+1.4756000E+02	-5.6727696E-03	+2.4993815E-03
+1.4762000E+02	-1.2463827E-02	+2.4791351E-03
+1.4767999E+02	-1.9127974E-02	+3.9085206E-03
+1.4774001E+02	-2.5371583E-02	+6.7326250E-03
+1.4780000E+02	-3.0918086E-02	+1.0837749E-02
+1.4786000E+02	-3.5519607E-02	+1.6056105E-02
+1.4792000E+02	-3.8967457E-02	+2.2172663E-02
+1.4798000E+02	-4.1100923E-02	+2.8934162E-02
+1.4803999E+02	-4.1814186E-02	+3.6059573E-02
+1.4810001E+02	-4.1060846E-02	+4.3251932E-02
+1.4816000E+02	-3.8856022E-02	+5.0210688E-02
+1.4822000E+02	-3.5275772E-02	+5.6644399E-02
+1.4828000E+02	-3.0454226E-02	+6.2282924E-02
+1.4834000E+02	-2.4577877E-02	+6.6888921E-02
+1.4839999E+02	-1.7877899E-02	+7.0267819E-02
+1.4846001E+02	-1.0620625E-02	+7.2276101E-02
+1.4852000E+02	-3.0963614E-03	+7.2827503E-02
+1.4858000E+02	+4.3929070E-03	+7.1896732E-02
+1.4864000E+02	+1.1545978E-02	+6.9520645E-02
+1.4870000E+02	+1.8075196E-02	+6.5796867E-02
+1.4875999E+02	+2.3718689E-02	+6.0879778E-02
+1.4882001E+02	+2.8251385E-02	+5.4974075E-02
+1.4888000E+02	+3.1494476E-02	+4.8326369E-02
+1.4894000E+02	+3.3323150E-02	+4.1214790E-02
+1.4900000E+02	+3.3671908E-02	+3.3937331E-02
+1.4906000E+02	+3.2537490E-02	+2.6799314E-02
+1.4912000E+02	+2.9979033E-02	+2.0100549E-02
+1.4917999E+02	+2.6115708E-02	+1.4122706E-02
+1.4924001E+02	+2.1121822E-02	+9.1173742E-03
+1.4930000E+02	+1.5219542E-02	+5.2953535E-03
+1.4936000E+02	+8.6695477E-03	+2.8178289E-03
+1.4942000E+02	+1.7601459E-03	+1.7893616E-03
+1.4948000E+02	-5.2049123E-03	+2.2534868E-03
+1.4953999E+02	-1.1919204E-02	+4.1907714E-03
+1.4960001E+02	-1.8086584E-02	+7.5195609E-03
+1.4966000E+02	-2.3433702E-02	+1.2099364E-02
+1.4972000E+02	-2.7721535E-02	+1.7736740E-02
+1.4978000E+02	-3.0755576E-02	+2.4193408E-02
+1.4984000E+02	-3.2394037E-02	+3.1196246E-02
+1.4989999E+02	-3.2553855E-02	+3.8448889E-02
+1.4996001E+02	-3.1214299E-02	+4.5644138E-02
+1.5002000E+02	-2.8417837E-02	+5.2476976E-02
+1.5008000E+02	-2.4268350E-02	+5.8657479E-02
+1.5014000E+02	-1.8926745E-02	+6.3923016E-02
+1.5020000E+02	-1.2604331E-02	+6.8049356E-02
+1.5025999E+02	-5.5535519E-03	+7.0860162E-02
+1.5032001E+02	+1.9422648E-03	+7.2234444E-02
+1.5038000E+02	+9.5812725E-03	+7.2111599E-02
+1.5044000E+02	+1.7055545E-02	+7.0493981E-02
+1.5050000E+02	+2.4064280E-02	+6.7446783E-02
+1.5056000E+02	+3.0326374E-02	+6.3095257E-02
+1.5062000E+02	+3.5592455E-02	+5.7619248E-02
+1.5067999E+02	+3.9655142E-02	+5.1245764E-02
+1.5074001E+02	+4.2357940E-02	+4.4239134E-02
+1.5080000E+02	+4.3601654E-02	+3.6889967E-02
+1.5086000E+02	+4.3348592E-02	+2.9502749E-02
+1.5092000E+02	+4.1623995E-02	+2.2383003E-02
+1.5098000E+02	+3.8514908E-02	+1.5824422E-02
+1.5103999E+02	+3.4166358E-02	+1.0096475E-02
+1.5110001E+02	+2.8775148E-02	+5.4331105E-03
+1.5116000E+02	+2.2581430E-02	+2.0229660E-03
+1.5122000E+02	+1.5858488E-02	+1.5234301E-06
+1.5128000E+02	+8.9011528E-03	-5.5446610E-04
+1.5134000E+02	+2.0133012E-03	+3.6994190E-04
+1.5139999E+02	-4.5049479E-03	+2.7274301E-03
+1.5146001E+02	-1.0369861E-02	+6.4106015E-03
+1.5152000E+02	-1.5325983E-02	+1.1256677E-02
+1.5158000E+02	-1.9156786E-02	+1.7054543E-02
+1.5164000E+02	-2.1693613E-02	+2.3553802E-02
+1.5170000E+02	-2.2822650E-02	+3.0475402E-02
+1.5175999E+02	-2.2489443E-02	+3.7523527E-02
+1.5182001E+02	-2.0700945E-02	+4.4398043E-02
+1.5188000E+02	-1.7525027E-02	+5.0807130E-02
+1.5194000E+02	-1.3087293E-02	+5.6479488E-02
+1.5200000E+02	-7.5655621E-03	+6.1175626E-02
+1.5206000E+02	-1.1822104E-03	+6.4697728E-02
+1.5212000E+02	+5.8053960E-03	+6.6897750E-02
+1.5217999E+02	+1.3115820E-02	+6.7683332E-02
+1.5224001E+02	+2.0455536E-02	+6.7021400E-02
+1.5230000E+02	+2.7531149E-02	+6.4939238E-02
+1.5236000E+02	+3.4061741E-02	+6.1522916E-02
+1.5242000E+02	+3.9790463E-02	+5.6913465E-02
+1.5248000E+02	+4.4495180E-02	+5.1300567E-02
+1.5253999E+02	+4.7997408E-02	+4.4914406E-02
+1.5260001E+02	+5.0169569E-02	+3.8015783E-02
+1.5266000E+02	+5.0939884E-02	+3.0885067E-02
+1.5272000E+02	+5.0295033E-02	+2.3810411E-02
+1.5278000E+02	+4.8280247E-02	+1.7075706E-02
+1.5284000E+02	+4.4997048E-02	+1.0948838E-02
+1.5289999E+02	+4.0598582E-02	+5.6706914E-03
+1.5296001E+02	+3.5282917E-02	+1.4453706E-03
+1.5302000E+02	+2.9284457E-02	-1.5679613E-03
+1.5308000E+02	+2.2863967E-02	-3.2613089E-03
+1.5314000E+02	+1.6297597E-02	-3.5818864E-03
+1.5320000E+02	+9.8653231E-03	-2.5338344E-03
+1.5325999E+02	+3.8393892E-03	-1.7756334E-04
+1.5332001E+02	-1.5268440E-03	+3.3732310E-03
+1.5338000E+02	-6.0091643E-03	+7.9567172E-03
+1.5344000E+02	-9.4214436E-03	+1.3370021E-02
+1.5350000E+02	-1.1622934E-02	+1.9377945E-02
+1.5356000E+02	-1.2523627E-02	+2.5722886E-02
+1.5362000E+02	-1.2087409E-02	+3.2135639E-02
+1.5367999E+02	-1.0333045E-02	+3.8346503E-02
+1.5374001E+02	-7.3328475E-03	+4.4096291E-02
+1.5380000E+02	-3.2092126E-03	+4.9146824E-02
+1.5386000E+02	+1.8709376E-03	+5.3290389E-02
+1.5392000E+02	+7.7033718E-03	+5.6357879E-02
+1.5398000E+02	+1.4055205E-02	+5.8225241E-02
+1.5403999E+02	+2.0674760E-02	+5.8818039E-02
+1.5410001E+02	+2.7301798E-02	+5.8113921E-02
+1.5416000E+02	+3.3678353E-02	+5.6142930E-02
+1.5422000E+02	+3.9558865E-02	+5.2985717E-02
+1.5428000E+02	+4.4720158E-02	+4.8769720E-02
+1.5434000E+02	+4.8970025E-02	+4.3663468E-02
+1.5439999E+02	+5.2154630E-02	+3.7869394E-02
+1.5446001E+02	+5.4164235E-02	+3.1615265E-02
+1.5452000E+02	+5.4937005E-02	+2.5144799E-02
+1.5458000E+02	+5.4461021E-02	+1.8707732E-02
+1.5464000E+02	+5.2774023E-02	+1.2549786E-02
+1.5470000E+02	+4.9961414E-02	+6.9029401E-03
+1.5475999E+02	+4.6152193E-02	+1.9763852E-03
+1.5482001E+02	+4.1513376E-02	-2.0514894E-03
+1.5488000E+02	+3.6242872E-02	-5.0397711E-03
+1.5494000E+02	+3.0561309E-02	-6.8901232E-03
+1.5500000E+02	+2.4703030E-02	-7.5501278E-03
+1.5506000E+02	+1.8906744E-02	-7.0147789E-03
+1.5512000E+02	+1.3406058E-02	-5.3260745E-03
+1.5517999E+02	+8.4204283E-03	-2.5707916E-03
+1.5524001E+02	+4.1467389E-03	+1.1234698E-03
+1.5530000E+02	+7.5191713E-04	+5.5937720E-03
+1.5536000E+02	-1.6331968E-03	+1.0648622E-02
+1.5542000E+02	-2.9184753E-03	+1.6075762E-02
+1.5548000E+02	-3.0574873E-03	+2.1650642E-02
+1.5553999E+02	-2.0487849E-03	+2.7145268E-02
+1.5560001E+02	+6.4643486E-05	+3.2337021E-02
+1.5566000E+02	+3.1974874E-03	+3.7017167E-02
+1.5572000E+02	+7.2259796E-03	+4.0998712E-02
+1.5578000E+02	+1.1993044E-02	+4.4123292E-02
+1.5584000E+02	+1.7314687E-02	+4.6266913E-02
+1.5589999E+02	+2.2987334E-02	+4.7344267E-02
+1.5596001E+02	+2.8795829E-02	+4.7311567E-02
+1.5602000E+02	+3.4521662E-02	+4.6167713E-02
+1.5608000E+02	+3.9951358E-02	+4.3953903E-02
+1.5614000E+02	+4.4884466E-02	+4.0751610E-02
+1.5620000E+02	+4.9140990E-02	+3.6679082E-02
+1.5625999E+02	+5.2567940E-02	+3.1886533E-02
+1.5632001E+02	+5.5044871E-02	+2.6550172E-02
+1.5638000E+02	+5.6488030E-02	+2.0865353E-02
+1.5644000E+02	+5.6853183E-02	+1.5039075E-02
+1.5650000E+02	+5.6136932E-02	+9.2821559E-03
+1.5656000E+02	+5.4376479E-02	+3.8013202E-03
+1.5662000E+02	+5.1647913E-02	-1.2084615E-03
+1.5667999E+02	+4.8063077E-02	-5.5711349E-03
+1.5674001E+02	+4.3765150E-02	-9.1359643E-03
+1.5680000E+02	+3.8923156E-02	-1.1782951E-02
+1.5686000E+02	+3.3725474E-02	-1.3427079E-02
+1.5692000E+02	+2.8372802E-02	-1.4021252E-02
+1.5698000E+02	+2.3070648E-02	-1.3557828E-02
+1.5703999E+02	+1.8021716E-02	-1.2068704E-02
+1.5710001E+02	+1.3418434E-02	-9.6239513E-03
+1.5716000E+02	+9.4359107E-03	-6.3290829E-03
+1.5722000E+02	+6.2255240E-03	-2.3210372E-03
+1.5728000E+02	+3.9094244E-03	+2.2369674E-03
+1.5734000E+02	+2.5761023E-03	+7.1615102E-03
+1.5739999E+02	+2.2771982E-03	+1.2255768E-02
+1.5746001E+02	+3.0256540E-03	+1.7316788E-02
+1.5752000E+02	+4.7952808E-03	+2.2142965E-02
+1.5758000E+02	+7.5217132E-03	+2.6541483E-02
+1.5764000E+02	+1.1104811E-02	+3.0335417E-02
+1.5770000E+02	+1.5412331E-02	+3.3370271E-02
+1.5775999E+02	+2.0284763E-02	+3.5519715E-02
+1.5782001E+02	+2.5541145E-02	+3.6690284E-02
+1.5788000E+02	+3.0985788E-02	+3.6824916E-02
+1.5794000E+02	+3.6415435E-02	+3.5905149E-02
+1.5800000E+02	+4.1626759E-02	+3.3951931E-02
+1.5806000E+02	+4.6423934E-02	+3.1024966E-02
+1.5812000E+02	+5.0625946E-02	+2.7220659E-02
+1.5817999E+02	+5.4073364E-02	+2.2668688E-02
+1.5824001E+02	+5.6634404E-02	+1.7527319E-02
+1.5830000E+02	+5.8209997E-02	+1.1977657E-02
+1.5836000E+02	+5.8737643E-02	+6.2169889E-03
+1.5842000E+02	+5.8194000E-02	+4.5149744E-04
+1.5848000E+02	+5.6595989E-02	-5.1114289E-03
+1.5853999E+02	+5.4000411E-02	-1.0270984E-02
+1.5860001E+02	+5.0502103E-02	-1.4840553E-02
+1.5866000E+02	+4.6230581E-02	-1.8654857E-02
+1.5872000E+02	+4.1345444E-02	-2.1576364E-02
+1.5878000E+02	+3.6030531E-02	-2.3500711E-02
+1.5884000E+02	+3.0487100E-02	-2.4360927E-02
+1.5889999E+02	+2.4926350E-02	-2.4130272E-02
+1.5896001E+02	+1.9561419E-02	-2.2823596E-02
+1.5902000E+02	+1.4599236E-02	-2.0497106E-02
+1.5908000E+02	+1.0232578E-02	-1.7246565E-02
+1.5914000E+02	+6.6325045E-03	-1.3203945E-02
+1.5920000E+02	+3.9416295E-03	-8.5326619E-03
+1.5925999E+02	+2.2683388E-03	-3.4215485E-03
+1.5932001E+02	+1.6823169E-03	+1.9222260E-03
+1.5938000E+02	+2.2115156E-03	+7.2810198E-03
+1.5944000E+02	+3.8406926E-03	+1.2435072E-02
+1.5950000E+02	+6.5116384E-03	+1.7171036E-02
+1.5956000E+02	+1.0125055E-02	+2.1290340E-02
+1.5962000E+02	+1.4544087E-02	+2.4617083E-02
+1.5967999E+02	+1.9599348E-02	+2.7005099E-02
+1.5974001E+02	+2.5095297E-02	+2.8343951E-02
+1.5980000E+02	+3.0817661E-02	+2.8563563E-02
+1.5986000E+02	+3.6541764E-02	+2.7637316E-02
+1.5992000E+02	+4.2041223E-02	+2.5583457E-02
+1.5998000E+02	+4.7096960E-02	+2.2464728E-02
+1.6003999E+02	+5.1505864E-02	+1.8386247E-02
+1.6010001E+02	+5.5088967E-02	+1.3491672E-02
+1.6016000E+02	+5.7698745E-02	+7.9577789E-03
+1.6022000E+02	+5.9225202E-02	+1.9876882E-03
+1.6028000E+02	+5.9600495E-02	-4.1970359E-03
+1.6034000E+02	+5.8801975E-02	-1.0365089E-02
+1.6039999E+02	+5.6853332E-02	-1.6284596E-02
+1.6046001E+02	+5.3823993E-02	-2.1732371E-02
+1.6052000E+02	+4.9826577E-02	-2.6502907E-02
+1.6058000E+02	+4.5012668E-02	-3.0416712E-02
+1.6064000E+02	+3.9566923E-02	-3.3327647E-02
+1.6070000E+02	+3.3699848E-02	-3.5128973E-02
+1.6075999E+02	+2.7639441E-02	-3.5757851E-02
+1.6082001E+02	+2.1622106E-02	-3.5198048E-02
+1.6088000E+02	+1.5883131E-02	-3.3480801E-02
+1.6094000E+02	+1.0647277E-02	-3.0683743E-02
+1.6100000E+02	+6.1195483E-03	-2.6927920E-02
+1.6106000E+02	+2.4769453E-03	-2.2373052E-02
+1.6112000E+02	-1.3883668E-04	-1.7211186E-02
+1.6117999E+02	-1.6271981E-03	-1.1658985E-02
+1.6124001E+02	-1.9327948E-03	-5.9490143E-03
+1.6130000E+02	-1.0478623E-03	-3.2034487E-04
+1.6136000E+02	+9.8740065E-04	+4.9911393E-03
+1.6142000E+02	+4.0864297E-03	+9.7623123E-03
+1.6148000E+02	+8.1197927E-03	+1.3791867E-02
+1.6153999E+02	+1.2920430E-02	+1.6908497E-02
+1.6160001E+02	+1.8290469E-02	+1.8977838E-02
+1.6166000E+02	+2.4009278E-02	+1.9907903E-02
+1.6172000E+02	+2.9842488E-02	+1.9652767E-02
+1.6178000E+02	+3.5551511E-02	+1.8214345E-02
+1.6184000E+02	+4.0903274E-02	+1.5642228E-02
+1.6189999E+02	+4.5679674E-02	+1.2031524E-02
+1.6196001E+02	+4.9686402E-02	+7.5188526E-03
+1.6202000E+02	+5.2760765E-02	+2.2766392E-03
+1.6208000E+02	+5.4778151E-02	-3.4940408E-03
+1.6214000E+02	+5.5656936E-02	-9.5717721E-03
+1.6220000E+02	+5.5361576E-02	-1.5723903E-02
+1.6225999E+02	+5.3903788E-02	-2.1716049E-02
+1.6232001E+02	+5.1341787E-02	-2.7321652E-02
+1.6238000E+02	+4.7777608E-02	-3.2331098E-02
+1.6244000E+02	+4.3352623E-02	-3.6560111E-02
+1.6250000E+02	+3.8241554E-02	-3.9857030E-02
+1.6256000E+02	+3.2645058E-02	-4.2108677E-02
+1.6262000E+02	+2.6781384E-02	-4.3244626E-02
+1.6267999E+02	+2.0877402E-02	-4.3239567E-02
+1.6274001E+02	+1.5159260E-02	-4.2113986E-02
+1.6280000E+02	+9.8433234E-03	-3.9932773E-02
+1.6286000E+02	+5.1275846E-03	-3.6802076E-02
+1.6292000E+02	+1.1837773E-03	-3.2864619E-02
+1.6298000E+02	-1.8491016E-03	-2.8293416E-02
+1.6303999E+02	-3.8700227E-03	-2.3284439E-02
+1.6310001E+02	-4.8193960E-03	-1.8048435E-02
+1.6316000E+02	-4.6809171E-03	-1.2802248E-02
+1.6322000E+02	-3.4815462E-03	-7.7600465E-03
+1.6328000E+02	-1.2897373E-03	-3.1248003E-03
+1.6334000E+02	+1.7879521E-03	+9.1963675E-04
+1.6339999E+02	+5.6117759E-03	+4.2155245E-03
+1.6346001E+02	+1.0014934E-02	+6.6370410E-03
+1.6352000E+02	+1.4810698E-02	+8.0946879E-03
+1.6358000E+02	+1.9800168E-02	+8.5381316E-03
+1.6364000E+02	+2.4780383E-02	+7.9574110E-03
+1.6370000E+02	+2.9552383E-02	+6.3825077E-03
+1.6375999E+02	+3.3928934E-02	+3.8813015E-03
+1.6382001E+02	+3.7741613E-02	+5.5609149E-04
+1.6388000E+02	+4.0846910E-02	-3.4611877E-03
+1.6394000E+02	+4.3131284E-02	-8.0147889E-03
+1.6400000E+02	+4.4514768E-02	-1.2931769E-02
+1.6406000E+02	+4.4953242E-02	-1.8029083E-02
+1.6412000E+02	+4.4439208E-02	-2.3120899E-02
+1.6417999E+02	+4.3001104E-02	-2.8025741E-02
+1.6424001E+02	+4.0701196E-02	-3.2573350E-02
+1.6430000E+02	+3.7632331E-02	-3.6610752E-02
+1.6436000E+02	+3.3913497E-02	-4.0007547E-02
+1.6442000E+02	+2.9684646E-02	-4.2660132E-02
+1.6448000E+02	+2.5100771E-02	-4.4494767E-02
+1.6453999E+02	+2.0325763E-02	-4.5469340E-02
+1.6460001E+02	+1.5526025E-02	-4.5573927E-02
+1.6466000E+02	+1.0864405E-02	-4.4830117E-02
+1.6472000E+02	+6.4943330E-03	-4.3289151E-02
+1.6478000E+02	+2.5546688E-03	-4.1029111E-02
+1.6484000E+02	-8.3477137E-04	-3.8151205E-02
+1.6489999E+02	-3.5767856E-03	-3.4775361E-02
+1.6496001E+02	-5.5993698E-03	-3.1035399E-02
+1.6502000E+02	-6.8573253E-03	-2.7073864E-02
+1.6508000E+02	-7.3328051E-03	-2.3036867E-02
+1.6514000E+02	-7.0350040E-03	-1.9068962E-02
+1.6520000E+02	-5.9987842E-03	-1.5308395E-02
+1.6525999E+02	-4.2826221E-03	-1.1882747E-02
+1.6532001E+02	-1.9658415E-03	-8.9051677E-03
+1.6538000E+02	+8.5468509E-04	-6.4712493E-03
+1.6544000E+02	+4.0682377E-03	-4.6566254E-03
+1.6550000E+02	+7.5541837E-03	-3.5153001E-03
+1.6556000E+02	+1.1186024E-02	-3.0787208E-03
+1.6562000E+02	+1.4835414E-02	-3.3555676E-03
+1.6567999E+02	+1.8376034E-02	-4.3322076E-03
+1.6574001E+02	+2.1687247E-02	-5.9737558E-03
+1.6580000E+02	+2.4657412E-02	-8.2256766E-03
+1.6586000E+02	+2.7186811E-02	-1.1015827E-02
+1.6592000E+02	+2.9190185E-02	-1.4256881E-02
+1.6598000E+02	+3.0598784E-02	-1.7849049E-02
+1.6603999E+02	+3.1361964E-02	-2.1682994E-02
+1.6610001E+02	+3.1448297E-02	-2.5642943E-02
+1.6616000E+02	+3.0846240E-02	-2.9609803E-02
+1.6622000E+02	+2.9564282E-02	-3.3464372E-02
+1.6628000E+02	+2.7630728E-02	-3.7090492E-02
+1.6634000E+02	+2.5092928E-02	-4.0378120E-02
+1.6639999E+02	+2.2016240E-02	-4.3226287E-02
+1.6646001E+02	+1.8482318E-02	-4.5545891E-02
+1.6652000E+02	+1.4587328E-02	-4.7262236E-02
+1.6658000E+02	+1.0439478E-02	-4.8317358E-02
+1.6664000E+02	+6.1563831E-03	-4.8671953E-02
+1.6670000E+02	+1.8620072E-03	-4.8307002E-02
+1.6675999E+02	-2.3166558E-03	-4.7224853E-02
+1.6682001E+02	-6.2531624E-03	-4.5449894E-02
+1.6688000E+02	-9.8253032E-03	-4.3028560E-02
+1.6694000E+02	-1.2918968E-02	-4.0028840E-02
+1.6700000E+02	-1.5431911E-02	-3.6539029E-02
+1.6706000E+02	-1.7277448E-02	-3.2665800E-02
+1.6712000E+02	-1.8387809E-02	-2.8531719E-02
+1.6717999E+02	-1.8717259E-02	-2.4271928E-02
+1.6724001E+02	-1.8244514E-02	-2.0030335E-02
+1.6730000E+02	-1.6974628E-02	-1.5955226E-02
+1.6736000E+02	-1.4940064E-02	-1.2194447E-02
+1.6742000E+02	-1.2200854E-02	-8.8903215E-03
+1.6748000E+02	-8.8438476E-03	-6.1744004E-03
+1.6753999E+02	-4.9809064E-03	-4.1623479E-03
+1.6760001E+02	-7.4610114E-04	-2.9490103E-03
+1.6766000E+02	+3.7081013E-03	-2.6040266E-03
+1.6772000E+02	+8.2155373E-03	-3.1680868E-03
+1.6778000E+02	+1.2601872E-02	-4.6500852E-03
+1.6784000E+02	+1.6690722E-02	-7.0253303E-03
+1.6789999E+02	+2.0310216E-02	-1.0234954E-02
+1.6796001E+02	+2.3299715E-02	-1.4186622E-02
+1.6802000E+02	+2.5516482E-02	-1.8756608E-02
+1.6808000E+02	+2.6841940E-02	-2.3793202E-02
+1.6814000E+02	+2.7187319E-02	-2.9121449E-02
+1.6820000E+02	+2.6498357E-02	-3.4548998E-02
+1.6825999E+02	+2.4758829E-02	-3.9872985E-02
+1.6832001E+02	+2.1992721E-02	-4.4887647E-02
+1.6838000E+02	+1.8264825E-02	-4.9392380E-02
+1.6844000E+02	+1.3679673E-02	-5.3199969E-02
+1.6850000E+02	+8.3788550E-03	-5.6144614E-02
+1.6856000E+02	+2.5365916E-03	-5.8089357E-02
+1.6862000E+02	-3.6461395E-03	-5.8932696E-02
+1.6867999E+02	-9.9488851E-03	-5.8613870E-02
+1.6874001E+02	-1.6140074E-02	-5.7116728E-02
+1.6880000E+02	-2.1986075E-02	-5.4471835E-02
+1.6886000E+02	-2.7260868E-02	-5.0756633E-02
+1.6892000E+02	-3.1755399E-02	-4.6093769E-02
+1.6898000E+02	-3.5286970E-02	-4.0647238E-02
+1.6903999E+02	-3.7707232E-02	-3.4616910E-02
+1.6910001E+02	-3.8909655E-02	-2.8231066E-02
+1.6916000E+02	-3.8834777E-02	-2.1737801E-02
+1.6922000E+02	-3.7474088E-02	-1.5395107E-02
+1.6928000E+02	-3.4871604E-02	-9.4603132E-03
+1.6934000E+02	-3.1123223E-02	-4.1793734E-03
+1.6939999E+02	-2.6374005E-02	+2.2379949E-04
+1.6946001E+02	-2.0813085E-02	+3.5571938E-03
+1.6952000E+02	-1.4666679E-02	+5.6694560E-03
+1.6958000E+02	-8.1893131E-03	+6.4571411E-03
+1.6964000E+02	-1.6535975E-03	+5.8699753E-03
+1.6970000E+02	+4.6609207E-03	+3.9139986E-03
+1.6975999E+02	+1.0479511E-02	+6.5230177E-04
+1.6982001E+02	+1.5543955E-02	-3.7966829E-03
+1.6988000E+02	+1.9623781E-02	-9.2633227E-03
+1.6994000E+02	+2.2526463E-02	-1.5533211E-02
+1.7000000E+02	+2.4106160E-02	-2.2355650E-02
