+1.1000000E+02	-2.8457621E-03	+3.5826448E-02
+1.1006000E+02	-2.5432175E-03	+3.5760142E-02
+1.1012000E+02	-2.2416110E-03	+3.5689197E-02
+1.1018000E+02	-1.9411832E-03	+3.5613708E-02
+1.1024000E+02	-1.6422139E-03	+3.5533771E-02
+1.1030000E+02	-1.3449186E-03	+3.5449512E-02
+1.1036000E+02	-1.0495251E-03	+3.5361081E-02
+1.1042000E+02	-7.5620401E-04	+3.5268646E-02
+1.1048000E+02	-4.6512895E-04	+3.5172377E-02
+1.1054000E+02	-1.7644119E-04	+3.5072457E-02
+1.1060000E+02	+1.0973258E-04	+3.4969084E-02
+1.1066000E+02	+3.9328911E-04	+3.4862451E-02
+1.1072000E+02	+6.7417312E-04	+3.4752753E-02
+1.1078000E+02	+9.5231016E-04	+3.4640182E-02
+1.1084000E+02	+1.2276571E-03	+3.4524925E-02
+1.1090000E+02	+1.5001916E-03	+3.4407172E-02
+1.1096000E+02	+1.7699216E-03	+3.4287091E-02
+1.1102000E+02	+2.0368511E-03	+3.4164865E-02
+1.1108000E+02	+2.3009873E-03	+3.4040634E-02
+1.1114000E+02	+2.5623580E-03	+3.3914566E-02
+1.1120000E+02	+2.8210103E-03	+3.3786807E-02
+1.1126000E+02	+3.0769687E-03	+3.3657480E-02
+1.1132000E+02	+3.3302777E-03	+3.3526715E-02
+1.1138000E+02	+3.5809989E-03	+3.3394635E-02
+1.1144000E+02	+3.8291882E-03	+3.3261355E-02
+1.1150000E+02	+4.0748878E-03	+3.3126980E-02
+1.1156000E+02	+4.3181572E-03	+3.2991618E-02
+1.1162000E+02	+4.5590731E-03	+3.2855369E-02
+1.1168000E+02	+4.7976752E-03	+3.2718323E-02
+1.1174000E+02	+5.0340444E-03	+3.2580588E-02
+1.1180000E+02	+5.2682483E-03	+3.2442253E-02
+1.1186000E+02	+5.5003613E-03	+3.2303408E-02
+1.1192000E+02	+5.7304637E-03	+3.2164153E-02
+1.1198000E+02	+5.9586270E-03	+3.2024566E-02
+1.1204000E+02	+6.1849728E-03	+3.1884752E-02
+1.1210000E+02	+6.4095841E-03	+3.1744778E-02
+1.1216000E+02	+6.6325702E-03	+3.1604741E-02
+1.1222000E+02	+6.8540629E-03	+3.1464715E-02
+1.1228000E+02	+7.0741950E-03	+3.1324767E-02
+1.1234000E+02	+7.2931005E-03	+3.1184964E-02
+1.1240000E+02	+7.5109350E-03	+3.1045360E-02
+1.1246000E+02	+7.7278586E-03	+3.0905997E-02
+1.1252000E+02	+7.9440568E-03	+3.0766904E-02
+1.1258000E+02	+8.1596943E-03	+3.0628093E-02
+1.1264000E+02	+8.3749760E-03	+3.0489564E-02
+1.1270000E+02	+8.5900901E-03	+3.0351296E-02
+1.1276000E+02	+8.8052386E-03	+3.0213246E-02
+1.1282000E+02	+9.0206228E-03	+3.0075351E-02
+1.1288000E+02	+9.2364410E-03	+2.9937524E-02
+1.1294000E+02	+9.4529074E-03	+2.9799663E-02
+1.1300000E+02	+9.6701924E-03	+2.9661627E-02
+1.1306000E+02	+9.8884990E-03	+2.9523263E-02
+1.1312000E+02	+1.0108004E-02	+2.9384388E-02
+1.1318000E+02	+1.0328850E-02	+2.9244807E-02
+1.1324000E+02	+1.0551185E-02	+2.9104289E-02
+1.1330000E+02	+1.0775136E-02	+2.8962592E-02
+1.1336000E+02	+1.1000800E-02	+2.8819455E-02
+1.1342000E+02	+1.1228243E-02	+2.8674595E-02
+1.1348000E+02	+1.1457521E-02	+2.8527727E-02
+1.1354000E+02	+1.1688649E-02	+2.8378550E-02
+1.1360000E+02	+1.1921604E-02	+2.8226754E-02
+1.1366000E+02	+1.2156341E-02	+2.8072029E-02
+1.1372000E+02	+1.2392787E-02	+2.7914062E-02
+1.1378000E+02	+1.2630824E-02	+2.7752547E-02
+1.1384000E+02	+1.2870304E-02	+2.7587190E-02
+1.1390000E+02	+1.3111065E-02	+2.7417703E-02
+1.1396000E+02	+1.3352881E-02	+2.7243810E-02
+1.1402000E+02	+1.3595520E-02	+2.7065257E-02
+1.1408000E+02	+1.3838726E-02	+2.6881818E-02
+1.1414000E+02	+1.4082215E-02	+2.6693286E-02
+1.1420000E+02	+1.4325663E-02	+2.6499482E-02
+1.1426000E+02	+1.4568755E-02	+2.6300255E-02
+1.1432000E+02	+1.4811135E-02	+2.6095498E-02
+1.1438000E+02	+1.5052461E-02	+2.5885120E-02
+1.1444000E+02	+1.5292377E-02	+2.5669077E-02
+1.1450000E+02	+1.5530511E-02	+2.5447356E-02
+1.1456000E+02	+1.5766503E-02	+2.5219977E-02
+1.1462000E+02	+1.5999997E-02	+2.4987001E-02
+1.1468000E+02	+1.6230645E-02	+2.4748513E-02
+1.1474000E+02	+1.6458102E-02	+2.4504643E-02
+1.1480000E+02	+1.6682057E-02	+2.4255536E-02
+1.1486000E+02	+1.6902203E-02	+2.4001377E-02
+1.1492000E+02	+1.7118262E-02	+2.3742374E-02
+1.1498000E+02	+1.7329978E-02	+2.3478754E-02
+1.1504000E+02	+1.7537113E-02	+2.3210771E-02
+1.1510000E+02	+1.7739490E-02	+2.2938674E-02
+1.1516000E+02	+1.7936913E-02	+2.2662755E-02
+1.1522000E+02	+1.8129244E-02	+2.2383297E-02
+1.1528000E+02	+1.8316388E-02	+2.2100581E-02
+1.1534000E+02	+1.8498255E-02	+2.1814896E-02
+1.1540000E+02	+1.8674795E-02	+2.1526542E-02
+1.1546000E+02	+1.8845974E-02	+2.1235798E-02
+1.1552000E+02	+1.9011810E-02	+2.0942930E-02
+1.1558000E+02	+1.9172324E-02	+2.0648211E-02
+1.1564000E+02	+1.9327560E-02	+2.0351889E-02
+1.1570000E+02	+1.9477606E-02	+2.0054184E-02
+1.1576000E+02	+1.9622549E-02	+1.9755304E-02
+1.1582000E+02	+1.9762482E-02	+1.9455453E-02
+1.1588000E+02	+1.9897532E-02	+1.9154795E-02
+1.1594000E+02	+2.0027801E-02	+1.8853491E-02
+1.1600000E+02	+2.0153448E-02	+1.8551644E-02
+1.1606000E+02	+2.0274578E-02	+1.8249376E-02
+1.1612000E+02	+2.0391341E-02	+1.7946754E-02
+1.1618000E+02	+2.0503851E-02	+1.7643847E-02
+1.1624000E+02	+2.0612216E-02	+1.7340709E-02
+1.1630000E+02	+2.0716580E-02	+1.7037340E-02
+1.1636000E+02	+2.0817010E-02	+1.6733773E-02
+1.1642000E+02	+2.0913607E-02	+1.6429989E-02
+1.1648000E+02	+2.1006441E-02	+1.6125971E-02
+1.1654000E+02	+2.1095576E-02	+1.5821705E-02
+1.1660000E+02	+2.1181040E-02	+1.5517154E-02
+1.1666000E+02	+2.1262869E-02	+1.5212287E-02
+1.1672000E+02	+2.1341067E-02	+1.4907069E-02
+1.1678000E+02	+2.1415617E-02	+1.4601468E-02
+1.1684000E+02	+2.1486500E-02	+1.4295455E-02
+1.1690000E+02	+2.1553677E-02	+1.3989013E-02
+1.1696000E+02	+2.1617094E-02	+1.3682128E-02
+1.1702000E+02	+2.1676684E-02	+1.3374800E-02
+1.1708000E+02	+2.1732377E-02	+1.3067042E-02
+1.1714000E+02	+2.1784091E-02	+1.2758878E-02
+1.1720000E+02	+2.1831736E-02	+1.2450357E-02
+1.1726000E+02	+2.1875221E-02	+1.2141531E-02
+1.1732000E+02	+2.1914456E-02	+1.1832478E-02
+1.1738000E+02	+2.1949351E-02	+1.1523290E-02
+1.1744000E+02	+2.1979818E-02	+1.1214075E-02
+1.1750000E+02	+2.2005783E-02	+1.0904958E-02
+1.1756000E+02	+2.2027172E-02	+1.0596080E-02
+1.1762000E+02	+2.2043929E-02	+1.0287594E-02
+1.1768000E+02	+2.2056006E-02	+9.9796699E-03
+1.1774000E+02	+2.2063376E-02	+9.6724844E-03
+1.1780000E+02	+2.2066021E-02	+9.3662264E-03
+1.1786000E+02	+2.2063944E-02	+9.0610897E-03
+1.1792000E+02	+2.2057174E-02	+8.7572765E-03
+1.1798000E+02	+2.2045748E-02	+8.4549868E-03
+1.1804000E+02	+2.2029733E-02	+8.1544267E-03
+1.1810000E+02	+2.2009211E-02	+7.8557944E-03
+1.1816000E+02	+2.1984283E-02	+7.5592883E-03
+1.1822000E+02	+2.1955075E-02	+7.2650965E-03
+1.1828000E+02	+2.1921730E-02	+6.9733979E-03
+1.1834000E+02	+2.1884412E-02	+6.6843615E-03
+1.1840000E+02	+2.1843290E-02	+6.3981428E-03
+1.1846000E+02	+2.1798566E-02	+6.1148764E-03
+1.1852000E+02	+2.1750439E-02	+5.8346861E-03
+1.1858000E+02	+2.1699131E-02	+5.5576712E-03
+1.1864000E+02	+2.1644870E-02	+5.2839140E-03
+1.1870000E+02	+2.1587892E-02	+5.0134743E-03
+1.1876000E+02	+2.1528434E-02	+4.7463882E-03
+1.1882000E+02	+2.1466741E-02	+4.4826707E-03
+1.1888000E+02	+2.1403058E-02	+4.2223120E-03
+1.1894000E+02	+2.1337617E-02	+3.9652810E-03
+1.1900000E+02	+2.1270661E-02	+3.7115214E-03
+1.1906000E+02	+2.1202419E-02	+3.4609574E-03
+1.1912000E+02	+2.1133104E-02	+3.2134887E-03
+1.1918000E+02	+2.1062924E-02	+2.9689970E-03
+1.1924000E+02	+2.0992076E-02	+2.7273439E-03
+1.1930000E+02	+2.0920729E-02	+2.4883733E-03
+1.1936000E+02	+2.0849047E-02	+2.2519140E-03
+1.1942000E+02	+2.0777170E-02	+2.0177800E-03
+1.1948000E+02	+2.0705216E-02	+1.7857744E-03
+1.1954000E+02	+2.0633280E-02	+1.5556893E-03
+1.1960000E+02	+2.0561438E-02	+1.3273108E-03
+1.1966000E+02	+2.0489743E-02	+1.1004196E-03
+1.1972000E+02	+2.0418219E-02	+8.7479339E-04
+1.1978000E+02	+2.0346869E-02	+6.5021060E-04
+1.1984000E+02	+2.0275677E-02	+4.2645156E-04
+1.1990000E+02	+2.0204594E-02	+2.0330171E-04
+1.1996000E+02	+2.0133559E-02	-1.9446434E-05
+1.2002000E+02	+2.0062478E-02	-2.4199068E-04
+1.2008000E+02	+1.9991249E-02	-4.6451713E-04
+1.2014000E+02	+1.9919736E-02	-6.8719801E-04
+1.2020000E+02	+1.9847794E-02	-9.1018976E-04
+1.2026000E+02	+1.9775266E-02	-1.1336312E-03
+1.2032000E+02	+1.9701971E-02	-1.3576424E-03
+1.2038000E+02	+1.9627720E-02	-1.5823222E-03
+1.2044000E+02	+1.9552315E-02	-1.8077488E-03
+1.2050000E+02	+1.9475549E-02	-2.0339771E-03
+1.2056000E+02	+1.9397212E-02	-2.2610386E-03
+1.2062000E+02	+1.9317087E-02	-2.4889421E-03
+1.2068000E+02	+1.9234959E-02	-2.7176719E-03
+1.2074000E+02	+1.9150620E-02	-2.9471884E-03
+1.2080000E+02	+1.9063856E-02	-3.1774293E-03
+1.2086000E+02	+1.8974472E-02	-3.4083095E-03
+1.2092000E+02	+1.8882275E-02	-3.6397227E-03
+1.2098000E+02	+1.8787084E-02	-3.8715394E-03
+1.2104000E+02	+1.8688735E-02	-4.1036145E-03
+1.2110000E+02	+1.8587077E-02	-4.3357820E-03
+1.2116000E+02	+1.8481981E-02	-4.5678630E-03
+1.2122000E+02	+1.8373333E-02	-4.7996612E-03
+1.2128000E+02	+1.8261043E-02	-5.0309724E-03
+1.2134000E+02	+1.8145038E-02	-5.2615809E-03
+1.2140000E+02	+1.8025275E-02	-5.4912632E-03
+1.2146000E+02	+1.7901732E-02	-5.7197940E-03
+1.2152000E+02	+1.7774401E-02	-5.9469435E-03
+1.2158000E+02	+1.7643310E-02	-6.1724856E-03
+1.2164000E+02	+1.7508512E-02	-6.3961954E-03
+1.2170000E+02	+1.7370069E-02	-6.6178539E-03
+1.2176000E+02	+1.7228078E-02	-6.8372539E-03
+1.2182000E+02	+1.7082652E-02	-7.0541925E-03
+1.2188000E+02	+1.6933924E-02	-7.2684875E-03
+1.2194000E+02	+1.6782045E-02	-7.4799666E-03
+1.2200000E+02	+1.6627183E-02	-7.6884795E-03
+1.2206000E+02	+1.6469521E-02	-7.8938911E-03
+1.2212000E+02	+1.6309252E-02	-8.0960887E-03
+1.2218000E+02	+1.6146578E-02	-8.2949791E-03
+1.2224000E+02	+1.5981710E-02	-8.4904945E-03
+1.2230000E+02	+1.5814863E-02	-8.6825900E-03
+1.2236000E+02	+1.5646247E-02	-8.8712415E-03
+1.2242000E+02	+1.5476083E-02	-9.0564508E-03
+1.2248000E+02	+1.5304578E-02	-9.2382440E-03
+1.2254000E+02	+1.5131935E-02	-9.4166659E-03
+1.2260000E+02	+1.4958347E-02	-9.5917862E-03
+1.2266000E+02	+1.4784001E-02	-9.7636906E-03
+1.2272000E+02	+1.4609059E-02	-9.9324901E-03
+1.2278000E+02	+1.4433676E-02	-1.0098306E-02
+1.2284000E+02	+1.4257987E-02	-1.0261277E-02
+1.2290000E+02	+1.4082104E-02	-1.0421553E-02
+1.2296000E+02	+1.3906121E-02	-1.0579296E-02
+1.2302000E+02	+1.3730112E-02	-1.0734675E-02
+1.2308000E+02	+1.3554120E-02	-1.0887859E-02
+1.2314000E+02	+1.3378172E-02	-1.1039023E-02
+1.2320000E+02	+1.3202275E-02	-1.1188339E-02
+1.2326000E+02	+1.3026408E-02	-1.1335977E-02
+1.2332000E+02	+1.2850523E-02	-1.1482098E-02
+1.2338000E+02	+1.2674565E-02	-1.1626852E-02
+1.2344000E+02	+1.2498449E-02	-1.1770381E-02
+1.2350000E+02	+1.2322072E-02	-1.1912808E-02
+1.2356000E+02	+1.2145326E-02	-1.2054244E-02
+1.2362000E+02	+1.1968078E-02	-1.2194781E-02
+1.2368000E+02	+1.1790184E-02	-1.2334486E-02
+1.2374000E+02	+1.1611501E-02	-1.2473412E-02
+1.2380000E+02	+1.1431873E-02	-1.2611585E-02
+1.2386000E+02	+1.1251137E-02	-1.2749011E-02
+1.2392000E+02	+1.1069148E-02	-1.2885671E-02
+1.2398000E+02	+1.0885742E-02	-1.3021526E-02
+1.2404000E+02	+1.0700773E-02	-1.3156514E-02
+1.2410000E+02	+1.0514104E-02	-1.3290551E-02
+1.2416000E+02	+1.0325602E-02	-1.3423535E-02
+1.2422000E+02	+1.0135156E-02	-1.3555342E-02
+1.2428000E+02	+9.9426657E-03	-1.3685838E-02
+1.2434000E+02	+9.7480481E-03	-1.3814869E-02
+1.2440000E+02	+9.5512448E-03	-1.3942273E-02
+1.2446000E+02	+9.3522146E-03	-1.4067878E-02
+1.2452000E+02	+9.1509400E-03	-1.4191505E-02
+1.2458000E+02	+8.9474209E-03	-1.4312970E-02
+1.2464000E+02	+8.7416880E-03	-1.4432089E-02
+1.2470000E+02	+8.5337888E-03	-1.4548689E-02
+1.2476000E+02	+8.3237970E-03	-1.4662590E-02
+1.2482000E+02	+8.1118029E-03	-1.4773626E-02
+1.2488000E+02	+7.8979200E-03	-1.4881640E-02
+1.2494000E+02	+7.6822862E-03	-1.4986493E-02
+1.2500000E+02	+7.4650426E-03	-1.5088053E-02
+1.2506000E+02	+7.2463569E-03	-1.5186217E-02
+1.2512000E+02	+7.0264023E-03	-1.5280893E-02
+1.2518000E+02	+6.8053650E-03	-1.5372007E-02
+1.2524000E+02	+6.5834289E-03	-1.5459519E-02
+1.2530000E+02	+6.3608005E-03	-1.5543401E-02
+1.2536000E+02	+6.1376668E-03	-1.5623648E-02
+1.2542000E+02	+5.9142276E-03	-1.5700283E-02
+1.2548000E+02	+5.6906678E-03	-1.5773352E-02
+1.2554000E+02	+5.4671741E-03	-1.5842913E-02
+1.2560000E+02	+5.2439114E-03	-1.5909048E-02
+1.2566000E+02	+5.0210408E-03	-1.5971866E-02
+1.2572000E+02	+4.7987066E-03	-1.6031479E-02
+1.2578000E+02	+4.5770286E-03	-1.6088024E-02
+1.2584000E+02	+4.3561207E-03	-1.6141640E-02
+1.2590000E+02	+4.1360664E-03	-1.6192483E-02
+1.2596000E+02	+3.9169313E-03	-1.6240716E-02
+1.2602000E+02	+3.6987651E-03	-1.6286498E-02
+1.2608000E+02	+3.4815872E-03	-1.6329994E-02
+1.2614000E+02	+3.2653997E-03	-1.6371369E-02
+1.2620000E+02	+3.0501762E-03	-1.6410779E-02
+1.2626000E+02	+2.8358905E-03	-1.6448371E-02
+1.2632000E+02	+2.6224698E-03	-1.6484283E-02
+1.2638000E+02	+2.4098502E-03	-1.6518647E-02
+1.2644000E+02	+2.1979373E-03	-1.6551569E-02
+1.2650000E+02	+1.9866305E-03	-1.6583147E-02
+1.2656000E+02	+1.7758098E-03	-1.6613457E-02
+1.2662000E+02	+1.5653578E-03	-1.6642557E-02
+1.2668000E+02	+1.3551465E-03	-1.6670484E-02
+1.2674000E+02	+1.1450535E-03	-1.6697256E-02
+1.2680000E+02	+9.3494344E-04	-1.6722867E-02
+1.2686000E+02	+7.2469650E-04	-1.6747294E-02
+1.2692000E+02	+5.1418971E-04	-1.6770499E-02
+1.2698000E+02	+3.0331800E-04	-1.6792415E-02
+1.2704000E+02	+9.1983027E-05	-1.6812963E-02
+1.2710000E+02	-1.1990215E-04	-1.6832057E-02
+1.2716000E+02	-3.3240410E-04	-1.6849587E-02
+1.2722000E+02	-5.4557231E-04	-1.6865432E-02
+1.2728000E+02	-7.5945089E-04	-1.6879478E-02
+1.2734000E+02	-9.7404642E-04	-1.6891586E-02
+1.2740000E+02	-1.1893591E-03	-1.6901631E-02
+1.2746000E+02	-1.4053544E-03	-1.6909475E-02
+1.2752000E+02	-1.6220083E-03	-1.6914986E-02
+1.2758000E+02	-1.8392267E-03	-1.6918050E-02
+1.2764000E+02	-2.0569579E-03	-1.6918544E-02
+1.2770000E+02	-2.2750895E-03	-1.6916363E-02
+1.2776000E+02	-2.4935130E-03	-1.6911419E-02
+1.2782000E+02	-2.7120840E-03	-1.6903639E-02
+1.2788000E+02	-2.9306968E-03	-1.6892955E-02
+1.2794000E+02	-3.1491790E-03	-1.6879333E-02
+1.2800000E+02	-3.3673837E-03	-1.6862750E-02
+1.2806000E+02	-3.5851628E-03	-1.6843202E-02
+1.2812000E+02	-3.8023649E-03	-1.6820710E-02
+1.2817999E+02	-4.0188408E-03	-1.6795309E-02
+1.2824001E+02	-4.2344206E-03	-1.6767068E-02
+1.2830000E+02	-4.4489978E-03	-1.6736049E-02
+1.2836000E+02	-4.6624229E-03	-1.6702360E-02
+1.2842000E+02	-4.8745940E-03	-1.6666103E-02
+1.2848000E+02	-5.0854161E-03	-1.6627405E-02
+1.2853999E+02	-5.2947886E-03	-1.6586408E-02
+1.2860001E+02	-5.5026799E-03	-1.6543245E-02
+1.2866000E+02	-5.7090218E-03	-1.6498081E-02
+1.2872000E+02	-5.9138080E-03	-1.6451066E-02
+1.2878000E+02	-6.1170408E-03	-1.6402353E-02
+1.2884000E+02	-6.3187303E-03	-1.6352104E-02
+1.2889999E+02	-6.5189316E-03	-1.6300462E-02
+1.2896001E+02	-6.7177052E-03	-1.6247571E-02
+1.2902000E+02	-6.9151246E-03	-1.6193565E-02
+1.2908000E+02	-7.1113138E-03	-1.6138550E-02
+1.2914000E+02	-7.3063662E-03	-1.6082637E-02
+1.2920000E+02	-7.5004222E-03	-1.6025903E-02
+1.2925999E+02	-7.6936232E-03	-1.5968414E-02
+1.2932001E+02	-7.8861136E-03	-1.5910212E-02
+1.2938000E+02	-8.0780508E-03	-1.5851319E-02
+1.2944000E+02	-8.2695922E-03	-1.5791727E-02
+1.2950000E+02	-8.4608980E-03	-1.5731411E-02
+1.2956000E+02	-8.6521180E-03	-1.5670320E-02
+1.2962000E+02	-8.8433875E-03	-1.5608389E-02
+1.2967999E+02	-9.0348655E-03	-1.5545509E-02
+1.2974001E+02	-9.2266509E-03	-1.5481582E-02
+1.2980000E+02	-9.4188713E-03	-1.5416461E-02
+1.2986000E+02	-9.6116047E-03	-1.5350003E-02
+1.2992000E+02	-9.8049240E-03	-1.5282041E-02
+1.2998000E+02	-9.9988747E-03	-1.5212405E-02
+1.3003999E+02	-1.0193487E-02	-1.5140904E-02
+1.3010001E+02	-1.0388751E-02	-1.5067353E-02
+1.3016000E+02	-1.0584652E-02	-1.4991554E-02
+1.3022000E+02	-1.0781131E-02	-1.4913323E-02
+1.3028000E+02	-1.0978119E-02	-1.4832464E-02
+1.3034000E+02	-1.1175515E-02	-1.4748801E-02
+1.3039999E+02	-1.1373189E-02	-1.4662166E-02
+1.3046001E+02	-1.1570993E-02	-1.4572404E-02
+1.3052000E+02	-1.1768774E-02	-1.4479364E-02
+1.3058000E+02	-1.1966329E-02	-1.4382938E-02
+1.3064000E+02	-1.2163468E-02	-1.4283018E-02
+1.3070000E+02	-1.2359974E-02	-1.4179527E-02
+1.3075999E+02	-1.2555627E-02	-1.4072409E-02
+1.3082001E+02	-1.2750178E-02	-1.3961646E-02
+1.3088000E+02	-1.2943406E-02	-1.3847228E-02
+1.3094000E+02	-1.3135068E-02	-1.3729177E-02
+1.3100000E+02	-1.3324932E-02	-1.3607558E-02
+1.3106000E+02	-1.3512770E-02	-1.3482436E-02
+1.3112000E+02	-1.3698360E-02	-1.3353920E-02
+1.3117999E+02	-1.3881491E-02	-1.3222139E-02
+1.3124001E+02	-1.4061980E-02	-1.3087231E-02
+1.3130000E+02	-1.4239643E-02	-1.2949377E-02
+1.3136000E+02	-1.4414329E-02	-1.2808759E-02
+1.3142000E+02	-1.4585894E-02	-1.2665585E-02
+1.3148000E+02	-1.4754242E-02	-1.2520059E-02
+1.3153999E+02	-1.4919268E-02	-1.2372416E-02
+1.3160001E+02	-1.5080928E-02	-1.2222881E-02
+1.3166000E+02	-1.5239182E-02	-1.2071690E-02
+1.3172000E+02	-1.5394012E-02	-1.1919082E-02
+1.3178000E+02	-1.5545441E-02	-1.1765286E-02
+1.3184000E+02	-1.5693512E-02	-1.1610523E-02
+1.3189999E+02	-1.5838280E-02	-1.1455024E-02
+1.3196001E+02	-1.5979849E-02	-1.1298977E-02
+1.3202000E+02	-1.6118314E-02	-1.1142584E-02
+1.3208000E+02	-1.6253809E-02	-1.0986015E-02
+1.3214000E+02	-1.6386474E-02	-1.0829429E-02
+1.3220000E+02	-1.6516460E-02	-1.0672964E-02
+1.3225999E+02	-1.6643954E-02	-1.0516728E-02
+1.3232001E+02	-1.6769115E-02	-1.0360825E-02
+1.3238000E+02	-1.6892135E-02	-1.0205314E-02
+1.3244000E+02	-1.7013196E-02	-1.0050254E-02
+1.3250000E+02	-1.7132482E-02	-9.8956553E-03
+1.3256000E+02	-1.7250182E-02	-9.7415233E-03
+1.3262000E+02	-1.7366469E-02	-9.5878439E-03
+1.3267999E+02	-1.7481515E-02	-9.4345612E-03
+1.3274001E+02	-1.7595477E-02	-9.2816269E-03
+1.3280000E+02	-1.7708508E-02	-9.1289561E-03
+1.3286000E+02	-1.7820733E-02	-8.9764558E-03
+1.3292000E+02	-1.7932268E-02	-8.8240141E-03
+1.3298000E+02	-1.8043222E-02	-8.6715138E-03
+1.3303999E+02	-1.8153666E-02	-8.5188290E-03
+1.3310001E+02	-1.8263673E-02	-8.3658136E-03
+1.3316000E+02	-1.8373283E-02	-8.2123335E-03
+1.3322000E+02	-1.8482517E-02	-8.0582444E-03
+1.3328000E+02	-1.8591387E-02	-7.9034017E-03
+1.3334000E+02	-1.8699879E-02	-7.7476613E-03
+1.3339999E+02	-1.8807955E-02	-7.5909034E-03
+1.3346001E+02	-1.8915573E-02	-7.4329800E-03
+1.3352000E+02	-1.9022675E-02	-7.2737741E-03
+1.3358000E+02	-1.9129176E-02	-7.1131820E-03
+1.3364000E+02	-1.9234994E-02	-6.9510993E-03
+1.3370000E+02	-1.9340023E-02	-6.7874356E-03
+1.3375999E+02	-1.9444160E-02	-6.6221231E-03
+1.3382001E+02	-1.9547278E-02	-6.4550964E-03
+1.3388000E+02	-1.9649269E-02	-6.2863110E-03
+1.3394000E+02	-1.9749993E-02	-6.1157430E-03
+1.3400000E+02	-1.9849336E-02	-5.9433621E-03
+1.3406000E+02	-1.9947160E-02	-5.7691773E-03
+1.3412000E+02	-2.0043341E-02	-5.5931974E-03
+1.3417999E+02	-2.0137759E-02	-5.4154471E-03
+1.3424001E+02	-2.0230295E-02	-5.2359579E-03
+1.3430000E+02	-2.0320831E-02	-5.0547896E-03
+1.3436000E+02	-2.0409267E-02	-4.8719929E-03
+1.3442000E+02	-2.0495499E-02	-4.6876348E-03
+1.3448000E+02	-2.0579435E-02	-4.5018075E-03
+1.3453999E+02	-2.0660996E-02	-4.3145721E-03
+1.3460001E+02	-2.0740105E-02	-4.1260389E-03
+1.3466000E+02	-2.0816701E-02	-3.9362833E-03
+1.3472000E+02	-2.0890726E-02	-3.7454192E-03
+1.3478000E+02	-2.0962138E-02	-3.5535325E-03
+1.3484000E+02	-2.1030897E-02	-3.3607385E-03
+1.3489999E+02	-2.1096976E-02	-3.1671331E-03
+1.3496001E+02	-2.1160355E-02	-2.9728150E-03
+1.3502000E+02	-2.1221017E-02	-2.7778842E-03
+1.3508000E+02	-2.1278966E-02	-2.5824415E-03
+1.3514000E+02	-2.1334197E-02	-2.3865879E-03
+1.3520000E+02	-2.1386720E-02	-2.1904160E-03
+1.3525999E+02	-2.1436544E-02	-1.9940168E-03
+1.3532001E+02	-2.1483693E-02	-1.7974774E-03
+1.3538000E+02	-2.1528184E-02	-1.6008883E-03
+1.3544000E+02	-2.1570051E-02	-1.4043249E-03
+1.3550000E+02	-2.1609318E-02	-1.2078823E-03
+1.3556000E+02	-2.1646019E-02	-1.0116184E-03
+1.3562000E+02	-2.1680197E-02	-8.1562606E-04
+1.3567999E+02	-2.1711886E-02	-6.1997160E-04
+1.3574001E+02	-2.1741131E-02	-4.2471985E-04
+1.3580000E+02	-2.1767978E-02	-2.2993957E-04
+1.3586000E+02	-2.1792477E-02	-3.5703193E-05
+1.3592000E+02	-2.1814680E-02	+1.5793378E-04
+1.3598000E+02	-2.1834640E-02	+3.5090718E-04
+1.3603999E+02	-2.1852417E-02	+5.4316479E-04
+1.3610001E+02	-2.1868074E-02	+7.3464069E-04
+1.3616000E+02	-2.1881675E-02	+9.2529180E-04
+1.3622000E+02	-2.1893291E-02	+1.1150613E-03
+1.3628000E+02	-2.1902993E-02	+1.3039103E-03
+1.3634000E+02	-2.1910863E-02	+1.4917918E-03
+1.3639999E+02	-2.1916978E-02	+1.6786663E-03
+1.3646001E+02	-2.1921420E-02	+1.8645076E-03
+1.3652000E+02	-2.1924285E-02	+2.0492817E-03
+1.3658000E+02	-2.1925662E-02	+2.2329730E-03
+1.3664000E+02	-2.1925647E-02	+2.4155746E-03
+1.3670000E+02	-2.1924336E-02	+2.5970661E-03
+1.3675999E+02	-2.1921830E-02	+2.7774619E-03
+1.3682001E+02	-2.1918228E-02	+2.9567687E-03
+1.3688000E+02	-2.1913629E-02	+3.1350022E-03
+1.3694000E+02	-2.1908142E-02	+3.3121966E-03
+1.3700000E+02	-2.1901853E-02	+3.4884028E-03
+1.3706000E+02	-2.1894867E-02	+3.6636514E-03
+1.3712000E+02	-2.1887274E-02	+3.8380094E-03
+1.3717999E+02	-2.1879161E-02	+4.0115467E-03
+1.3724001E+02	-2.1870606E-02	+4.1843411E-03
+1.3730000E+02	-2.1861689E-02	+4.3564811E-03
+1.3736000E+02	-2.1852471E-02	+4.5280624E-03
+1.3742000E+02	-2.1843001E-02	+4.6991915E-03
+1.3748000E+02	-2.1833332E-02	+4.8699765E-03
+1.3753999E+02	-2.1823494E-02	+5.0405320E-03
+1.3760001E+02	-2.1813510E-02	+5.2109761E-03
+1.3766000E+02	-2.1803379E-02	+5.3814389E-03
+1.3772000E+02	-2.1793103E-02	+5.5520446E-03
+1.3778000E+02	-2.1782657E-02	+5.7229148E-03
+1.3784000E+02	-2.1772010E-02	+5.8941720E-03
+1.3789999E+02	-2.1761108E-02	+6.0659377E-03
+1.3796001E+02	-2.1749889E-02	+6.2383292E-03
+1.3802000E+02	-2.1738281E-02	+6.4114542E-03
+1.3808000E+02	-2.1726193E-02	+6.5854043E-03
+1.3814000E+02	-2.1713527E-02	+6.7602843E-03
+1.3820000E+02	-2.1700168E-02	+6.9361613E-03
+1.3825999E+02	-2.1686001E-02	+7.1131079E-03
+1.3832001E+02	-2.1670889E-02	+7.2911805E-03
+1.3838000E+02	-2.1654710E-02	+7.4704052E-03
+1.3844000E+02	-2.1637313E-02	+7.6508219E-03
+1.3850000E+02	-2.1618566E-02	+7.8324256E-03
+1.3856000E+02	-2.1598324E-02	+8.0152117E-03
+1.3862000E+02	-2.1576442E-02	+8.1991563E-03
+1.3867999E+02	-2.1552786E-02	+8.3842156E-03
+1.3874001E+02	-2.1527225E-02	+8.5703367E-03
+1.3880000E+02	-2.1499632E-02	+8.7574422E-03
+1.3886000E+02	-2.1469887E-02	+8.9454586E-03
+1.3892000E+02	-2.1437887E-02	+9.1342833E-03
+1.3898000E+02	-2.1403540E-02	+9.3237972E-03
+1.3903999E+02	-2.1366758E-02	+9.5138969E-03
+1.3910001E+02	-2.1327477E-02	+9.7044474E-03
+1.3916000E+02	-2.1285651E-02	+9.8953145E-03
+1.3922000E+02	-2.1241246E-02	+1.0086360E-02
+1.3928000E+02	-2.1194238E-02	+1.0277448E-02
+1.3934000E+02	-2.1144625E-02	+1.0468435E-02
+1.3939999E+02	-2.1092426E-02	+1.0659186E-02
+1.3946001E+02	-2.1037668E-02	+1.0849568E-02
+1.3952000E+02	-2.0980401E-02	+1.1039460E-02
+1.3958000E+02	-2.0920685E-02	+1.1228732E-02
+1.3964000E+02	-2.0858599E-02	+1.1417280E-02
+1.3970000E+02	-2.0794218E-02	+1.1605008E-02
+1.3975999E+02	-2.0727649E-02	+1.1791835E-02
+1.3982001E+02	-2.0658994E-02	+1.1977687E-02
+1.3988000E+02	-2.0588366E-02	+1.2162516E-02
+1.3994000E+02	-2.0515874E-02	+1.2346280E-02
+1.4000000E+02	-2.0441646E-02	+1.2528954E-02
+1.4006000E+02	-2.0365791E-02	+1.2710553E-02
+1.4012000E+02	-2.0288434E-02	+1.2891066E-02
+1.4017999E+02	-2.0209674E-02	+1.3070542E-02
+1.4024001E+02	-2.0129627E-02	+1.3249018E-02
+1.4030000E+02	-2.0048387E-02	+1.3426547E-02
+1.4036000E+02	-1.9966042E-02	+1.3603213E-02
+1.4042000E+02	-1.9882657E-02	+1.3779096E-02
+1.4048000E+02	-1.9798301E-02	+1.3954300E-02
+1.4053999E+02	-1.9713016E-02	+1.4128912E-02
+1.4060001E+02	-1.9626830E-02	+1.4303067E-02
+1.4066000E+02	-1.9539757E-02	+1.4476859E-02
+1.4072000E+02	-1.9451786E-02	+1.4650415E-02
+1.4078000E+02	-1.9362893E-02	+1.4823860E-02
+1.4084000E+02	-1.9273052E-02	+1.4997295E-02
+1.4089999E+02	-1.9182187E-02	+1.5170841E-02
+1.4096001E+02	-1.9090230E-02	+1.5344601E-02
+1.4102000E+02	-1.8997081E-02	+1.5518673E-02
+1.4108000E+02	-1.8902656E-02	+1.5693130E-02
+1.4114000E+02	-1.8806810E-02	+1.5868062E-02
+1.4120000E+02	-1.8709429E-02	+1.6043514E-02
+1.4125999E+02	-1.8610371E-02	+1.6219530E-02
+1.4132001E+02	-1.8509485E-02	+1.6396143E-02
+1.4138000E+02	-1.8406615E-02	+1.6573353E-02
+1.4144000E+02	-1.8301602E-02	+1.6751155E-02
+1.4150000E+02	-1.8194301E-02	+1.6929520E-02
+1.4156000E+02	-1.8084535E-02	+1.7108401E-02
+1.4162000E+02	-1.7972156E-02	+1.7287733E-02
+1.4167999E+02	-1.7857030E-02	+1.7467426E-02
+1.4174001E+02	-1.7738987E-02	+1.7647395E-02
+1.4180000E+02	-1.7617911E-02	+1.7827505E-02
+1.4186000E+02	-1.7493673E-02	+1.8007647E-02
+1.4192000E+02	-1.7366171E-02	+1.8187655E-02
+1.4198000E+02	-1.7235305E-02	+1.8367384E-02
+1.4203999E+02	-1.7100979E-02	+1.8546673E-02
+1.4210001E+02	-1.6963154E-02	+1.8725337E-02
+1.4216000E+02	-1.6821770E-02	+1.8903205E-02
+1.4222000E+02	-1.6676787E-02	+1.9080088E-02
+1.4228000E+02	-1.6528215E-02	+1.9255798E-02
+1.4234000E+02	-1.6376032E-02	+1.9430153E-02
+1.4239999E+02	-1.6220275E-02	+1.9602967E-02
+1.4246001E+02	-1.6060976E-02	+1.9774061E-02
+1.4252000E+02	-1.5898194E-02	+1.9943252E-02
+1.4258000E+02	-1.5731975E-02	+2.0110389E-02
+1.4264000E+02	-1.5562418E-02	+2.0275293E-02
+1.4270000E+02	-1.5389611E-02	+2.0437829E-02
+1.4275999E+02	-1.5213657E-02	+2.0597851E-02
+1.4282001E+02	-1.5034656E-02	+2.0755235E-02
+1.4288000E+02	-1.4852745E-02	+2.0909859E-02
+1.4294000E+02	-1.4668035E-02	+2.1061631E-02
+1.4300000E+02	-1.4480663E-02	+2.1210454E-02
+1.4306000E+02	-1.4290750E-02	+2.1356253E-02
+1.4312000E+02	-1.4098437E-02	+2.1498969E-02
+1.4317999E+02	-1.3903844E-02	+2.1638541E-02
+1.4324001E+02	-1.3707108E-02	+2.1774931E-02
+1.4330000E+02	-1.3508361E-02	+2.1908110E-02
+1.4336000E+02	-1.3307698E-02	+2.2038059E-02
+1.4342000E+02	-1.3105265E-02	+2.2164756E-02
+1.4348000E+02	-1.2901160E-02	+2.2288207E-02
+1.4353999E+02	-1.2695484E-02	+2.2408405E-02
+1.4360001E+02	-1.2488335E-02	+2.2525359E-02
+1.4366000E+02	-1.2279799E-02	+2.2639075E-02
+1.4372000E+02	-1.2069970E-02	+2.2749569E-02
+1.4378000E+02	-1.1858919E-02	+2.2856848E-02
+1.4384000E+02	-1.1646710E-02	+2.2960927E-02
+1.4389999E+02	-1.1433424E-02	+2.3061816E-02
+1.4396001E+02	-1.1219108E-02	+2.3159523E-02
+1.4402000E+02	-1.1003810E-02	+2.3254057E-02
+1.4408000E+02	-1.0787599E-02	+2.3345420E-02
+1.4414000E+02	-1.0570521E-02	+2.3433615E-02
+1.4420000E+02	-1.0352625E-02	+2.3518631E-02
+1.4425999E+02	-1.0133954E-02	+2.3600465E-02
+1.4432001E+02	-9.9145658E-03	+2.3679104E-02
+1.4438000E+02	-9.6945092E-03	+2.3754532E-02
+1.4444000E+02	-9.4738426E-03	+2.3826728E-02
+1.4450000E+02	-9.2526218E-03	+2.3895672E-02
+1.4456000E+02	-9.0309223E-03	+2.3961339E-02
+1.4462000E+02	-8.8087972E-03	+2.4023706E-02
+1.4467999E+02	-8.5863322E-03	+2.4082750E-02
+1.4474001E+02	-8.3636101E-03	+2.4138443E-02
+1.4480000E+02	-8.1407158E-03	+2.4190769E-02
+1.4486000E+02	-7.9177395E-03	+2.4239708E-02
+1.4492000E+02	-7.6947976E-03	+2.4285244E-02
+1.4498000E+02	-7.4719838E-03	+2.4327375E-02
+1.4503999E+02	-7.2494168E-03	+2.4366098E-02
+1.4510001E+02	-7.0272177E-03	+2.4401419E-02
+1.4516000E+02	-6.8054944E-03	+2.4433354E-02
+1.4522000E+02	-6.5843938E-03	+2.4461931E-02
+1.4528000E+02	-6.3640270E-03	+2.4487182E-02
+1.4534000E+02	-6.1445180E-03	+2.4509158E-02
+1.4539999E+02	-5.9260130E-03	+2.4527917E-02
+1.4546001E+02	-5.7086241E-03	+2.4543529E-02
+1.4552000E+02	-5.4924721E-03	+2.4556074E-02
+1.4558000E+02	-5.2776793E-03	+2.4565648E-02
+1.4564000E+02	-5.0643524E-03	+2.4572356E-02
+1.4570000E+02	-4.8526023E-03	+2.4576312E-02
+1.4575999E+02	-4.6425019E-03	+2.4577642E-02
+1.4582001E+02	-4.4341637E-03	+2.4576485E-02
+1.4588000E+02	-4.2276420E-03	+2.4572982E-02
+1.4594000E+02	-4.0230006E-03	+2.4567282E-02
+1.4600000E+02	-3.8202861E-03	+2.4559541E-02
+1.4606000E+02	-3.6195312E-03	+2.4549920E-02
+1.4612000E+02	-3.4207450E-03	+2.4538582E-02
+1.4617999E+02	-3.2239456E-03	+2.4525698E-02
+1.4624001E+02	-3.0291101E-03	+2.4511425E-02
+1.4630000E+02	-2.8362067E-03	+2.4495926E-02
+1.4636000E+02	-2.6451976E-03	+2.4479363E-02
+1.4642000E+02	-2.4560310E-03	+2.4461890E-02
+1.4648000E+02	-2.2686149E-03	+2.4443651E-02
+1.4653999E+02	-2.0828783E-03	+2.4424784E-02
+1.4660001E+02	-1.8987213E-03	+2.4405418E-02
+1.4666000E+02	-1.7160313E-03	+2.4385674E-02
+1.4672000E+02	-1.5346804E-03	+2.4365652E-02
+1.4678000E+02	-1.3545383E-03	+2.4345450E-02
+1.4684000E+02	-1.1754788E-03	+2.4325145E-02
+1.4689999E+02	-9.9735078E-04	+2.4304796E-02
+1.4696001E+02	-8.2000793E-04	+2.4284454E-02
+1.4702000E+02	-6.4329716E-04	+2.4264151E-02
+1.4708000E+02	-4.6707093E-04	+2.4243904E-02
+1.4714000E+02	-2.9115900E-04	+2.4223713E-02
+1.4720000E+02	-1.1543190E-04	+2.4203567E-02
+1.4725999E+02	+6.0267696E-05	+2.4183430E-02
+1.4732001E+02	+2.3607841E-04	+2.4163259E-02
+1.4738000E+02	+4.1213713E-04	+2.4142995E-02
+1.4744000E+02	+5.8857864E-04	+2.4122566E-02
+1.4750000E+02	+7.6551235E-04	+2.4101889E-02
+1.4756000E+02	+9.4306178E-04	+2.4080867E-02
+1.4762000E+02	+1.1213020E-03	+2.4059393E-02
+1.4767999E+02	+1.3003448E-03	+2.4037352E-02
+1.4774001E+02	+1.4802525E-03	+2.4014624E-02
+1.4780000E+02	+1.6610834E-03	+2.3991074E-02
+1.4786000E+02	+1.8428818E-03	+2.3966579E-02
+1.4792000E+02	+2.0256925E-03	+2.3940993E-02
+1.4798000E+02	+2.2095339E-03	+2.3914183E-02
+1.4803999E+02	+2.3944094E-03	+2.3885999E-02
+1.4810001E+02	+2.5803070E-03	+2.3856310E-02
+1.4816000E+02	+2.7672045E-03	+2.3824979E-02
+1.4822000E+02	+2.9550770E-03	+2.3791866E-02
+1.4828000E+02	+3.1438672E-03	+2.3756843E-02
+1.4834000E+02	+3.3335253E-03	+2.3719784E-02
+1.4839999E+02	+3.5239817E-03	+2.3680571E-02
+1.4846001E+02	+3.7151545E-03	+2.3639094E-02
+1.4852000E+02	+3.9069387E-03	+2.3595251E-02
+1.4858000E+02	+4.0992633E-03	+2.3548942E-02
+1.4864000E+02	+4.2919992E-03	+2.3500083E-02
+1.4870000E+02	+4.4850390E-03	+2.3448607E-02
+1.4875999E+02	+4.6782722E-03	+2.3394445E-02
+1.4882001E+02	+4.8715561E-03	+2.3337539E-02
+1.4888000E+02	+5.0647920E-03	+2.3277853E-02
+1.4894000E+02	+5.2578254E-03	+2.3215353E-02
+1.4900000E+02	+5.4505258E-03	+2.3150023E-02
+1.4906000E+02	+5.6427852E-03	+2.3081850E-02
+1.4912000E+02	+5.8344319E-03	+2.3010843E-02
+1.4917999E+02	+6.0253735E-03	+2.2937013E-02
+1.4924001E+02	+6.2154741E-03	+2.2860384E-02
+1.4930000E+02	+6.4045829E-03	+2.2780996E-02
+1.4936000E+02	+6.5926029E-03	+2.2698894E-02
+1.4942000E+02	+6.7794123E-03	+2.2614136E-02
+1.4948000E+02	+6.9649112E-03	+2.2526782E-02
+1.4953999E+02	+7.1489951E-03	+2.2436909E-02
+1.4960001E+02	+7.3315427E-03	+2.2344602E-02
+1.4966000E+02	+7.5125014E-03	+2.2249946E-02
+1.4972000E+02	+7.6917806E-03	+2.2153037E-02
+1.4978000E+02	+7.8692958E-03	+2.2053981E-02
+1.4984000E+02	+8.0450093E-03	+2.1952879E-02
+1.4989999E+02	+8.2188668E-03	+2.1849843E-02
+1.4996001E+02	+8.3908299E-03	+2.1744981E-02
+1.5002000E+02	+8.5608670E-03	+2.1638418E-02
+1.5008000E+02	+8.7289680E-03	+2.1530259E-02
+1.5014000E+02	+8.8951206E-03	+2.1420630E-02
+1.5020000E+02	+9.0593360E-03	+2.1309637E-02
+1.5025999E+02	+9.2216395E-03	+2.1197388E-02
+1.5032001E+02	+9.3820402E-03	+2.1084005E-02
+1.5038000E+02	+9.5405979E-03	+2.0969575E-02
+1.5044000E+02	+9.6973386E-03	+2.0854210E-02
+1.5050000E+02	+9.8523386E-03	+2.0737996E-02
+1.5056000E+02	+1.0005662E-02	+2.0621009E-02
+1.5062000E+02	+1.0157380E-02	+2.0503331E-02
+1.5067999E+02	+1.0307579E-02	+2.0385023E-02
+1.5074001E+02	+1.0456334E-02	+2.0266147E-02
+1.5080000E+02	+1.0603749E-02	+2.0146741E-02
+1.5086000E+02	+1.0749929E-02	+2.0026835E-02
+1.5092000E+02	+1.0894960E-02	+1.9906452E-02
+1.5098000E+02	+1.1038946E-02	+1.9785598E-02
+1.5103999E+02	+1.1182006E-02	+1.9664260E-02
+1.5110001E+02	+1.1324226E-02	+1.9542426E-02
+1.5116000E+02	+1.1465692E-02	+1.9420071E-02
+1.5122000E+02	+1.1606514E-02	+1.9297134E-02
+1.5128000E+02	+1.1746781E-02	+1.9173572E-02
+1.5134000E+02	+1.1886564E-02	+1.9049315E-02
+1.5139999E+02	+1.2025938E-02	+1.8924279E-02
+1.5146001E+02	+1.2164966E-02	+1.8798379E-02
+1.5152000E+02	+1.2303700E-02	+1.8671516E-02
+1.5158000E+02	+1.2442178E-02	+1.8543586E-02
+1.5164000E+02	+1.2580428E-02	+1.8414475E-02
+1.5170000E+02	+1.2718461E-02	+1.8284068E-02
+1.5175999E+02	+1.2856269E-02	+1.8152244E-02
+1.5182001E+02	+1.2993844E-02	+1.8018883E-02
+1.5188000E+02	+1.3131148E-02	+1.7883856E-02
+1.5194000E+02	+1.3268138E-02	+1.7747048E-02
+1.5200000E+02	+1.3404746E-02	+1.7608345E-02
+1.5206000E+02	+1.3540898E-02	+1.7467629E-02
+1.5212000E+02	+1.3676505E-02	+1.7324800E-02
+1.5217999E+02	+1.3811449E-02	+1.7179759E-02
+1.5224001E+02	+1.3945626E-02	+1.7032424E-02
+1.5230000E+02	+1.4078895E-02	+1.6882719E-02
+1.5236000E+02	+1.4211126E-02	+1.6730586E-02
+1.5242000E+02	+1.4342163E-02	+1.6575975E-02
+1.5248000E+02	+1.4471854E-02	+1.6418859E-02
+1.5253999E+02	+1.4600037E-02	+1.6259223E-02
+1.5260001E+02	+1.4726548E-02	+1.6097067E-02
+1.5266000E+02	+1.4851219E-02	+1.5932415E-02
+1.5272000E+02	+1.4973897E-02	+1.5765304E-02
+1.5278000E+02	+1.5094404E-02	+1.5595786E-02
+1.5284000E+02	+1.5212590E-02	+1.5423938E-02
+1.5289999E+02	+1.5328305E-02	+1.5249847E-02
+1.5296001E+02	+1.5441402E-02	+1.5073615E-02
+1.5302000E+02	+1.5551754E-02	+1.4895366E-02
+1.5308000E+02	+1.5659243E-02	+1.4715230E-02
+1.5314000E+02	+1.5763760E-02	+1.4533355E-02
+1.5320000E+02	+1.5865216E-02	+1.4349895E-02
+1.5325999E+02	+1.5963534E-02	+1.4165014E-02
+1.5332001E+02	+1.6058657E-02	+1.3978883E-02
+1.5338000E+02	+1.6150553E-02	+1.3791678E-02
+1.5344000E+02	+1.6239190E-02	+1.3603576E-02
+1.5350000E+02	+1.6324570E-02	+1.3414758E-02
+1.5356000E+02	+1.6406711E-02	+1.3225401E-02
+1.5362000E+02	+1.6485648E-02	+1.3035675E-02
+1.5367999E+02	+1.6561424E-02	+1.2845747E-02
+1.5374001E+02	+1.6634118E-02	+1.2655778E-02
+1.5380000E+02	+1.6703803E-02	+1.2465918E-02
+1.5386000E+02	+1.6770585E-02	+1.2276299E-02
+1.5392000E+02	+1.6834568E-02	+1.2087050E-02
+1.5398000E+02	+1.6895879E-02	+1.1898275E-02
+1.5403999E+02	+1.6954640E-02	+1.1710073E-02
+1.5410001E+02	+1.7010996E-02	+1.1522517E-02
+1.5416000E+02	+1.7065085E-02	+1.1335671E-02
+1.5422000E+02	+1.7117055E-02	+1.1149573E-02
+1.5428000E+02	+1.7167050E-02	+1.0964246E-02
+1.5434000E+02	+1.7215211E-02	+1.0779703E-02
+1.5439999E+02	+1.7261682E-02	+1.0595930E-02
+1.5446001E+02	+1.7306598E-02	+1.0412899E-02
+1.5452000E+02	+1.7350081E-02	+1.0230570E-02
+1.5458000E+02	+1.7392255E-02	+1.0048886E-02
+1.5464000E+02	+1.7433222E-02	+9.8677753E-03
+1.5470000E+02	+1.7473081E-02	+9.6871611E-03
+1.5475999E+02	+1.7511910E-02	+9.5069529E-03
+1.5482001E+02	+1.7549776E-02	+9.3270512E-03
+1.5488000E+02	+1.7586729E-02	+9.1473535E-03
+1.5494000E+02	+1.7622804E-02	+8.9677516E-03
+1.5500000E+02	+1.7658023E-02	+8.7881377E-03
+1.5506000E+02	+1.7692387E-02	+8.6084027E-03
+1.5512000E+02	+1.7725885E-02	+8.4284423E-03
+1.5517999E+02	+1.7758496E-02	+8.2481522E-03
+1.5524001E+02	+1.7790170E-02	+8.0674384E-03
+1.5530000E+02	+1.7820863E-02	+7.8862133E-03
+1.5536000E+02	+1.7850507E-02	+7.7043967E-03
+1.5542000E+02	+1.7879028E-02	+7.5219222E-03
+1.5548000E+02	+1.7906342E-02	+7.3387329E-03
+1.5553999E+02	+1.7932357E-02	+7.1547860E-03
+1.5560001E+02	+1.7956981E-02	+6.9700493E-03
+1.5566000E+02	+1.7980117E-02	+6.7845075E-03
+1.5572000E+02	+1.8001663E-02	+6.5981564E-03
+1.5578000E+02	+1.8021520E-02	+6.4110057E-03
+1.5584000E+02	+1.8039593E-02	+6.2230807E-03
+1.5589999E+02	+1.8055789E-02	+6.0344171E-03
+1.5596001E+02	+1.8070022E-02	+5.8450610E-03
+1.5602000E+02	+1.8082213E-02	+5.6550726E-03
+1.5608000E+02	+1.8092288E-02	+5.4645194E-03
+1.5614000E+02	+1.8100189E-02	+5.2734790E-03
+1.5620000E+02	+1.8105865E-02	+5.0820317E-03
+1.5625999E+02	+1.8109271E-02	+4.8902663E-03
+1.5632001E+02	+1.8110385E-02	+4.6982761E-03
+1.5638000E+02	+1.8109189E-02	+4.5061517E-03
+1.5644000E+02	+1.8105680E-02	+4.3139872E-03
+1.5650000E+02	+1.8099865E-02	+4.1218740E-03
+1.5656000E+02	+1.8091759E-02	+3.9298995E-03
+1.5662000E+02	+1.8081391E-02	+3.7381479E-03
+1.5667999E+02	+1.8068805E-02	+3.5466955E-03
+1.5674001E+02	+1.8054044E-02	+3.3556130E-03
+1.5680000E+02	+1.8037159E-02	+3.1649617E-03
+1.5686000E+02	+1.8018218E-02	+2.9747935E-03
+1.5692000E+02	+1.7997278E-02	+2.7851509E-03
+1.5698000E+02	+1.7974410E-02	+2.5960647E-03
+1.5703999E+02	+1.7949684E-02	+2.4075569E-03
+1.5710001E+02	+1.7923163E-02	+2.2196367E-03
+1.5716000E+02	+1.7894924E-02	+2.0323044E-03
+1.5722000E+02	+1.7865021E-02	+1.8455497E-03
+1.5728000E+02	+1.7833520E-02	+1.6593522E-03
+1.5734000E+02	+1.7800469E-02	+1.4736834E-03
+1.5739999E+02	+1.7765919E-02	+1.2885069E-03
+1.5746001E+02	+1.7729906E-02	+1.1037795E-03
+1.5752000E+02	+1.7692458E-02	+9.1945275E-04
+1.5758000E+02	+1.7653596E-02	+7.3547452E-04
+1.5764000E+02	+1.7613329E-02	+5.5178936E-04
+1.5770000E+02	+1.7571654E-02	+3.6834122E-04
+1.5775999E+02	+1.7528564E-02	+1.8507430E-04
+1.5782001E+02	+1.7484033E-02	+1.9344964E-06
+1.5788000E+02	+1.7438032E-02	-1.8112895E-04
+1.5794000E+02	+1.7390516E-02	-3.6416226E-04
+1.5800000E+02	+1.7341441E-02	-5.4720585E-04
+1.5806000E+02	+1.7290743E-02	-7.3029281E-04
+1.5812000E+02	+1.7238360E-02	-9.1344875E-04
+1.5817999E+02	+1.7184226E-02	-1.0966900E-03
+1.5824001E+02	+1.7128261E-02	-1.2800233E-03
+1.5830000E+02	+1.7070390E-02	-1.4634456E-03
+1.5836000E+02	+1.7010536E-02	-1.6469439E-03
+1.5842000E+02	+1.6948614E-02	-1.8304933E-03
+1.5848000E+02	+1.6884552E-02	-2.0140605E-03
+1.5853999E+02	+1.6818270E-02	-2.1976007E-03
+1.5860001E+02	+1.6749697E-02	-2.3810593E-03
+1.5866000E+02	+1.6678765E-02	-2.5643737E-03
+1.5872000E+02	+1.6605418E-02	-2.7474719E-03
+1.5878000E+02	+1.6529594E-02	-2.9302754E-03
+1.5884000E+02	+1.6451253E-02	-3.1126989E-03
+1.5889999E+02	+1.6370352E-02	-3.2946514E-03
+1.5896001E+02	+1.6286867E-02	-3.4760383E-03
+1.5902000E+02	+1.6200777E-02	-3.6567617E-03
+1.5908000E+02	+1.6112072E-02	-3.8367223E-03
+1.5914000E+02	+1.6020752E-02	-4.0158206E-03
+1.5920000E+02	+1.5926827E-02	-4.1939570E-03
+1.5925999E+02	+1.5830316E-02	-4.3710349E-03
+1.5932001E+02	+1.5731242E-02	-4.5469590E-03
+1.5938000E+02	+1.5629645E-02	-4.7216401E-03
+1.5944000E+02	+1.5525562E-02	-4.8949919E-03
+1.5950000E+02	+1.5419048E-02	-5.0669354E-03
+1.5956000E+02	+1.5310153E-02	-5.2373977E-03
+1.5962000E+02	+1.5198936E-02	-5.4063103E-03
+1.5967999E+02	+1.5085460E-02	-5.5736145E-03
+1.5974001E+02	+1.4969791E-02	-5.7392572E-03
+1.5980000E+02	+1.4851994E-02	-5.9031928E-03
+1.5986000E+02	+1.4732138E-02	-6.0653826E-03
+1.5992000E+02	+1.4610284E-02	-6.2257955E-03
+1.5998000E+02	+1.4486505E-02	-6.3844076E-03
+1.6003999E+02	+1.4360857E-02	-6.5411981E-03
+1.6010001E+02	+1.4233404E-02	-6.6961530E-03
+1.6016000E+02	+1.4104205E-02	-6.8492638E-03
+1.6022000E+02	+1.3973309E-02	-7.0005255E-03
+1.6028000E+02	+1.3840767E-02	-7.1499357E-03
+1.6034000E+02	+1.3706623E-02	-7.2974958E-03
+1.6039999E+02	+1.3570919E-02	-7.4432064E-03
+1.6046001E+02	+1.3433688E-02	-7.5870701E-03
+1.6052000E+02	+1.3294965E-02	-7.7290908E-03
+1.6058000E+02	+1.3154778E-02	-7.8692678E-03
+1.6064000E+02	+1.3013150E-02	-8.0076046E-03
+1.6070000E+02	+1.2870101E-02	-8.1440965E-03
+1.6075999E+02	+1.2725652E-02	-8.2787434E-03
+1.6082001E+02	+1.2579822E-02	-8.4115360E-03
+1.6088000E+02	+1.2432622E-02	-8.5424660E-03
+1.6094000E+02	+1.2284070E-02	-8.6715221E-03
+1.6100000E+02	+1.2134185E-02	-8.7986859E-03
+1.6106000E+02	+1.1982978E-02	-8.9239404E-03
+1.6112000E+02	+1.1830468E-02	-9.0472652E-03
+1.6117999E+02	+1.1676675E-02	-9.1686333E-03
+1.6124001E+02	+1.1521622E-02	-9.2880214E-03
+1.6130000E+02	+1.1365333E-02	-9.4054015E-03
+1.6136000E+02	+1.1207839E-02	-9.5207430E-03
+1.6142000E+02	+1.1049168E-02	-9.6340170E-03
+1.6148000E+02	+1.0889361E-02	-9.7451946E-03
+1.6153999E+02	+1.0728453E-02	-9.8542469E-03
+1.6160001E+02	+1.0566492E-02	-9.9611469E-03
+1.6166000E+02	+1.0403519E-02	-1.0065869E-02
+1.6172000E+02	+1.0239593E-02	-1.0168388E-02
+1.6178000E+02	+1.0074761E-02	-1.0268689E-02
+1.6184000E+02	+9.9090803E-03	-1.0366752E-02
+1.6189999E+02	+9.7426111E-03	-1.0462563E-02
+1.6196001E+02	+9.5754145E-03	-1.0556120E-02
+1.6202000E+02	+9.4075473E-03	-1.0647415E-02
+1.6208000E+02	+9.2390757E-03	-1.0736450E-02
+1.6214000E+02	+9.0700602E-03	-1.0823230E-02
+1.6220000E+02	+8.9005576E-03	-1.0907767E-02
+1.6225999E+02	+8.7306341E-03	-1.0990076E-02
+1.6232001E+02	+8.5603409E-03	-1.1070177E-02
+1.6238000E+02	+8.3897403E-03	-1.1148090E-02
+1.6244000E+02	+8.2188752E-03	-1.1223845E-02
+1.6250000E+02	+8.0478024E-03	-1.1297471E-02
+1.6256000E+02	+7.8765610E-03	-1.1369001E-02
+1.6262000E+02	+7.7051986E-03	-1.1438469E-02
+1.6267999E+02	+7.5337496E-03	-1.1505914E-02
+1.6274001E+02	+7.3622437E-03	-1.1571373E-02
+1.6280000E+02	+7.1907188E-03	-1.1634881E-02
+1.6286000E+02	+7.0191938E-03	-1.1696477E-02
+1.6292000E+02	+6.8476954E-03	-1.1756199E-02
+1.6298000E+02	+6.6762320E-03	-1.1814088E-02
+1.6303999E+02	+6.5048407E-03	-1.1870167E-02
+1.6310001E+02	+6.3335099E-03	-1.1924485E-02
+1.6316000E+02	+6.1622709E-03	-1.1977061E-02
+1.6322000E+02	+5.9911255E-03	-1.2027930E-02
+1.6328000E+02	+5.8200718E-03	-1.2077125E-02
+1.6334000E+02	+5.6491368E-03	-1.2124663E-02
+1.6339999E+02	+5.4783104E-03	-1.2170576E-02
+1.6346001E+02	+5.3076162E-03	-1.2214877E-02
+1.6352000E+02	+5.1370421E-03	-1.2257598E-02
+1.6358000E+02	+4.9666096E-03	-1.2298754E-02
+1.6364000E+02	+4.7963224E-03	-1.2338366E-02
+1.6370000E+02	+4.6261959E-03	-1.2376451E-02
+1.6375999E+02	+4.4562318E-03	-1.2413034E-02
+1.6382001E+02	+4.2864382E-03	-1.2448134E-02
+1.6388000E+02	+4.1168411E-03	-1.2481770E-02
+1.6394000E+02	+3.9474359E-03	-1.2513972E-02
+1.6400000E+02	+3.7782467E-03	-1.2544757E-02
+1.6406000E+02	+3.6092871E-03	-1.2574157E-02
+1.6412000E+02	+3.4405561E-03	-1.2602201E-02
+1.6417999E+02	+3.2720710E-03	-1.2628921E-02
+1.6424001E+02	+3.1038306E-03	-1.2654353E-02
+1.6430000E+02	+2.9358438E-03	-1.2678533E-02
+1.6436000E+02	+2.7681130E-03	-1.2701498E-02
+1.6442000E+02	+2.6006335E-03	-1.2723291E-02
+1.6448000E+02	+2.4333920E-03	-1.2743955E-02
+1.6453999E+02	+2.2663802E-03	-1.2763531E-02
+1.6460001E+02	+2.0995883E-03	-1.2782061E-02
+1.6466000E+02	+1.9329677E-03	-1.2799589E-02
+1.6472000E+02	+1.7665107E-03	-1.2816152E-02
+1.6478000E+02	+1.6001771E-03	-1.2831790E-02
+1.6484000E+02	+1.4339192E-03	-1.2846536E-02
+1.6489999E+02	+1.2676808E-03	-1.2860421E-02
+1.6496001E+02	+1.1014289E-03	-1.2873467E-02
+1.6502000E+02	+9.3508605E-04	-1.2885692E-02
+1.6508000E+02	+7.6859829E-04	-1.2897106E-02
+1.6514000E+02	+6.0191081E-04	-1.2907707E-02
+1.6520000E+02	+4.3493777E-04	-1.2917494E-02
+1.6525999E+02	+2.6761150E-04	-1.2926447E-02
+1.6532001E+02	+9.9877005E-05	-1.2934540E-02
+1.6538000E+02	-6.8340523E-05	-1.2941734E-02
+1.6544000E+02	-2.3710614E-04	-1.2947984E-02
+1.6550000E+02	-4.0648252E-04	-1.2953230E-02
+1.6556000E+02	-5.7651143E-04	-1.2957407E-02
+1.6562000E+02	-7.4725325E-04	-1.2960438E-02
+1.6567999E+02	-9.1874012E-04	-1.2962238E-02
+1.6574001E+02	-1.0909999E-03	-1.2962713E-02
+1.6580000E+02	-1.2640444E-03	-1.2961766E-02
+1.6586000E+02	-1.4378803E-03	-1.2959296E-02
+1.6592000E+02	-1.6125062E-03	-1.2955190E-02
+1.6598000E+02	-1.7878851E-03	-1.2949343E-02
+1.6603999E+02	-1.9639898E-03	-1.2941647E-02
+1.6610001E+02	-2.1407639E-03	-1.2931997E-02
+1.6616000E+02	-2.3181397E-03	-1.2920289E-02
+1.6622000E+02	-2.4960414E-03	-1.2906429E-02
+1.6628000E+02	-2.6743687E-03	-1.2890329E-02
+1.6634000E+02	-2.8530229E-03	-1.2871912E-02
+1.6639999E+02	-3.0318755E-03	-1.2851112E-02
+1.6646001E+02	-3.2108049E-03	-1.2827876E-02
+1.6652000E+02	-3.3896703E-03	-1.2802168E-02
+1.6658000E+02	-3.5683308E-03	-1.2773967E-02
+1.6664000E+02	-3.7466404E-03	-1.2743272E-02
+1.6670000E+02	-3.9244494E-03	-1.2710094E-02
+1.6675999E+02	-4.1016093E-03	-1.2674468E-02
+1.6682001E+02	-4.2779716E-03	-1.2636443E-02
+1.6688000E+02	-4.4533978E-03	-1.2596092E-02
+1.6694000E+02	-4.6277526E-03	-1.2553500E-02
+1.6700000E+02	-4.8009115E-03	-1.2508774E-02
+1.6706000E+02	-4.9727708E-03	-1.2462032E-02
+1.6712000E+02	-5.1432257E-03	-1.2413411E-02
+1.6717999E+02	-5.3122044E-03	-1.2363054E-02
+1.6724001E+02	-5.4796403E-03	-1.2311120E-02
+1.6730000E+02	-5.6454903E-03	-1.2257772E-02
+1.6736000E+02	-5.8097392E-03	-1.2203179E-02
+1.6742000E+02	-5.9723887E-03	-1.2147513E-02
+1.6748000E+02	-6.1334465E-03	-1.2090950E-02
+1.6753999E+02	-6.2929755E-03	-1.2033653E-02
+1.6760001E+02	-6.4510237E-03	-1.1975786E-02
+1.6766000E+02	-6.6076862E-03	-1.1917503E-02
+1.6772000E+02	-6.7630750E-03	-1.1858942E-02
+1.6778000E+02	-6.9172950E-03	-1.1800238E-02
+1.6784000E+02	-7.0704981E-03	-1.1741498E-02
+1.6789999E+02	-7.2228336E-03	-1.1682814E-02
+1.6796001E+02	-7.3744692E-03	-1.1624258E-02
+1.6802000E+02	-7.5255712E-03	-1.1565885E-02
+1.6808000E+02	-7.6763202E-03	-1.1507715E-02
+1.6814000E+02	-7.8268992E-03	-1.1449761E-02
+1.6820000E+02	-7.9774838E-03	-1.1391996E-02
+1.6825999E+02	-8.1282509E-03	-1.1334385E-02
+1.6832001E+02	-8.2793748E-03	-1.1276856E-02
+1.6838000E+02	-8.4310146E-03	-1.1219325E-02
+1.6844000E+02	-8.5833129E-03	-1.1161684E-02
+1.6850000E+02	-8.7364074E-03	-1.1103808E-02
+1.6856000E+02	-8.8904090E-03	-1.1045558E-02
+1.6862000E+02	-9.0454193E-03	-1.0986771E-02
+1.6867999E+02	-9.2015080E-03	-1.0927289E-02
+1.6874001E+02	-9.3587274E-03	-1.0866936E-02
+1.6880000E+02	-9.5171044E-03	-1.0805530E-02
+1.6886000E+02	-9.6766539E-03	-1.0742893E-02
+1.6892000E+02	-9.8373499E-03	-1.0678845E-02
+1.6898000E+02	-9.9991476E-03	-1.0613220E-02
+1.6903999E+02	-1.0162004E-02	-1.0545838E-02
+1.6910001E+02	-1.0325822E-02	-1.0476558E-02
+1.6916000E+02	-1.0490505E-02	-1.0405230E-02
+1.6922000E+02	-1.0655934E-02	-1.0331736E-02
+1.6928000E+02	-1.0821987E-02	-1.0255960E-02
+1.6934000E+02	-1.0988519E-02	-1.0177820E-02
+1.6939999E+02	-1.1155385E-02	-1.0097246E-02
+1.6946001E+02	-1.1322427E-02	-1.0014192E-02
+1.6952000E+02	-1.1489491E-02	-9.9286335E-03
+1.6958000E+02	-1.1656429E-02	-9.8405750E-03
+1.6964000E+02	-1.1823094E-02	-9.7500207E-03
+1.6970000E+02	-1.1989352E-02	-9.6570151E-03
+1.6975999E+02	-1.2155063E-02	-9.5616160E-03
+1.6982001E+02	-1.2320124E-02	-9.4638951E-03
+1.6988000E+02	-1.2484435E-02	-9.3639269E-03
+1.6994000E+02	-1.2647910E-02	-9.2618177E-03
+1.7000000E+02	-1.2810498E-02	-9.1576623E-03
