+1.1000000E+02	-2.4435234E-03	+3.6523975E-02
+1.1006000E+02	-2.1455856E-03	+3.6444038E-02
+1.1012000E+02	-1.8507077E-03	+3.6361493E-02
+1.1018000E+02	-1.5589057E-03	+3.6276728E-02
+1.1024000E+02	-1.2701069E-03	+3.6190130E-02
+1.1030000E+02	-9.8420249E-04	+3.6102075E-02
+1.1036000E+02	-7.0102158E-04	+3.6012899E-02
+1.1042000E+02	-4.2035172E-04	+3.5922922E-02
+1.1048000E+02	-1.4192204E-04	+3.5832401E-02
+1.1054000E+02	+1.3455983E-04	+3.5741579E-02
+1.1060000E+02	+4.0939779E-04	+3.5650618E-02
+1.1066000E+02	+6.8294781E-04	+3.5559643E-02
+1.1072000E+02	+9.5557352E-04	+3.5468735E-02
+1.1078000E+02	+1.2276102E-03	+3.5377894E-02
+1.1084000E+02	+1.4994307E-03	+3.5287082E-02
+1.1090000E+02	+1.7713769E-03	+3.5196200E-02
+1.1096000E+02	+2.0437576E-03	+3.5105113E-02
+1.1102000E+02	+2.3168803E-03	+3.5013612E-02
+1.1108000E+02	+2.5909937E-03	+3.4921471E-02
+1.1114000E+02	+2.8663338E-03	+3.4828417E-02
+1.1120000E+02	+3.1430675E-03	+3.4734145E-02
+1.1126000E+02	+3.4213327E-03	+3.4638334E-02
+1.1132000E+02	+3.7011974E-03	+3.4540642E-02
+1.1138000E+02	+3.9827088E-03	+3.4440715E-02
+1.1144000E+02	+4.2658378E-03	+3.4338214E-02
+1.1150000E+02	+4.5505106E-03	+3.4232795E-02
+1.1156000E+02	+4.8366198E-03	+3.4124125E-02
+1.1162000E+02	+5.1239841E-03	+3.4011904E-02
+1.1168000E+02	+5.4123998E-03	+3.3895858E-02
+1.1174000E+02	+5.7016425E-03	+3.3775739E-02
+1.1180000E+02	+5.9914282E-03	+3.3651341E-02
+1.1186000E+02	+6.2814555E-03	+3.3522498E-02
+1.1192000E+02	+6.5714275E-03	+3.3389084E-02
+1.1198000E+02	+6.8610013E-03	+3.3251029E-02
+1.1204000E+02	+7.1498728E-03	+3.3108305E-02
+1.1210000E+02	+7.4377004E-03	+3.2960929E-02
+1.1216000E+02	+7.7241743E-03	+3.2808967E-02
+1.1222000E+02	+8.0089979E-03	+3.2652508E-02
+1.1228000E+02	+8.2919132E-03	+3.2491710E-02
+1.1234000E+02	+8.5726744E-03	+3.2326739E-02
+1.1240000E+02	+8.8510588E-03	+3.2157805E-02
+1.1246000E+02	+9.1268932E-03	+3.1985134E-02
+1.1252000E+02	+9.4000688E-03	+3.1808976E-02
+1.1258000E+02	+9.6704755E-03	+3.1629577E-02
+1.1264000E+02	+9.9380659E-03	+3.1447209E-02
+1.1270000E+02	+1.0202847E-02	+3.1262118E-02
+1.1276000E+02	+1.0464855E-02	+3.1074546E-02
+1.1282000E+02	+1.0724166E-02	+3.0884733E-02
+1.1288000E+02	+1.0980884E-02	+3.0692888E-02
+1.1294000E+02	+1.1235165E-02	+3.0499181E-02
+1.1300000E+02	+1.1487176E-02	+3.0303761E-02
+1.1306000E+02	+1.1737124E-02	+3.0106744E-02
+1.1312000E+02	+1.1985210E-02	+2.9908186E-02
+1.1318000E+02	+1.2231666E-02	+2.9708130E-02
+1.1324000E+02	+1.2476703E-02	+2.9506547E-02
+1.1330000E+02	+1.2720554E-02	+2.9303385E-02
+1.1336000E+02	+1.2963425E-02	+2.9098541E-02
+1.1342000E+02	+1.3205521E-02	+2.8891861E-02
+1.1348000E+02	+1.3447003E-02	+2.8683171E-02
+1.1354000E+02	+1.3687999E-02	+2.8472248E-02
+1.1360000E+02	+1.3928632E-02	+2.8258841E-02
+1.1366000E+02	+1.4168972E-02	+2.8042683E-02
+1.1372000E+02	+1.4409022E-02	+2.7823472E-02
+1.1378000E+02	+1.4648787E-02	+2.7600903E-02
+1.1384000E+02	+1.4888173E-02	+2.7374662E-02
+1.1390000E+02	+1.5127063E-02	+2.7144432E-02
+1.1396000E+02	+1.5365298E-02	+2.6909908E-02
+1.1402000E+02	+1.5602658E-02	+2.6670801E-02
+1.1408000E+02	+1.5838873E-02	+2.6426835E-02
+1.1414000E+02	+1.6073639E-02	+2.6177768E-02
+1.1420000E+02	+1.6306598E-02	+2.5923394E-02
+1.1426000E+02	+1.6537381E-02	+2.5663545E-02
+1.1432000E+02	+1.6765574E-02	+2.5398090E-02
+1.1438000E+02	+1.6990731E-02	+2.5126956E-02
+1.1444000E+02	+1.7212413E-02	+2.4850113E-02
+1.1450000E+02	+1.7430142E-02	+2.4567600E-02
+1.1456000E+02	+1.7643448E-02	+2.4279486E-02
+1.1462000E+02	+1.7851889E-02	+2.3985922E-02
+1.1468000E+02	+1.8054988E-02	+2.3687096E-02
+1.1474000E+02	+1.8252321E-02	+2.3383263E-02
+1.1480000E+02	+1.8443489E-02	+2.3074701E-02
+1.1486000E+02	+1.8628083E-02	+2.2761784E-02
+1.1492000E+02	+1.8805807E-02	+2.2444865E-02
+1.1498000E+02	+1.8976338E-02	+2.2124384E-02
+1.1504000E+02	+1.9139400E-02	+2.1800824E-02
+1.1510000E+02	+1.9294847E-02	+2.1474617E-02
+1.1516000E+02	+1.9442482E-02	+2.1146309E-02
+1.1522000E+02	+1.9582234E-02	+2.0816395E-02
+1.1528000E+02	+1.9714078E-02	+2.0485384E-02
+1.1534000E+02	+1.9837994E-02	+2.0153834E-02
+1.1540000E+02	+1.9954100E-02	+1.9822206E-02
+1.1546000E+02	+2.0062489E-02	+1.9491032E-02
+1.1552000E+02	+2.0163361E-02	+1.9160764E-02
+1.1558000E+02	+2.0256931E-02	+1.8831857E-02
+1.1564000E+02	+2.0343453E-02	+1.8504737E-02
+1.1570000E+02	+2.0423252E-02	+1.8179750E-02
+1.1576000E+02	+2.0496676E-02	+1.7857233E-02
+1.1582000E+02	+2.0564048E-02	+1.7537512E-02
+1.1588000E+02	+2.0625785E-02	+1.7220790E-02
+1.1594000E+02	+2.0682270E-02	+1.6907284E-02
+1.1600000E+02	+2.0733913E-02	+1.6597141E-02
+1.1606000E+02	+2.0781133E-02	+1.6290432E-02
+1.1612000E+02	+2.0824313E-02	+1.5987244E-02
+1.1618000E+02	+2.0863868E-02	+1.5687544E-02
+1.1624000E+02	+2.0900151E-02	+1.5391333E-02
+1.1630000E+02	+2.0933550E-02	+1.5098489E-02
+1.1636000E+02	+2.0964364E-02	+1.4808930E-02
+1.1642000E+02	+2.0992922E-02	+1.4522497E-02
+1.1648000E+02	+2.1019481E-02	+1.4239014E-02
+1.1654000E+02	+2.1044280E-02	+1.3958293E-02
+1.1660000E+02	+2.1067524E-02	+1.3680118E-02
+1.1666000E+02	+2.1089369E-02	+1.3404266E-02
+1.1672000E+02	+2.1109946E-02	+1.3130508E-02
+1.1678000E+02	+2.1129346E-02	+1.2858612E-02
+1.1684000E+02	+2.1147626E-02	+1.2588357E-02
+1.1690000E+02	+2.1164801E-02	+1.2319519E-02
+1.1696000E+02	+2.1180868E-02	+1.2051896E-02
+1.1702000E+02	+2.1195790E-02	+1.1785298E-02
+1.1708000E+02	+2.1209504E-02	+1.1519559E-02
+1.1714000E+02	+2.1221934E-02	+1.1254530E-02
+1.1720000E+02	+2.1232979E-02	+1.0990090E-02
+1.1726000E+02	+2.1242529E-02	+1.0726141E-02
+1.1732000E+02	+2.1250471E-02	+1.0462612E-02
+1.1738000E+02	+2.1256687E-02	+1.0199461E-02
+1.1744000E+02	+2.1261048E-02	+9.9366670E-03
+1.1750000E+02	+2.1263447E-02	+9.6742362E-03
+1.1756000E+02	+2.1263773E-02	+9.4121993E-03
+1.1762000E+02	+2.1261934E-02	+9.1506010E-03
+1.1768000E+02	+2.1257844E-02	+8.8895112E-03
+1.1774000E+02	+2.1251446E-02	+8.6290110E-03
+1.1780000E+02	+2.1242686E-02	+8.3691934E-03
+1.1786000E+02	+2.1231543E-02	+8.1101609E-03
+1.1792000E+02	+2.1218013E-02	+7.8520179E-03
+1.1798000E+02	+2.1202106E-02	+7.5948713E-03
+1.1804000E+02	+2.1183861E-02	+7.3388275E-03
+1.1810000E+02	+2.1163335E-02	+7.0839846E-03
+1.1816000E+02	+2.1140598E-02	+6.8304292E-03
+1.1822000E+02	+2.1115741E-02	+6.5782415E-03
+1.1828000E+02	+2.1088867E-02	+6.3274819E-03
+1.1834000E+02	+2.1060091E-02	+6.0781990E-03
+1.1840000E+02	+2.1029532E-02	+5.8304179E-03
+1.1846000E+02	+2.0997321E-02	+5.5841468E-03
+1.1852000E+02	+2.0963591E-02	+5.3393757E-03
+1.1858000E+02	+2.0928467E-02	+5.0960700E-03
+1.1864000E+02	+2.0892067E-02	+4.8541776E-03
+1.1870000E+02	+2.0854516E-02	+4.6136267E-03
+1.1876000E+02	+2.0815913E-02	+4.3743281E-03
+1.1882000E+02	+2.0776348E-02	+4.1361758E-03
+1.1888000E+02	+2.0735901E-02	+3.8990495E-03
+1.1894000E+02	+2.0694625E-02	+3.6628195E-03
+1.1900000E+02	+2.0652557E-02	+3.4273453E-03
+1.1906000E+02	+2.0609712E-02	+3.1924830E-03
+1.1912000E+02	+2.0566083E-02	+2.9580842E-03
+1.1918000E+02	+2.0521643E-02	+2.7240035E-03
+1.1924000E+02	+2.0476339E-02	+2.4900986E-03
+1.1930000E+02	+2.0430101E-02	+2.2562351E-03
+1.1936000E+02	+2.0382835E-02	+2.0222892E-03
+1.1942000E+02	+2.0334426E-02	+1.7881509E-03
+1.1948000E+02	+2.0284755E-02	+1.5537259E-03
+1.1954000E+02	+2.0233676E-02	+1.3189388E-03
+1.1960000E+02	+2.0181034E-02	+1.0837341E-03
+1.1966000E+02	+2.0126669E-02	+8.4807858E-04
+1.1972000E+02	+2.0070415E-02	+6.1196211E-04
+1.1978000E+02	+2.0012103E-02	+3.7539779E-04
+1.1984000E+02	+1.9951569E-02	+1.3842258E-04
+1.1990000E+02	+1.9888647E-02	-9.8903256E-05
+1.1996000E+02	+1.9823184E-02	-3.3649703E-04
+1.2002000E+02	+1.9755036E-02	-5.7425490E-04
+1.2008000E+02	+1.9684074E-02	-8.1205374E-04
+1.2014000E+02	+1.9610183E-02	-1.0497529E-03
+1.2020000E+02	+1.9533278E-02	-1.2871972E-03
+1.2026000E+02	+1.9453278E-02	-1.5242198E-03
+1.2032000E+02	+1.9370135E-02	-1.7606441E-03
+1.2038000E+02	+1.9283824E-02	-1.9962888E-03
+1.2044000E+02	+1.9194337E-02	-2.2309697E-03
+1.2050000E+02	+1.9101698E-02	-2.4645040E-03
+1.2056000E+02	+1.9005949E-02	-2.6967123E-03
+1.2062000E+02	+1.8907158E-02	-2.9274244E-03
+1.2068000E+02	+1.8805411E-02	-3.1564801E-03
+1.2074000E+02	+1.8700819E-02	-3.3837329E-03
+1.2080000E+02	+1.8593505E-02	-3.6090522E-03
+1.2086000E+02	+1.8483607E-02	-3.8323265E-03
+1.2092000E+02	+1.8371278E-02	-4.0534646E-03
+1.2098000E+02	+1.8256679E-02	-4.2723971E-03
+1.2104000E+02	+1.8139975E-02	-4.4890782E-03
+1.2110000E+02	+1.8021338E-02	-4.7034845E-03
+1.2116000E+02	+1.7900934E-02	-4.9156169E-03
+1.2122000E+02	+1.7778926E-02	-5.1254998E-03
+1.2128000E+02	+1.7655471E-02	-5.3331801E-03
+1.2134000E+02	+1.7530717E-02	-5.5387239E-03
+1.2140000E+02	+1.7404791E-02	-5.7422202E-03
+1.2146000E+02	+1.7277813E-02	-5.9437724E-03
+1.2152000E+02	+1.7149875E-02	-6.1434982E-03
+1.2158000E+02	+1.7021058E-02	-6.3415305E-03
+1.2164000E+02	+1.6891414E-02	-6.5380074E-03
+1.2170000E+02	+1.6760979E-02	-6.7330752E-03
+1.2176000E+02	+1.6629754E-02	-6.9268821E-03
+1.2182000E+02	+1.6497724E-02	-7.1195750E-03
+1.2188000E+02	+1.6364850E-02	-7.3112957E-03
+1.2194000E+02	+1.6231067E-02	-7.5021796E-03
+1.2200000E+02	+1.6096292E-02	-7.6923501E-03
+1.2206000E+02	+1.5960420E-02	-7.8819171E-03
+1.2212000E+02	+1.5823325E-02	-8.0709737E-03
+1.2218000E+02	+1.5684873E-02	-8.2595935E-03
+1.2224000E+02	+1.5544906E-02	-8.4478306E-03
+1.2230000E+02	+1.5403272E-02	-8.6357128E-03
+1.2236000E+02	+1.5259791E-02	-8.8232458E-03
+1.2242000E+02	+1.5114299E-02	-9.0104109E-03
+1.2248000E+02	+1.4966625E-02	-9.1971634E-03
+1.2254000E+02	+1.4816596E-02	-9.3834316E-03
+1.2260000E+02	+1.4664055E-02	-9.5691206E-03
+1.2266000E+02	+1.4508850E-02	-9.7541111E-03
+1.2272000E+02	+1.4350843E-02	-9.9382605E-03
+1.2278000E+02	+1.4189914E-02	-1.0121408E-02
+1.2284000E+02	+1.4025962E-02	-1.0303374E-02
+1.2290000E+02	+1.3858907E-02	-1.0483959E-02
+1.2296000E+02	+1.3688689E-02	-1.0662957E-02
+1.2302000E+02	+1.3515275E-02	-1.0840149E-02
+1.2308000E+02	+1.3338666E-02	-1.1015305E-02
+1.2314000E+02	+1.3158877E-02	-1.1188203E-02
+1.2320000E+02	+1.2975959E-02	-1.1358608E-02
+1.2326000E+02	+1.2789986E-02	-1.1526302E-02
+1.2332000E+02	+1.2601063E-02	-1.1691062E-02
+1.2338000E+02	+1.2409314E-02	-1.1852685E-02
+1.2344000E+02	+1.2214893E-02	-1.2010976E-02
+1.2350000E+02	+1.2017972E-02	-1.2165758E-02
+1.2356000E+02	+1.1818741E-02	-1.2316874E-02
+1.2362000E+02	+1.1617417E-02	-1.2464187E-02
+1.2368000E+02	+1.1414224E-02	-1.2607588E-02
+1.2374000E+02	+1.1209398E-02	-1.2746988E-02
+1.2380000E+02	+1.1003183E-02	-1.2882327E-02
+1.2386000E+02	+1.0795829E-02	-1.3013570E-02
+1.2392000E+02	+1.0587592E-02	-1.3140713E-02
+1.2398000E+02	+1.0378722E-02	-1.3263777E-02
+1.2404000E+02	+1.0169460E-02	-1.3382813E-02
+1.2410000E+02	+9.9600526E-03	-1.3497895E-02
+1.2416000E+02	+9.7507173E-03	-1.3609121E-02
+1.2422000E+02	+9.5416671E-03	-1.3716619E-02
+1.2428000E+02	+9.3331048E-03	-1.3820530E-02
+1.2434000E+02	+9.1252001E-03	-1.3921024E-02
+1.2440000E+02	+8.9181103E-03	-1.4018274E-02
+1.2446000E+02	+8.7119695E-03	-1.4112483E-02
+1.2452000E+02	+8.5068801E-03	-1.4203851E-02
+1.2458000E+02	+8.3029289E-03	-1.4292596E-02
+1.2464000E+02	+8.1001753E-03	-1.4378935E-02
+1.2470000E+02	+7.8986445E-03	-1.4463088E-02
+1.2476000E+02	+7.6983431E-03	-1.4545280E-02
+1.2482000E+02	+7.4992501E-03	-1.4625719E-02
+1.2488000E+02	+7.3013245E-03	-1.4704619E-02
+1.2494000E+02	+7.1044909E-03	-1.4782174E-02
+1.2500000E+02	+6.9086696E-03	-1.4858572E-02
+1.2506000E+02	+6.7137456E-03	-1.4933984E-02
+1.2512000E+02	+6.5195835E-03	-1.5008565E-02
+1.2518000E+02	+6.3260505E-03	-1.5082447E-02
+1.2524000E+02	+6.1329836E-03	-1.5155748E-02
+1.2530000E+02	+5.9402161E-03	-1.5228564E-02
+1.2536000E+02	+5.7475772E-03	-1.5300965E-02
+1.2542000E+02	+5.5548791E-03	-1.5372998E-02
+1.2548000E+02	+5.3619375E-03	-1.5444690E-02
+1.2554000E+02	+5.1685753E-03	-1.5516047E-02
+1.2560000E+02	+4.9745990E-03	-1.5587049E-02
+1.2566000E+02	+4.7798473E-03	-1.5657652E-02
+1.2572000E+02	+4.5841360E-03	-1.5727794E-02
+1.2578000E+02	+4.3873144E-03	-1.5797397E-02
+1.2584000E+02	+4.1892296E-03	-1.5866360E-02
+1.2590000E+02	+3.9897519E-03	-1.5934566E-02
+1.2596000E+02	+3.7887599E-03	-1.6001884E-02
+1.2602000E+02	+3.5861472E-03	-1.6068170E-02
+1.2608000E+02	+3.3818271E-03	-1.6133264E-02
+1.2614000E+02	+3.1757366E-03	-1.6197011E-02
+1.2620000E+02	+2.9678175E-03	-1.6259236E-02
+1.2626000E+02	+2.7580494E-03	-1.6319765E-02
+1.2632000E+02	+2.5464215E-03	-1.6378419E-02
+1.2638000E+02	+2.3329293E-03	-1.6435023E-02
+1.2644000E+02	+2.1176173E-03	-1.6489400E-02
+1.2650000E+02	+1.9005255E-03	-1.6541379E-02
+1.2656000E+02	+1.6817187E-03	-1.6590795E-02
+1.2662000E+02	+1.4612697E-03	-1.6637485E-02
+1.2668000E+02	+1.2392827E-03	-1.6681304E-02
+1.2674000E+02	+1.0158661E-03	-1.6722113E-02
+1.2680000E+02	+7.9113909E-04	-1.6759781E-02
+1.2686000E+02	+5.6524313E-04	-1.6794195E-02
+1.2692000E+02	+3.3832199E-04	-1.6825257E-02
+1.2698000E+02	+1.1052432E-04	-1.6852878E-02
+1.2704000E+02	-1.1798085E-04	-1.6876986E-02
+1.2710000E+02	-3.4703687E-04	-1.6897529E-02
+1.2716000E+02	-5.7646428E-04	-1.6914465E-02
+1.2722000E+02	-8.0608961E-04	-1.6927775E-02
+1.2728000E+02	-1.0357675E-03	-1.6937444E-02
+1.2734000E+02	-1.2652872E-03	-1.6943488E-02
+1.2740000E+02	-1.4945107E-03	-1.6945926E-02
+1.2746000E+02	-1.7232621E-03	-1.6944798E-02
+1.2752000E+02	-1.9513840E-03	-1.6940160E-02
+1.2758000E+02	-2.1787209E-03	-1.6932072E-02
+1.2764000E+02	-2.4051459E-03	-1.6920619E-02
+1.2770000E+02	-2.6304966E-03	-1.6905893E-02
+1.2776000E+02	-2.8546706E-03	-1.6887991E-02
+1.2782000E+02	-3.0775468E-03	-1.6867025E-02
+1.2788000E+02	-3.2990265E-03	-1.6843116E-02
+1.2794000E+02	-3.5190322E-03	-1.6816391E-02
+1.2800000E+02	-3.7374611E-03	-1.6786985E-02
+1.2806000E+02	-3.9542718E-03	-1.6755035E-02
+1.2812000E+02	-4.1694217E-03	-1.6720675E-02
+1.2817999E+02	-4.3828590E-03	-1.6684059E-02
+1.2824001E+02	-4.5945765E-03	-1.6645323E-02
+1.2830000E+02	-4.8045660E-03	-1.6604612E-02
+1.2836000E+02	-5.0128326E-03	-1.6562063E-02
+1.2842000E+02	-5.2194102E-03	-1.6517812E-02
+1.2848000E+02	-5.4243295E-03	-1.6471993E-02
+1.2853999E+02	-5.6276405E-03	-1.6424729E-02
+1.2860001E+02	-5.8294074E-03	-1.6376130E-02
+1.2866000E+02	-6.0297023E-03	-1.6326312E-02
+1.2872000E+02	-6.2286002E-03	-1.6275370E-02
+1.2878000E+02	-6.4261942E-03	-1.6223392E-02
+1.2884000E+02	-6.6226018E-03	-1.6170442E-02
+1.2889999E+02	-6.8179006E-03	-1.6116597E-02
+1.2896001E+02	-7.0122299E-03	-1.6061891E-02
+1.2902000E+02	-7.2056972E-03	-1.6006364E-02
+1.2908000E+02	-7.3984130E-03	-1.5950032E-02
+1.2914000E+02	-7.5905039E-03	-1.5892901E-02
+1.2920000E+02	-7.7820877E-03	-1.5834957E-02
+1.2925999E+02	-7.9732873E-03	-1.5776172E-02
+1.2932001E+02	-8.1642075E-03	-1.5716510E-02
+1.2938000E+02	-8.3549479E-03	-1.5655912E-02
+1.2944000E+02	-8.5456157E-03	-1.5594313E-02
+1.2950000E+02	-8.7363049E-03	-1.5531623E-02
+1.2956000E+02	-8.9270966E-03	-1.5467747E-02
+1.2962000E+02	-9.1180494E-03	-1.5402587E-02
+1.2967999E+02	-9.3092192E-03	-1.5336028E-02
+1.2974001E+02	-9.5006516E-03	-1.5267942E-02
+1.2980000E+02	-9.6923728E-03	-1.5198205E-02
+1.2986000E+02	-9.8843928E-03	-1.5126674E-02
+1.2992000E+02	-1.0076695E-02	-1.5053223E-02
+1.2998000E+02	-1.0269267E-02	-1.4977705E-02
+1.3003999E+02	-1.0462062E-02	-1.4899986E-02
+1.3010001E+02	-1.0655023E-02	-1.4819935E-02
+1.3016000E+02	-1.0848075E-02	-1.4737419E-02
+1.3022000E+02	-1.1041133E-02	-1.4652310E-02
+1.3028000E+02	-1.1234077E-02	-1.4564505E-02
+1.3034000E+02	-1.1426786E-02	-1.4473897E-02
+1.3039999E+02	-1.1619136E-02	-1.4380394E-02
+1.3046001E+02	-1.1810975E-02	-1.4283917E-02
+1.3052000E+02	-1.2002141E-02	-1.4184413E-02
+1.3058000E+02	-1.2192477E-02	-1.4081830E-02
+1.3064000E+02	-1.2381803E-02	-1.3976147E-02
+1.3070000E+02	-1.2569941E-02	-1.3867354E-02
+1.3075999E+02	-1.2756721E-02	-1.3755461E-02
+1.3082001E+02	-1.2941954E-02	-1.3640506E-02
+1.3088000E+02	-1.3125471E-02	-1.3522528E-02
+1.3094000E+02	-1.3307091E-02	-1.3401610E-02
+1.3100000E+02	-1.3486658E-02	-1.3277833E-02
+1.3106000E+02	-1.3664003E-02	-1.3151309E-02
+1.3112000E+02	-1.3838998E-02	-1.3022156E-02
+1.3117999E+02	-1.4011498E-02	-1.2890520E-02
+1.3124001E+02	-1.4181392E-02	-1.2756550E-02
+1.3130000E+02	-1.4348586E-02	-1.2620410E-02
+1.3136000E+02	-1.4512992E-02	-1.2482275E-02
+1.3142000E+02	-1.4674550E-02	-1.2342335E-02
+1.3148000E+02	-1.4833222E-02	-1.2200773E-02
+1.3153999E+02	-1.4988989E-02	-1.2057782E-02
+1.3160001E+02	-1.5141848E-02	-1.1913555E-02
+1.3166000E+02	-1.5291829E-02	-1.1768272E-02
+1.3172000E+02	-1.5438967E-02	-1.1622137E-02
+1.3178000E+02	-1.5583333E-02	-1.1475307E-02
+1.3184000E+02	-1.5725013E-02	-1.1327966E-02
+1.3189999E+02	-1.5864102E-02	-1.1180260E-02
+1.3196001E+02	-1.6000725E-02	-1.1032335E-02
+1.3202000E+02	-1.6135015E-02	-1.0884312E-02
+1.3208000E+02	-1.6267113E-02	-1.0736305E-02
+1.3214000E+02	-1.6397187E-02	-1.0588392E-02
+1.3220000E+02	-1.6525388E-02	-1.0440649E-02
+1.3225999E+02	-1.6651899E-02	-1.0293114E-02
+1.3232001E+02	-1.6776882E-02	-1.0145821E-02
+1.3238000E+02	-1.6900519E-02	-9.9987546E-03
+1.3244000E+02	-1.7022975E-02	-9.8519046E-03
+1.3250000E+02	-1.7144416E-02	-9.7052269E-03
+1.3256000E+02	-1.7265001E-02	-9.5586581E-03
+1.3262000E+02	-1.7384872E-02	-9.4121089E-03
+1.3267999E+02	-1.7504172E-02	-9.2654778E-03
+1.3274001E+02	-1.7623002E-02	-9.1186594E-03
+1.3280000E+02	-1.7741479E-02	-8.9715002E-03
+1.3286000E+02	-1.7859673E-02	-8.8238679E-03
+1.3292000E+02	-1.7977651E-02	-8.6756004E-03
+1.3298000E+02	-1.8095452E-02	-8.5265385E-03
+1.3303999E+02	-1.8213086E-02	-8.3765192E-03
+1.3310001E+02	-1.8330563E-02	-8.2253609E-03
+1.3316000E+02	-1.8447841E-02	-8.0729099E-03
+1.3322000E+02	-1.8564878E-02	-7.9189921E-03
+1.3328000E+02	-1.8681601E-02	-7.7634570E-03
+1.3334000E+02	-1.8797914E-02	-7.6061520E-03
+1.3339999E+02	-1.8913712E-02	-7.4469424E-03
+1.3346001E+02	-1.9028859E-02	-7.2857048E-03
+1.3352000E+02	-1.9143222E-02	-7.1223327E-03
+1.3358000E+02	-1.9256631E-02	-6.9567431E-03
+1.3364000E+02	-1.9368924E-02	-6.7888596E-03
+1.3370000E+02	-1.9479912E-02	-6.6186464E-03
+1.3375999E+02	-1.9589426E-02	-6.4460654E-03
+1.3382001E+02	-1.9697271E-02	-6.2711178E-03
+1.3388000E+02	-1.9803258E-02	-6.0938192E-03
+1.3394000E+02	-1.9907206E-02	-5.9142103E-03
+1.3400000E+02	-2.0008935E-02	-5.7323487E-03
+1.3406000E+02	-2.0108270E-02	-5.5483226E-03
+1.3412000E+02	-2.0205049E-02	-5.3622322E-03
+1.3417999E+02	-2.0299122E-02	-5.1741940E-03
+1.3424001E+02	-2.0390354E-02	-4.9843458E-03
+1.3430000E+02	-2.0478629E-02	-4.7928267E-03
+1.3436000E+02	-2.0563839E-02	-4.5998110E-03
+1.3442000E+02	-2.0645907E-02	-4.4054585E-03
+1.3448000E+02	-2.0724770E-02	-4.2099515E-03
+1.3453999E+02	-2.0800384E-02	-4.0134722E-03
+1.3460001E+02	-2.0872727E-02	-3.8161920E-03
+1.3466000E+02	-2.0941798E-02	-3.6183069E-03
+1.3472000E+02	-2.1007618E-02	-3.4199799E-03
+1.3478000E+02	-2.1070218E-02	-3.2213959E-03
+1.3484000E+02	-2.1129660E-02	-3.0227085E-03
+1.3489999E+02	-2.1186009E-02	-2.8240669E-03
+1.3496001E+02	-2.1239355E-02	-2.6256246E-03
+1.3502000E+02	-2.1289797E-02	-2.4274962E-03
+1.3508000E+02	-2.1337444E-02	-2.2297986E-03
+1.3514000E+02	-2.1382410E-02	-2.0326201E-03
+1.3520000E+02	-2.1424824E-02	-1.8360401E-03
+1.3525999E+02	-2.1464808E-02	-1.6401177E-03
+1.3532001E+02	-2.1502495E-02	-1.4448983E-03
+1.3538000E+02	-2.1538008E-02	-1.2504064E-03
+1.3544000E+02	-2.1571474E-02	-1.0566413E-03
+1.3550000E+02	-2.1603005E-02	-8.6360372E-04
+1.3556000E+02	-2.1632714E-02	-6.7126896E-04
+1.3562000E+02	-2.1660704E-02	-4.7959850E-04
+1.3567999E+02	-2.1687057E-02	-2.8854999E-04
+1.3574001E+02	-2.1711851E-02	-9.8062555E-05
+1.3580000E+02	-2.1735150E-02	+9.1927075E-05
+1.3586000E+02	-2.1756995E-02	+2.8148419E-04
+1.3592000E+02	-2.1777425E-02	+4.7068062E-04
+1.3598000E+02	-2.1796457E-02	+6.5958907E-04
+1.3603999E+02	-2.1814086E-02	+8.4829266E-04
+1.3610001E+02	-2.1830305E-02	+1.0368380E-03
+1.3616000E+02	-2.1845089E-02	+1.2252969E-03
+1.3622000E+02	-2.1858400E-02	+1.4137237E-03
+1.3628000E+02	-2.1870187E-02	+1.6021555E-03
+1.3634000E+02	-2.1880392E-02	+1.7906274E-03
+1.3639999E+02	-2.1888953E-02	+1.9791566E-03
+1.3646001E+02	-2.1895792E-02	+2.1677464E-03
+1.3652000E+02	-2.1900846E-02	+2.3563830E-03
+1.3658000E+02	-2.1904029E-02	+2.5450590E-03
+1.3664000E+02	-2.1905275E-02	+2.7337130E-03
+1.3670000E+02	-2.1904510E-02	+2.9223075E-03
+1.3675999E+02	-2.1901675E-02	+3.1107655E-03
+1.3682001E+02	-2.1896711E-02	+3.2989942E-03
+1.3688000E+02	-2.1889577E-02	+3.4869188E-03
+1.3694000E+02	-2.1880236E-02	+3.6744238E-03
+1.3700000E+02	-2.1868674E-02	+3.8613877E-03
+1.3706000E+02	-2.1854889E-02	+4.0477025E-03
+1.3712000E+02	-2.1838885E-02	+4.2332322E-03
+1.3717999E+02	-2.1820705E-02	+4.4178520E-03
+1.3724001E+02	-2.1800390E-02	+4.6014339E-03
+1.3730000E+02	-2.1778008E-02	+4.7838441E-03
+1.3736000E+02	-2.1753648E-02	+4.9649687E-03
+1.3742000E+02	-2.1727411E-02	+5.1446902E-03
+1.3748000E+02	-2.1699414E-02	+5.3229015E-03
+1.3753999E+02	-2.1669794E-02	+5.4995134E-03
+1.3760001E+02	-2.1638703E-02	+5.6744441E-03
+1.3766000E+02	-2.1606291E-02	+5.8476441E-03
+1.3772000E+02	-2.1572739E-02	+6.0190563E-03
+1.3778000E+02	-2.1538224E-02	+6.1886641E-03
+1.3784000E+02	-2.1502934E-02	+6.3564652E-03
+1.3789999E+02	-2.1467047E-02	+6.5224832E-03
+1.3796001E+02	-2.1430762E-02	+6.6867513E-03
+1.3802000E+02	-2.1394262E-02	+6.8493355E-03
+1.3808000E+02	-2.1357719E-02	+7.0103323E-03
+1.3814000E+02	-2.1321315E-02	+7.1698376E-03
+1.3820000E+02	-2.1285204E-02	+7.3279855E-03
+1.3825999E+02	-2.1249533E-02	+7.4849287E-03
+1.3832001E+02	-2.1214437E-02	+7.6408270E-03
+1.3838000E+02	-2.1180023E-02	+7.7958745E-03
+1.3844000E+02	-2.1146385E-02	+7.9502594E-03
+1.3850000E+02	-2.1113602E-02	+8.1041846E-03
+1.3856000E+02	-2.1081712E-02	+8.2578836E-03
+1.3862000E+02	-2.1050736E-02	+8.4115751E-03
+1.3867999E+02	-2.1020677E-02	+8.5654818E-03
+1.3874001E+02	-2.0991508E-02	+8.7198392E-03
+1.3880000E+02	-2.0963173E-02	+8.8748652E-03
+1.3886000E+02	-2.0935591E-02	+9.0307826E-03
+1.3892000E+02	-2.0908663E-02	+9.1878064E-03
+1.3898000E+02	-2.0882262E-02	+9.3461312E-03
+1.3903999E+02	-2.0856235E-02	+9.5059443E-03
+1.3910001E+02	-2.0830419E-02	+9.6674198E-03
+1.3916000E+02	-2.0804632E-02	+9.8307002E-03
+1.3922000E+02	-2.0778662E-02	+9.9959280E-03
+1.3928000E+02	-2.0752292E-02	+1.0163208E-02
+1.3934000E+02	-2.0725308E-02	+1.0332620E-02
+1.3939999E+02	-2.0697465E-02	+1.0504232E-02
+1.3946001E+02	-2.0668525E-02	+1.0678077E-02
+1.3952000E+02	-2.0638246E-02	+1.0854169E-02
+1.3958000E+02	-2.0606397E-02	+1.1032480E-02
+1.3964000E+02	-2.0572726E-02	+1.1212989E-02
+1.3970000E+02	-2.0537004E-02	+1.1395626E-02
+1.3975999E+02	-2.0499019E-02	+1.1580299E-02
+1.3982001E+02	-2.0458553E-02	+1.1766906E-02
+1.3988000E+02	-2.0415410E-02	+1.1955308E-02
+1.3994000E+02	-2.0369412E-02	+1.2145374E-02
+1.4000000E+02	-2.0320389E-02	+1.2336938E-02
+1.4006000E+02	-2.0268207E-02	+1.2529816E-02
+1.4012000E+02	-2.0212738E-02	+1.2723825E-02
+1.4017999E+02	-2.0153869E-02	+1.2918777E-02
+1.4024001E+02	-2.0091526E-02	+1.3114462E-02
+1.4030000E+02	-2.0025648E-02	+1.3310690E-02
+1.4036000E+02	-1.9956207E-02	+1.3507234E-02
+1.4042000E+02	-1.9883165E-02	+1.3703910E-02
+1.4048000E+02	-1.9806542E-02	+1.3900510E-02
+1.4053999E+02	-1.9726345E-02	+1.4096845E-02
+1.4060001E+02	-1.9642625E-02	+1.4292729E-02
+1.4066000E+02	-1.9555429E-02	+1.4487991E-02
+1.4072000E+02	-1.9464843E-02	+1.4682463E-02
+1.4078000E+02	-1.9370925E-02	+1.4876004E-02
+1.4084000E+02	-1.9273790E-02	+1.5068477E-02
+1.4089999E+02	-1.9173531E-02	+1.5259766E-02
+1.4096001E+02	-1.9070260E-02	+1.5449763E-02
+1.4102000E+02	-1.8964097E-02	+1.5638385E-02
+1.4108000E+02	-1.8855138E-02	+1.5825566E-02
+1.4114000E+02	-1.8743506E-02	+1.6011242E-02
+1.4120000E+02	-1.8629326E-02	+1.6195370E-02
+1.4125999E+02	-1.8512696E-02	+1.6377937E-02
+1.4132001E+02	-1.8393716E-02	+1.6558923E-02
+1.4138000E+02	-1.8272493E-02	+1.6738322E-02
+1.4144000E+02	-1.8149102E-02	+1.6916158E-02
+1.4150000E+02	-1.8023638E-02	+1.7092433E-02
+1.4156000E+02	-1.7896153E-02	+1.7267182E-02
+1.4162000E+02	-1.7766718E-02	+1.7440431E-02
+1.4167999E+02	-1.7635366E-02	+1.7612219E-02
+1.4174001E+02	-1.7502138E-02	+1.7782582E-02
+1.4180000E+02	-1.7367052E-02	+1.7951556E-02
+1.4186000E+02	-1.7230131E-02	+1.8119173E-02
+1.4192000E+02	-1.7091373E-02	+1.8285474E-02
+1.4198000E+02	-1.6950760E-02	+1.8450480E-02
+1.4203999E+02	-1.6808288E-02	+1.8614218E-02
+1.4210001E+02	-1.6663928E-02	+1.8776698E-02
+1.4216000E+02	-1.6517654E-02	+1.8937932E-02
+1.4222000E+02	-1.6369430E-02	+1.9097913E-02
+1.4228000E+02	-1.6219219E-02	+1.9256638E-02
+1.4234000E+02	-1.6066972E-02	+1.9414088E-02
+1.4239999E+02	-1.5912665E-02	+1.9570228E-02
+1.4246001E+02	-1.5756249E-02	+1.9725019E-02
+1.4252000E+02	-1.5597687E-02	+1.9878417E-02
+1.4258000E+02	-1.5436959E-02	+2.0030368E-02
+1.4264000E+02	-1.5274021E-02	+2.0180799E-02
+1.4270000E+02	-1.5108866E-02	+2.0329645E-02
+1.4275999E+02	-1.4941460E-02	+2.0476829E-02
+1.4282001E+02	-1.4771826E-02	+2.0622265E-02
+1.4288000E+02	-1.4599944E-02	+2.0765869E-02
+1.4294000E+02	-1.4425834E-02	+2.0907551E-02
+1.4300000E+02	-1.4249518E-02	+2.1047223E-02
+1.4306000E+02	-1.4071028E-02	+2.1184793E-02
+1.4312000E+02	-1.3890389E-02	+2.1320177E-02
+1.4317999E+02	-1.3707678E-02	+2.1453282E-02
+1.4324001E+02	-1.3522932E-02	+2.1584034E-02
+1.4330000E+02	-1.3336226E-02	+2.1712350E-02
+1.4336000E+02	-1.3147620E-02	+2.1838166E-02
+1.4342000E+02	-1.2957208E-02	+2.1961417E-02
+1.4348000E+02	-1.2765062E-02	+2.2082042E-02
+1.4353999E+02	-1.2571275E-02	+2.2199998E-02
+1.4360001E+02	-1.2375939E-02	+2.2315249E-02
+1.4366000E+02	-1.2179144E-02	+2.2427754E-02
+1.4372000E+02	-1.1980986E-02	+2.2537500E-02
+1.4378000E+02	-1.1781543E-02	+2.2644471E-02
+1.4384000E+02	-1.1580926E-02	+2.2748657E-02
+1.4389999E+02	-1.1379206E-02	+2.2850078E-02
+1.4396001E+02	-1.1176472E-02	+2.2948723E-02
+1.4402000E+02	-1.0972795E-02	+2.3044622E-02
+1.4408000E+02	-1.0768256E-02	+2.3137793E-02
+1.4414000E+02	-1.0562913E-02	+2.3228262E-02
+1.4420000E+02	-1.0356825E-02	+2.3316061E-02
+1.4425999E+02	-1.0150044E-02	+2.3401219E-02
+1.4432001E+02	-9.9426275E-03	+2.3483772E-02
+1.4438000E+02	-9.7345896E-03	+2.3563754E-02
+1.4444000E+02	-9.5259789E-03	+2.3641193E-02
+1.4450000E+02	-9.3168058E-03	+2.3716127E-02
+1.4456000E+02	-9.1071036E-03	+2.3788575E-02
+1.4462000E+02	-8.8968677E-03	+2.3858564E-02
+1.4467999E+02	-8.6861169E-03	+2.3926109E-02
+1.4474001E+02	-8.4748492E-03	+2.3991222E-02
+1.4480000E+02	-8.2630664E-03	+2.4053907E-02
+1.4486000E+02	-8.0507761E-03	+2.4114169E-02
+1.4492000E+02	-7.8379745E-03	+2.4171995E-02
+1.4498000E+02	-7.6246532E-03	+2.4227375E-02
+1.4503999E+02	-7.4108317E-03	+2.4280285E-02
+1.4510001E+02	-7.1965102E-03	+2.4330698E-02
+1.4516000E+02	-6.9816895E-03	+2.4378583E-02
+1.4522000E+02	-6.7664045E-03	+2.4423899E-02
+1.4528000E+02	-6.5506622E-03	+2.4466604E-02
+1.4534000E+02	-6.3344999E-03	+2.4506651E-02
+1.4539999E+02	-6.1179549E-03	+2.4543995E-02
+1.4546001E+02	-5.9010736E-03	+2.4578582E-02
+1.4552000E+02	-5.6839148E-03	+2.4610370E-02
+1.4558000E+02	-5.4665338E-03	+2.4639308E-02
+1.4564000E+02	-5.2490178E-03	+2.4665352E-02
+1.4570000E+02	-5.0314367E-03	+2.4688460E-02
+1.4575999E+02	-4.8138881E-03	+2.4708601E-02
+1.4582001E+02	-4.5964704E-03	+2.4725745E-02
+1.4588000E+02	-4.3792855E-03	+2.4739875E-02
+1.4594000E+02	-4.1624452E-03	+2.4750978E-02
+1.4600000E+02	-3.9460734E-03	+2.4759058E-02
+1.4606000E+02	-3.7302850E-03	+2.4764128E-02
+1.4612000E+02	-3.5152030E-03	+2.4766207E-02
+1.4617999E+02	-3.3009513E-03	+2.4765339E-02
+1.4624001E+02	-3.0876459E-03	+2.4761567E-02
+1.4630000E+02	-2.8754205E-03	+2.4754955E-02
+1.4636000E+02	-2.6643847E-03	+2.4745580E-02
+1.4642000E+02	-2.4546452E-03	+2.4733527E-02
+1.4648000E+02	-2.2463184E-03	+2.4718897E-02
+1.4653999E+02	-2.0394830E-03	+2.4701806E-02
+1.4660001E+02	-1.8342325E-03	+2.4682369E-02
+1.4666000E+02	-1.6306322E-03	+2.4660720E-02
+1.4672000E+02	-1.4287453E-03	+2.4636999E-02
+1.4678000E+02	-1.2286184E-03	+2.4611348E-02
+1.4684000E+02	-1.0302881E-03	+2.4583923E-02
+1.4689999E+02	-8.3375169E-04	+2.4554873E-02
+1.4696001E+02	-6.3902582E-04	+2.4524352E-02
+1.4702000E+02	-4.4607613E-04	+2.4492517E-02
+1.4708000E+02	-2.5487578E-04	+2.4459517E-02
+1.4714000E+02	-6.5371016E-05	+2.4425503E-02
+1.4720000E+02	+1.2249558E-04	+2.4390616E-02
+1.4725999E+02	+3.0881949E-04	+2.4354983E-02
+1.4732001E+02	+4.9368152E-04	+2.4318727E-02
+1.4738000E+02	+6.7720556E-04	+2.4281964E-02
+1.4744000E+02	+8.5950556E-04	+2.4244789E-02
+1.4750000E+02	+1.0407142E-03	+2.4207281E-02
+1.4756000E+02	+1.2209652E-03	+2.4169510E-02
+1.4762000E+02	+1.4004151E-03	+2.4131525E-02
+1.4767999E+02	+1.5792032E-03	+2.4093362E-02
+1.4774001E+02	+1.7574907E-03	+2.4055026E-02
+1.4780000E+02	+1.9354259E-03	+2.4016524E-02
+1.4786000E+02	+2.1131609E-03	+2.3977824E-02
+1.4792000E+02	+2.2908505E-03	+2.3938889E-02
+1.4798000E+02	+2.4686242E-03	+2.3899660E-02
+1.4803999E+02	+2.6466297E-03	+2.3860063E-02
+1.4810001E+02	+2.8249777E-03	+2.3820003E-02
+1.4816000E+02	+3.0037968E-03	+2.3779374E-02
+1.4822000E+02	+3.1831705E-03	+2.3738060E-02
+1.4828000E+02	+3.3631902E-03	+2.3695927E-02
+1.4834000E+02	+3.5439231E-03	+2.3652835E-02
+1.4839999E+02	+3.7254216E-03	+2.3608631E-02
+1.4846001E+02	+3.9077098E-03	+2.3563167E-02
+1.4852000E+02	+4.0908055E-03	+2.3516282E-02
+1.4858000E+02	+4.2747045E-03	+2.3467813E-02
+1.4864000E+02	+4.4593764E-03	+2.3417603E-02
+1.4870000E+02	+4.6447963E-03	+2.3365492E-02
+1.4875999E+02	+4.8308680E-03	+2.3311339E-02
+1.4882001E+02	+5.0175474E-03	+2.3254989E-02
+1.4888000E+02	+5.2047097E-03	+2.3196321E-02
+1.4894000E+02	+5.3922590E-03	+2.3135195E-02
+1.4900000E+02	+5.5800546E-03	+2.3071518E-02
+1.4906000E+02	+5.7679764E-03	+2.3005186E-02
+1.4912000E+02	+5.9558703E-03	+2.2936119E-02
+1.4917999E+02	+6.1435620E-03	+2.2864262E-02
+1.4924001E+02	+6.3309213E-03	+2.2789564E-02
+1.4930000E+02	+6.5177321E-03	+2.2712007E-02
+1.4936000E+02	+6.7038713E-03	+2.2631574E-02
+1.4942000E+02	+6.8891398E-03	+2.2548288E-02
+1.4948000E+02	+7.0733805E-03	+2.2462176E-02
+1.4953999E+02	+7.2564180E-03	+2.2373294E-02
+1.4960001E+02	+7.4381148E-03	+2.2281703E-02
+1.4966000E+02	+7.6183099E-03	+2.2187492E-02
+1.4972000E+02	+7.7968608E-03	+2.2090763E-02
+1.4978000E+02	+7.9736626E-03	+2.1991627E-02
+1.4984000E+02	+8.1485789E-03	+2.1890217E-02
+1.4989999E+02	+8.3215451E-03	+2.1786667E-02
+1.4996001E+02	+8.4924605E-03	+2.1681130E-02
+1.5002000E+02	+8.6612776E-03	+2.1573750E-02
+1.5008000E+02	+8.8279443E-03	+2.1464698E-02
+1.5014000E+02	+8.9924689E-03	+2.1354120E-02
+1.5020000E+02	+9.1548059E-03	+2.1242196E-02
+1.5025999E+02	+9.3149962E-03	+2.1129070E-02
+1.5032001E+02	+9.4730565E-03	+2.1014906E-02
+1.5038000E+02	+9.6290503E-03	+2.0899851E-02
+1.5044000E+02	+9.7830445E-03	+2.0784043E-02
+1.5050000E+02	+9.9351145E-03	+2.0667609E-02
+1.5056000E+02	+1.0085374E-02	+2.0550668E-02
+1.5062000E+02	+1.0233922E-02	+2.0433322E-02
+1.5067999E+02	+1.0380888E-02	+2.0315660E-02
+1.5074001E+02	+1.0526391E-02	+2.0197757E-02
+1.5080000E+02	+1.0670580E-02	+2.0079654E-02
+1.5086000E+02	+1.0813579E-02	+1.9961409E-02
+1.5092000E+02	+1.0955557E-02	+1.9843018E-02
+1.5098000E+02	+1.1096643E-02	+1.9724490E-02
+1.5103999E+02	+1.1236994E-02	+1.9605795E-02
+1.5110001E+02	+1.1376748E-02	+1.9486899E-02
+1.5116000E+02	+1.1516026E-02	+1.9367745E-02
+1.5122000E+02	+1.1654959E-02	+1.9248258E-02
+1.5128000E+02	+1.1793677E-02	+1.9128351E-02
+1.5134000E+02	+1.1932265E-02	+1.9007916E-02
+1.5139999E+02	+1.2070818E-02	+1.8886833E-02
+1.5146001E+02	+1.2209414E-02	+1.8764978E-02
+1.5152000E+02	+1.2348107E-02	+1.8642208E-02
+1.5158000E+02	+1.2486947E-02	+1.8518377E-02
+1.5164000E+02	+1.2625948E-02	+1.8393336E-02
+1.5170000E+02	+1.2765117E-02	+1.8266924E-02
+1.5175999E+02	+1.2904439E-02	+1.8138988E-02
+1.5182001E+02	+1.3043885E-02	+1.8009372E-02
+1.5188000E+02	+1.3183399E-02	+1.7877921E-02
+1.5194000E+02	+1.3322910E-02	+1.7744485E-02
+1.5200000E+02	+1.3462335E-02	+1.7608928E-02
+1.5206000E+02	+1.3601564E-02	+1.7471114E-02
+1.5212000E+02	+1.3740483E-02	+1.7330928E-02
+1.5217999E+02	+1.3878958E-02	+1.7188253E-02
+1.5224001E+02	+1.4016838E-02	+1.7043002E-02
+1.5230000E+02	+1.4153969E-02	+1.6895093E-02
+1.5236000E+02	+1.4290185E-02	+1.6744466E-02
+1.5242000E+02	+1.4425316E-02	+1.6591072E-02
+1.5248000E+02	+1.4559186E-02	+1.6434887E-02
+1.5253999E+02	+1.4691603E-02	+1.6275899E-02
+1.5260001E+02	+1.4822396E-02	+1.6114123E-02
+1.5266000E+02	+1.4951383E-02	+1.5949579E-02
+1.5272000E+02	+1.5078382E-02	+1.5782317E-02
+1.5278000E+02	+1.5203221E-02	+1.5612397E-02
+1.5284000E+02	+1.5325737E-02	+1.5439900E-02
+1.5289999E+02	+1.5445775E-02	+1.5264921E-02
+1.5296001E+02	+1.5563179E-02	+1.5087569E-02
+1.5302000E+02	+1.5677819E-02	+1.4907968E-02
+1.5308000E+02	+1.5789574E-02	+1.4726250E-02
+1.5314000E+02	+1.5898336E-02	+1.4542563E-02
+1.5320000E+02	+1.6004002E-02	+1.4357058E-02
+1.5325999E+02	+1.6106503E-02	+1.4169899E-02
+1.5332001E+02	+1.6205775E-02	+1.3981245E-02
+1.5338000E+02	+1.6301770E-02	+1.3791270E-02
+1.5344000E+02	+1.6394457E-02	+1.3600137E-02
+1.5350000E+02	+1.6483821E-02	+1.3408021E-02
+1.5356000E+02	+1.6569870E-02	+1.3215088E-02
+1.5362000E+02	+1.6652619E-02	+1.3021498E-02
+1.5367999E+02	+1.6732097E-02	+1.2827413E-02
+1.5374001E+02	+1.6808350E-02	+1.2632979E-02
+1.5380000E+02	+1.6881434E-02	+1.2438346E-02
+1.5386000E+02	+1.6951421E-02	+1.2243642E-02
+1.5392000E+02	+1.7018389E-02	+1.2048992E-02
+1.5398000E+02	+1.7082425E-02	+1.1854514E-02
+1.5403999E+02	+1.7143624E-02	+1.1660301E-02
+1.5410001E+02	+1.7202089E-02	+1.1466446E-02
+1.5416000E+02	+1.7257927E-02	+1.1273027E-02
+1.5422000E+02	+1.7311241E-02	+1.1080104E-02
+1.5428000E+02	+1.7362142E-02	+1.0887733E-02
+1.5434000E+02	+1.7410742E-02	+1.0695949E-02
+1.5439999E+02	+1.7457156E-02	+1.0504782E-02
+1.5446001E+02	+1.7501475E-02	+1.0314248E-02
+1.5452000E+02	+1.7543817E-02	+1.0124350E-02
+1.5458000E+02	+1.7584275E-02	+9.9350866E-03
+1.5464000E+02	+1.7622940E-02	+9.7464416E-03
+1.5470000E+02	+1.7659901E-02	+9.5583946E-03
+1.5475999E+02	+1.7695239E-02	+9.3709165E-03
+1.5482001E+02	+1.7729023E-02	+9.1839721E-03
+1.5488000E+02	+1.7761322E-02	+8.9975195E-03
+1.5494000E+02	+1.7792188E-02	+8.8115167E-03
+1.5500000E+02	+1.7821675E-02	+8.6259143E-03
+1.5506000E+02	+1.7849820E-02	+8.4406650E-03
+1.5512000E+02	+1.7876657E-02	+8.2557173E-03
+1.5517999E+02	+1.7902210E-02	+8.0710221E-03
+1.5524001E+02	+1.7926501E-02	+7.8865271E-03
+1.5530000E+02	+1.7949540E-02	+7.7021867E-03
+1.5536000E+02	+1.7971329E-02	+7.5179534E-03
+1.5542000E+02	+1.7991874E-02	+7.3337839E-03
+1.5548000E+02	+1.8011166E-02	+7.1496377E-03
+1.5553999E+02	+1.8029200E-02	+6.9654784E-03
+1.5560001E+02	+1.8045956E-02	+6.7812712E-03
+1.5566000E+02	+1.8061422E-02	+6.5969885E-03
+1.5572000E+02	+1.8075582E-02	+6.4126039E-03
+1.5578000E+02	+1.8088412E-02	+6.2280940E-03
+1.5584000E+02	+1.8099893E-02	+6.0434425E-03
+1.5589999E+02	+1.8110001E-02	+5.8586332E-03
+1.5596001E+02	+1.8118721E-02	+5.6736562E-03
+1.5602000E+02	+1.8126024E-02	+5.4885014E-03
+1.5608000E+02	+1.8131891E-02	+5.3031626E-03
+1.5614000E+02	+1.8136302E-02	+5.1176352E-03
+1.5620000E+02	+1.8139238E-02	+4.9319169E-03
+1.5625999E+02	+1.8140679E-02	+4.7460068E-03
+1.5632001E+02	+1.8140608E-02	+4.5599048E-03
+1.5638000E+02	+1.8139008E-02	+4.3736110E-03
+1.5644000E+02	+1.8135862E-02	+4.1871248E-03
+1.5650000E+02	+1.8131159E-02	+4.0004486E-03
+1.5656000E+02	+1.8124877E-02	+3.8135808E-03
+1.5662000E+02	+1.8116999E-02	+3.6265224E-03
+1.5667999E+02	+1.8107517E-02	+3.4392723E-03
+1.5674001E+02	+1.8096406E-02	+3.2518292E-03
+1.5680000E+02	+1.8083654E-02	+3.0641924E-03
+1.5686000E+02	+1.8069237E-02	+2.8763590E-03
+1.5692000E+02	+1.8053137E-02	+2.6883278E-03
+1.5698000E+02	+1.8035328E-02	+2.5000961E-03
+1.5703999E+02	+1.8015787E-02	+2.3116632E-03
+1.5710001E+02	+1.7994484E-02	+2.1230283E-03
+1.5716000E+02	+1.7971389E-02	+1.9341926E-03
+1.5722000E+02	+1.7946471E-02	+1.7451576E-03
+1.5728000E+02	+1.7919695E-02	+1.5559285E-03
+1.5734000E+02	+1.7891020E-02	+1.3665124E-03
+1.5739999E+02	+1.7860409E-02	+1.1769192E-03
+1.5746001E+02	+1.7827818E-02	+9.8716328E-04
+1.5752000E+02	+1.7793205E-02	+7.9726189E-04
+1.5758000E+02	+1.7756524E-02	+6.0723734E-04
+1.5764000E+02	+1.7717728E-02	+4.1711642E-04
+1.5770000E+02	+1.7676774E-02	+2.2693080E-04
+1.5775999E+02	+1.7633619E-02	+3.6717356E-05
+1.5782001E+02	+1.7588211E-02	-1.5348195E-04
+1.5788000E+02	+1.7540516E-02	-3.4361982E-04
+1.5794000E+02	+1.7490489E-02	-5.3364382E-04
+1.5800000E+02	+1.7438097E-02	-7.2349672E-04
+1.5806000E+02	+1.7383303E-02	-9.1311603E-04
+1.5812000E+02	+1.7326081E-02	-1.1024356E-03
+1.5817999E+02	+1.7266408E-02	-1.2913852E-03
+1.5824001E+02	+1.7204260E-02	-1.4798905E-03
+1.5830000E+02	+1.7139634E-02	-1.6678759E-03
+1.5836000E+02	+1.7072516E-02	-1.8552621E-03
+1.5842000E+02	+1.7002910E-02	-2.0419701E-03
+1.5848000E+02	+1.6930828E-02	-2.2279192E-03
+1.5853999E+02	+1.6856281E-02	-2.4130295E-03
+1.5860001E+02	+1.6779287E-02	-2.5972226E-03
+1.5866000E+02	+1.6699880E-02	-2.7804214E-03
+1.5872000E+02	+1.6618097E-02	-2.9625525E-03
+1.5878000E+02	+1.6533973E-02	-3.1435452E-03
+1.5884000E+02	+1.6447559E-02	-3.3233340E-03
+1.5889999E+02	+1.6358910E-02	-3.5018593E-03
+1.5896001E+02	+1.6268082E-02	-3.6790655E-03
+1.5902000E+02	+1.6175132E-02	-3.8549036E-03
+1.5908000E+02	+1.6080128E-02	-4.0293331E-03
+1.5914000E+02	+1.5983136E-02	-4.2023184E-03
+1.5920000E+02	+1.5884222E-02	-4.3738326E-03
+1.5925999E+02	+1.5783457E-02	-4.5438563E-03
+1.5932001E+02	+1.5680905E-02	-4.7123758E-03
+1.5938000E+02	+1.5576635E-02	-4.8793871E-03
+1.5944000E+02	+1.5470707E-02	-5.0448920E-03
+1.5950000E+02	+1.5363183E-02	-5.2088969E-03
+1.5956000E+02	+1.5254118E-02	-5.3714183E-03
+1.5962000E+02	+1.5143563E-02	-5.5324738E-03
+1.5967999E+02	+1.5031561E-02	-5.6920890E-03
+1.5974001E+02	+1.4918155E-02	-5.8502913E-03
+1.5980000E+02	+1.4803374E-02	-6.0071116E-03
+1.5986000E+02	+1.4687244E-02	-6.1625829E-03
+1.5992000E+02	+1.4569785E-02	-6.3167396E-03
+1.5998000E+02	+1.4451005E-02	-6.4696157E-03
+1.6003999E+02	+1.4330915E-02	-6.6212448E-03
+1.6010001E+02	+1.4209505E-02	-6.7716567E-03
+1.6016000E+02	+1.4086771E-02	-6.9208820E-03
+1.6022000E+02	+1.3962694E-02	-7.0689423E-03
+1.6028000E+02	+1.3837255E-02	-7.2158612E-03
+1.6034000E+02	+1.3710428E-02	-7.3616500E-03
+1.6039999E+02	+1.3582186E-02	-7.5063203E-03
+1.6046001E+02	+1.3452492E-02	-7.6498729E-03
+1.6052000E+02	+1.3321316E-02	-7.7923043E-03
+1.6058000E+02	+1.3188621E-02	-7.9336027E-03
+1.6064000E+02	+1.3054369E-02	-8.0737490E-03
+1.6070000E+02	+1.2918525E-02	-8.2127200E-03
+1.6075999E+02	+1.2781064E-02	-8.3504794E-03
+1.6082001E+02	+1.2641944E-02	-8.4869890E-03
+1.6088000E+02	+1.2501144E-02	-8.6222049E-03
+1.6094000E+02	+1.2358643E-02	-8.7560741E-03
+1.6100000E+02	+1.2214421E-02	-8.8885399E-03
+1.6106000E+02	+1.2068469E-02	-9.0195443E-03
+1.6112000E+02	+1.1920783E-02	-9.1490215E-03
+1.6117999E+02	+1.1771365E-02	-9.2769042E-03
+1.6124001E+02	+1.1620227E-02	-9.4031272E-03
+1.6130000E+02	+1.1467384E-02	-9.5276199E-03
+1.6136000E+02	+1.1312861E-02	-9.6503142E-03
+1.6142000E+02	+1.1156690E-02	-9.7711440E-03
+1.6148000E+02	+1.0998910E-02	-9.8900478E-03
+1.6153999E+02	+1.0839569E-02	-1.0006960E-02
+1.6160001E+02	+1.0678716E-02	-1.0121830E-02
+1.6166000E+02	+1.0516406E-02	-1.0234602E-02
+1.6172000E+02	+1.0352706E-02	-1.0345232E-02
+1.6178000E+02	+1.0187676E-02	-1.0453681E-02
+1.6184000E+02	+1.0021385E-02	-1.0559914E-02
+1.6189999E+02	+9.8539069E-03	-1.0663906E-02
+1.6196001E+02	+9.6853077E-03	-1.0765636E-02
+1.6202000E+02	+9.5156571E-03	-1.0865093E-02
+1.6208000E+02	+9.3450323E-03	-1.0962272E-02
+1.6214000E+02	+9.1734920E-03	-1.1057173E-02
+1.6220000E+02	+9.0011079E-03	-1.1149802E-02
+1.6225999E+02	+8.8279378E-03	-1.1240170E-02
+1.6232001E+02	+8.6540412E-03	-1.1328296E-02
+1.6238000E+02	+8.4794657E-03	-1.1414202E-02
+1.6244000E+02	+8.3042635E-03	-1.1497907E-02
+1.6250000E+02	+8.1284735E-03	-1.1579441E-02
+1.6256000E+02	+7.9521304E-03	-1.1658831E-02
+1.6262000E+02	+7.7752611E-03	-1.1736101E-02
+1.6267999E+02	+7.5978930E-03	-1.1811282E-02
+1.6274001E+02	+7.4200453E-03	-1.1884393E-02
+1.6280000E+02	+7.2417208E-03	-1.1955464E-02
+1.6286000E+02	+7.0629395E-03	-1.2024506E-02
+1.6292000E+02	+6.8836980E-03	-1.2091537E-02
+1.6298000E+02	+6.7039994E-03	-1.2156568E-02
+1.6303999E+02	+6.5238555E-03	-1.2219592E-02
+1.6310001E+02	+6.3432427E-03	-1.2280624E-02
+1.6316000E+02	+6.1621736E-03	-1.2339646E-02
+1.6322000E+02	+5.9806444E-03	-1.2396645E-02
+1.6328000E+02	+5.7986663E-03	-1.2451597E-02
+1.6334000E+02	+5.6162272E-03	-1.2504486E-02
+1.6339999E+02	+5.4333429E-03	-1.2555277E-02
+1.6346001E+02	+5.2500390E-03	-1.2603931E-02
+1.6352000E+02	+5.0663217E-03	-1.2650413E-02
+1.6358000E+02	+4.8822355E-03	-1.2694680E-02
+1.6364000E+02	+4.6977964E-03	-1.2736691E-02
+1.6370000E+02	+4.5130653E-03	-1.2776396E-02
+1.6375999E+02	+4.3280940E-03	-1.2813756E-02
+1.6382001E+02	+4.1429359E-03	-1.2848730E-02
+1.6388000E+02	+3.9576730E-03	-1.2881278E-02
+1.6394000E+02	+3.7723701E-03	-1.2911370E-02
+1.6400000E+02	+3.5871267E-03	-1.2938974E-02
+1.6406000E+02	+3.4020327E-03	-1.2964076E-02
+1.6412000E+02	+3.2171912E-03	-1.2986664E-02
+1.6417999E+02	+3.0327153E-03	-1.3006736E-02
+1.6424001E+02	+2.8487118E-03	-1.3024303E-02
+1.6430000E+02	+2.6652894E-03	-1.3039391E-02
+1.6436000E+02	+2.4825754E-03	-1.3052031E-02
+1.6442000E+02	+2.3006776E-03	-1.3062276E-02
+1.6448000E+02	+2.1197223E-03	-1.3070182E-02
+1.6453999E+02	+1.9398086E-03	-1.3075828E-02
+1.6460001E+02	+1.7610525E-03	-1.3079301E-02
+1.6466000E+02	+1.5835540E-03	-1.3080705E-02
+1.6472000E+02	+1.4073972E-03	-1.3080155E-02
+1.6478000E+02	+1.2326678E-03	-1.3077773E-02
+1.6484000E+02	+1.0594282E-03	-1.3073698E-02
+1.6489999E+02	+8.8774774E-04	-1.3068074E-02
+1.6496001E+02	+7.1764662E-04	-1.3061057E-02
+1.6502000E+02	+5.4916990E-04	-1.3052802E-02
+1.6508000E+02	+3.8231324E-04	-1.3043475E-02
+1.6514000E+02	+2.1707198E-04	-1.3033244E-02
+1.6520000E+02	+5.3422922E-05	-1.3022269E-02
+1.6525999E+02	-1.0868803E-04	-1.3010719E-02
+1.6532001E+02	-2.6932117E-04	-1.2998750E-02
+1.6538000E+02	-4.2855373E-04	-1.2986518E-02
+1.6544000E+02	-5.8648450E-04	-1.2974170E-02
+1.6550000E+02	-7.4322888E-04	-1.2961838E-02
+1.6556000E+02	-8.9891243E-04	-1.2949649E-02
+1.6562000E+02	-1.0536764E-03	-1.2937708E-02
+1.6567999E+02	-1.2076797E-03	-1.2926110E-02
+1.6574001E+02	-1.3610779E-03	-1.2914931E-02
+1.6580000E+02	-1.5140517E-03	-1.2904231E-02
+1.6586000E+02	-1.6667731E-03	-1.2894050E-02
+1.6592000E+02	-1.8194289E-03	-1.2884406E-02
+1.6598000E+02	-1.9721987E-03	-1.2875299E-02
+1.6603999E+02	-2.1252669E-03	-1.2866710E-02
+1.6610001E+02	-2.2788111E-03	-1.2858599E-02
+1.6616000E+02	-2.4330092E-03	-1.2850906E-02
+1.6622000E+02	-2.5880258E-03	-1.2843552E-02
+1.6628000E+02	-2.7440207E-03	-1.2836441E-02
+1.6634000E+02	-2.9011334E-03	-1.2829462E-02
+1.6639999E+02	-3.0594976E-03	-1.2822487E-02
+1.6646001E+02	-3.2192373E-03	-1.2815375E-02
+1.6652000E+02	-3.3804458E-03	-1.2807974E-02
+1.6658000E+02	-3.5432132E-03	-1.2800125E-02
+1.6664000E+02	-3.7076001E-03	-1.2791657E-02
+1.6670000E+02	-3.8736507E-03	-1.2782398E-02
+1.6675999E+02	-4.0414007E-03	-1.2772173E-02
+1.6682001E+02	-4.2108530E-03	-1.2760804E-02
+1.6688000E+02	-4.3819980E-03	-1.2748117E-02
+1.6694000E+02	-4.5548095E-03	-1.2733942E-02
+1.6700000E+02	-4.7292351E-03	-1.2718114E-02
+1.6706000E+02	-4.9052262E-03	-1.2700477E-02
+1.6712000E+02	-5.0826939E-03	-1.2680880E-02
+1.6717999E+02	-5.2615535E-03	-1.2659193E-02
+1.6724001E+02	-5.4417020E-03	-1.2635288E-02
+1.6730000E+02	-5.6230212E-03	-1.2609058E-02
+1.6736000E+02	-5.8054007E-03	-1.2580404E-02
+1.6742000E+02	-5.9887134E-03	-1.2549248E-02
+1.6748000E+02	-6.1728181E-03	-1.2515526E-02
+1.6753999E+02	-6.3575874E-03	-1.2479186E-02
+1.6760001E+02	-6.5428941E-03	-1.2440194E-02
+1.6766000E+02	-6.7285979E-03	-1.2398531E-02
+1.6772000E+02	-6.9145770E-03	-1.2354188E-02
+1.6778000E+02	-7.1007037E-03	-1.2307176E-02
+1.6784000E+02	-7.2868648E-03	-1.2257512E-02
+1.6789999E+02	-7.4729533E-03	-1.2205225E-02
+1.6796001E+02	-7.6588653E-03	-1.2150357E-02
+1.6802000E+02	-7.8445096E-03	-1.2092955E-02
+1.6808000E+02	-8.0298176E-03	-1.2033067E-02
+1.6814000E+02	-8.2147084E-03	-1.1970754E-02
+1.6820000E+02	-8.3991354E-03	-1.1906078E-02
+1.6825999E+02	-8.5830493E-03	-1.1839094E-02
+1.6832001E+02	-8.7664127E-03	-1.1769868E-02
+1.6838000E+02	-8.9492016E-03	-1.1698456E-02
+1.6844000E+02	-9.1313971E-03	-1.1624916E-02
+1.6850000E+02	-9.3130032E-03	-1.1549293E-02
+1.6856000E+02	-9.4940150E-03	-1.1471635E-02
+1.6862000E+02	-9.6744373E-03	-1.1391976E-02
+1.6867999E+02	-9.8542850E-03	-1.1310348E-02
+1.6874001E+02	-1.0033571E-02	-1.1226771E-02
+1.6880000E+02	-1.0212324E-02	-1.1141257E-02
+1.6886000E+02	-1.0390553E-02	-1.1053810E-02
+1.6892000E+02	-1.0568281E-02	-1.0964424E-02
+1.6898000E+02	-1.0745523E-02	-1.0873091E-02
+1.6903999E+02	-1.0922292E-02	-1.0779782E-02
+1.6910001E+02	-1.1098594E-02	-1.0684474E-02
+1.6916000E+02	-1.1274441E-02	-1.0587127E-02
+1.6922000E+02	-1.1449822E-02	-1.0487705E-02
+1.6928000E+02	-1.1624722E-02	-1.0386161E-02
+1.6934000E+02	-1.1799135E-02	-1.0282439E-02
+1.6939999E+02	-1.1973016E-02	-1.0176501E-02
+1.6946001E+02	-1.2146339E-02	-1.0068291E-02
+1.6952000E+02	-1.2319050E-02	-9.9577587E-03
+1.6958000E+02	-1.2491099E-02	-9.8448563E-03
+1.6964000E+02	-1.2662418E-02	-9.7295390E-03
+1.6970000E+02	-1.2832941E-02	-9.6117621E-03
+1.6975999E+02	-1.3002574E-02	-9.4915032E-03
+1.6982001E+02	-1.3171239E-02	-9.3687251E-03
+1.6988000E+02	-1.3338845E-02	-9.2434101E-03
+1.6994000E+02	-1.3505292E-02	-9.1155469E-03
+1.7000000E+02	-1.3670472E-02	-8.9851385E-03
