+1.1000000E+02	+1.6065998E-02	-3.5481971E-02
+1.1006000E+02	+1.0828771E-02	-3.7502974E-02
+1.1012000E+02	+5.3467546E-03	-3.8754996E-02
+1.1018000E+02	-2.6779206E-04	-3.9209962E-02
+1.1024000E+02	-5.8996058E-03	-3.8856100E-02
+1.1030000E+02	-1.1432895E-02	-3.7698176E-02
+1.1036000E+02	-1.6753599E-02	-3.5757460E-02
+1.1042000E+02	-2.1751769E-02	-3.3071265E-02
+1.1048000E+02	-2.6323777E-02	-2.9692253E-02
+1.1054000E+02	-3.0374451E-02	-2.5687352E-02
+1.1060000E+02	-3.3819079E-02	-2.1136420E-02
+1.1066000E+02	-3.6585029E-02	-1.6130654E-02
+1.1072000E+02	-3.8613375E-02	-1.0770743E-02
+1.1078000E+02	-3.9859992E-02	-5.1648561E-03
+1.1084000E+02	-4.0296569E-02	+5.7357119E-04
+1.1090000E+02	-3.9911155E-02	+6.3280649E-03
+1.1096000E+02	-3.8708463E-02	+1.1981520E-02
+1.1102000E+02	-3.6709778E-02	+1.7418562E-02
+1.1108000E+02	-3.3952571E-02	+2.2527853E-02
+1.1114000E+02	-3.0489786E-02	+2.7204342E-02
+1.1120000E+02	-2.6388811E-02	+3.1351432E-02
+1.1126000E+02	-2.1730073E-02	+3.4882929E-02
+1.1132000E+02	-1.6605560E-02	+3.7724789E-02
+1.1138000E+02	-1.1116924E-02	+3.9816625E-02
+1.1144000E+02	-5.3734723E-03	+4.1112971E-02
+1.1150000E+02	+5.0998171E-04	+4.1584227E-02
+1.1156000E+02	+6.4154495E-03	+4.1217279E-02
+1.1162000E+02	+1.2224101E-02	+4.0015798E-02
+1.1168000E+02	+1.7818632E-02	+3.8000215E-02
+1.1174000E+02	+2.3085620E-02	+3.5207361E-02
+1.1180000E+02	+2.7917847E-02	+3.1689737E-02
+1.1186000E+02	+3.2216348E-02	+2.7514562E-02
+1.1192000E+02	+3.5892509E-02	+2.2762412E-02
+1.1198000E+02	+3.8869824E-02	+1.7525697E-02
+1.1204000E+02	+4.1085422E-02	+1.1906816E-02
+1.1210000E+02	+4.2491395E-02	+6.0161739E-03
+1.1216000E+02	+4.3055765E-02	-2.9999368E-05
+1.1222000E+02	+4.2763166E-02	-6.1119399E-03
+1.1228000E+02	+4.1615210E-02	-1.2108714E-02
+1.1234000E+02	+3.9630495E-02	-1.7900608E-02
+1.1240000E+02	+3.6844268E-02	-2.3371508E-02
+1.1246000E+02	+3.3307806E-02	-2.8411187E-02
+1.1252000E+02	+2.9087419E-02	-3.2917537E-02
+1.1258000E+02	+2.4263244E-02	-3.6798529E-02
+1.1264000E+02	+1.8927574E-02	-3.9974209E-02
+1.1270000E+02	+1.3183307E-02	-4.2378098E-02
+1.1276000E+02	+7.1417033E-03	-4.3958720E-02
+1.1282000E+02	+9.2042331E-04	-4.4680592E-02
+1.1288000E+02	-5.3589349E-03	-4.4524968E-02
+1.1294000E+02	-1.1573098E-02	-4.3490242E-02
+1.1300000E+02	-1.7599467E-02	-4.1592099E-02
+1.1306000E+02	-2.3318691E-02	-3.8863186E-02
+1.1312000E+02	-2.8616913E-02	-3.5352565E-02
+1.1318000E+02	-3.3388011E-02	-3.1124821E-02
+1.1324000E+02	-3.7535686E-02	-2.6258839E-02
+1.1330000E+02	-4.0975422E-02	-2.0846311E-02
+1.1336000E+02	-4.3636139E-02	-1.4989974E-02
+1.1342000E+02	-4.5461610E-02	-8.8016819E-03
+1.1348000E+02	-4.6411641E-02	-2.4002334E-03
+1.1354000E+02	-4.6462875E-02	+4.0908791E-03
+1.1360000E+02	-4.5609303E-02	+1.0545868E-02
+1.1366000E+02	-4.3862466E-02	+1.6839130E-02
+1.1372000E+02	-4.1251261E-02	+2.2847572E-02
+1.1378000E+02	-3.7821446E-02	+2.8453093E-02
+1.1384000E+02	-3.3634864E-02	+3.3544835E-02
+1.1390000E+02	-2.8768230E-02	+3.8021397E-02
+1.1396000E+02	-2.3311723E-02	+4.1792747E-02
+1.1402000E+02	-1.7367367E-02	+4.4782076E-02
+1.1408000E+02	-1.1047023E-02	+4.6927273E-02
+1.1414000E+02	-4.4702827E-03	+4.8182189E-02
+1.1420000E+02	+2.2377507E-03	+4.8517585E-02
+1.1426000E+02	+8.9488914E-03	+4.7921740E-02
+1.1432000E+02	+1.5534264E-02	+4.6400733E-02
+1.1438000E+02	+2.1866877E-02	+4.3978427E-02
+1.1444000E+02	+2.7823890E-02	+4.0696036E-02
+1.1450000E+02	+3.3289161E-02	+3.6611412E-02
+1.1456000E+02	+3.8155340E-02	+3.1798016E-02
+1.1462000E+02	+4.2326037E-02	+2.6343552E-02
+1.1468000E+02	+4.5717660E-02	+2.0348359E-02
+1.1474000E+02	+4.8261065E-02	+1.3923561E-02
+1.1480000E+02	+4.9902923E-02	+7.1888990E-03
+1.1486000E+02	+5.0606765E-02	+2.7071874E-04
+1.1492000E+02	+5.0353784E-02	-6.7007095E-03
+1.1498000E+02	+4.9143221E-02	-1.3593416E-02
+1.1504000E+02	+4.6992447E-02	-2.0276314E-02
+1.1510000E+02	+4.3936718E-02	-2.6621668E-02
+1.1516000E+02	+4.0028553E-02	-3.2507524E-02
+1.1522000E+02	+3.5336819E-02	-3.7820037E-02
+1.1528000E+02	+2.9945480E-02	-4.2455632E-02
+1.1534000E+02	+2.3952100E-02	-4.6323005E-02
+1.1540000E+02	+1.7466014E-02	-4.9344875E-02
+1.1546000E+02	+1.0606348E-02	-5.1459506E-02
+1.1552000E+02	+3.4997789E-03	-5.2621908E-02
+1.1558000E+02	-3.7217406E-03	-5.2804749E-02
+1.1564000E+02	-1.0923532E-02	-5.1998928E-02
+1.1570000E+02	-1.7970629E-02	-5.0213803E-02
+1.1576000E+02	-2.4730328E-02	-4.7477107E-02
+1.1582000E+02	-3.1074679E-02	-4.3834481E-02
+1.1588000E+02	-3.6882889E-02	-3.9348666E-02
+1.1594000E+02	-4.2043604E-02	-3.4098424E-02
+1.1600000E+02	-4.6456989E-02	-2.8177135E-02
+1.1606000E+02	-5.0036658E-02	-2.1691082E-02
+1.1612000E+02	-5.2711323E-02	-1.4757559E-02
+1.1618000E+02	-5.4426167E-02	-7.5026602E-03
+1.1624000E+02	-5.5143911E-02	-5.9079317E-05
+1.1630000E+02	-5.4845583E-02	+7.4364450E-03
+1.1636000E+02	-5.3530924E-02	+1.4845521E-02
+1.1642000E+02	-5.1218458E-02	+2.2030748E-02
+1.1648000E+02	-4.7945205E-02	+2.8858263E-02
+1.1654000E+02	-4.3766093E-02	+3.5200153E-02
+1.1660000E+02	-3.8752995E-02	+4.0936876E-02
+1.1666000E+02	-3.2993443E-02	+4.5959484E-02
+1.1672000E+02	-2.6589086E-02	+5.0171692E-02
+1.1678000E+02	-1.9653877E-02	+5.3491645E-02
+1.1684000E+02	-1.2312053E-02	+5.5853479E-02
+1.1690000E+02	-4.6957782E-03	+5.7208631E-02
+1.1696000E+02	+3.0570643E-03	+5.7526715E-02
+1.1702000E+02	+1.0805617E-02	+5.6796197E-02
+1.1708000E+02	+1.8408319E-02	+5.5024642E-02
+1.1714000E+02	+2.5725806E-02	+5.2238636E-02
+1.1720000E+02	+3.2623202E-02	+4.8483375E-02
+1.1726000E+02	+3.8972687E-02	+4.3821927E-02
+1.1732000E+02	+4.4655934E-02	+3.8334079E-02
+1.1738000E+02	+4.9566139E-02	+3.2115001E-02
+1.1744000E+02	+5.3610090E-02	+2.5273524E-02
+1.1750000E+02	+5.6709897E-02	+1.7930252E-02
+1.1756000E+02	+5.8804419E-02	+1.0215373E-02
+1.1762000E+02	+5.9850443E-02	+2.2663565E-03
+1.1768000E+02	+5.9823528E-02	-5.7745194E-03
+1.1774000E+02	+5.8718499E-02	-1.3762722E-02
+1.1780000E+02	+5.6549601E-02	-2.1554070E-02
+1.1786000E+02	+5.3350300E-02	-2.9007325E-02
+1.1792000E+02	+4.9172740E-02	-3.5986751E-02
+1.1798000E+02	+4.4086870E-02	-4.2364575E-02
+1.1804000E+02	+3.8179219E-02	-4.8023313E-02
+1.1810000E+02	+3.1551398E-02	-5.2857891E-02
+1.1816000E+02	+2.4318371E-02	-5.6777582E-02
+1.1822000E+02	+1.6606325E-02	-5.9707671E-02
+1.1828000E+02	+8.5505778E-03	-6.1590843E-02
+1.1834000E+02	+2.9309903E-04	-6.2388241E-02
+1.1840000E+02	-8.0200247E-03	-6.2080238E-02
+1.1846000E+02	-1.6241116E-02	-6.0666814E-02
+1.1852000E+02	-2.4223551E-02	-5.8167633E-02
+1.1858000E+02	-3.1824417E-02	-5.4621749E-02
+1.1864000E+02	-3.8907032E-02	-5.0086938E-02
+1.1870000E+02	-4.5343414E-02	-4.4638734E-02
+1.1876000E+02	-5.1016442E-02	-3.8369182E-02
+1.1882000E+02	-5.5822238E-02	-3.1385165E-02
+1.1888000E+02	-5.9671778E-02	-2.3806600E-02
+1.1894000E+02	-6.2492594E-02	-1.5764380E-02
+1.1900000E+02	-6.4230166E-02	-7.3980340E-03
+1.1906000E+02	-6.4848840E-02	+1.1467255E-03
+1.1912000E+02	-6.4332552E-02	+9.7205108E-03
+1.1918000E+02	-6.2685117E-02	+1.8172819E-02
+1.1924000E+02	-5.9930250E-02	+2.6354890E-02
+1.1930000E+02	-5.6111194E-02	+3.4122076E-02
+1.1936000E+02	-5.1289979E-02	+4.1336566E-02
+1.1942000E+02	-4.5546368E-02	+4.7869764E-02
+1.1948000E+02	-3.8976621E-02	+5.3604495E-02
+1.1954000E+02	-3.1691685E-02	+5.8437191E-02
+1.1960000E+02	-2.3815338E-02	+6.2279705E-02
+1.1966000E+02	-1.5482109E-02	+6.5060832E-02
+1.1972000E+02	-6.8349256E-03	+6.6727616E-02
+1.1978000E+02	+1.9774055E-03	+6.7246348E-02
+1.1984000E+02	+1.0802672E-02	+6.6603132E-02
+1.1990000E+02	+1.9488014E-02	+6.4804219E-02
+1.1996000E+02	+2.7882503E-02	+6.1875917E-02
+1.2002000E+02	+3.5839818E-02	+5.7864148E-02
+1.2008000E+02	+4.3220699E-02	+5.2833755E-02
+1.2014000E+02	+4.9895462E-02	+4.6867363E-02
+1.2020000E+02	+5.5746228E-02	+4.0063988E-02
+1.2026000E+02	+6.0669001E-02	+3.2537393E-02
+1.2032000E+02	+6.4575449E-02	+2.4414107E-02
+1.2038000E+02	+6.7394465E-02	+1.5831295E-02
+1.2044000E+02	+6.9073446E-02	+6.9344053E-03
+1.2050000E+02	+6.9579221E-02	-2.1253238E-03
+1.2056000E+02	+6.8898633E-02	-1.1193439E-02
+1.2062000E+02	+6.7038812E-02	-2.0114930E-02
+1.2068000E+02	+6.4027093E-02	-2.8736882E-02
+1.2074000E+02	+5.9910562E-02	-3.6911093E-02
+1.2080000E+02	+5.4755311E-02	-4.4496629E-02
+1.2086000E+02	+4.8645291E-02	-5.1362228E-02
+1.2092000E+02	+4.1680928E-02	-5.7388563E-02
+1.2098000E+02	+3.3977419E-02	-6.2470287E-02
+1.2104000E+02	+2.5662873E-02	-6.6517860E-02
+1.2110000E+02	+1.6876033E-02	-6.9459096E-02
+1.2116000E+02	+7.7639488E-03	-7.1240343E-02
+1.2122000E+02	-1.5204392E-03	-7.1827568E-02
+1.2128000E+02	-1.0820895E-02	-7.1206763E-02
+1.2134000E+02	-1.9980626E-02	-6.9384389E-02
+1.2140000E+02	-2.8844832E-02	-6.6387147E-02
+1.2146000E+02	-3.7263330E-02	-6.2261652E-02
+1.2152000E+02	-4.5093190E-02	-5.7073597E-02
+1.2158000E+02	-5.2201055E-02	-5.0906684E-02
+1.2164000E+02	-5.8465417E-02	-4.3861277E-02
+1.2170000E+02	-6.3778713E-02	-3.6052674E-02
+1.2176000E+02	-6.8049058E-02	-2.7609160E-02
+1.2182000E+02	-7.1201913E-02	-1.8669961E-02
+1.2188000E+02	-7.3181272E-02	-9.3828496E-03
+1.2194000E+02	-7.3950641E-02	+9.8353397E-05
+1.2200000E+02	-7.3493659E-02	+9.6162567E-03
+1.2206000E+02	-7.1814388E-02	+1.9012596E-02
+1.2212000E+02	-6.8937235E-02	+2.8130857E-02
+1.2218000E+02	-6.4906597E-02	+3.6818877E-02
+1.2224000E+02	-5.9786070E-02	+4.4931415E-02
+1.2230000E+02	-5.3657524E-02	+5.2332483E-02
+1.2236000E+02	-4.6619639E-02	+5.8897726E-02
+1.2242000E+02	-3.8786218E-02	+6.4516447E-02
+1.2248000E+02	-3.0284556E-02	+6.9093391E-02
+1.2254000E+02	-2.1253031E-02	+7.2550394E-02
+1.2260000E+02	-1.1839062E-02	+7.4827679E-02
+1.2266000E+02	-2.1965061E-03	+7.5884804E-02
+1.2272000E+02	+7.5167129E-03	+7.5701386E-02
+1.2278000E+02	+1.7141411E-02	+7.4277401E-02
+1.2284000E+02	+2.6519546E-02	+7.1633220E-02
+1.2290000E+02	+3.5497069E-02	+6.7809246E-02
+1.2296000E+02	+4.3926112E-02	+6.2865272E-02
+1.2302000E+02	+5.1667787E-02	+5.6879502E-02
+1.2308000E+02	+5.8594227E-02	+4.9947251E-02
+1.2314000E+02	+6.4590700E-02	+4.2179402E-02
+1.2320000E+02	+6.9557585E-02	+3.3700608E-02
+1.2326000E+02	+7.3411889E-02	+2.4647182E-02
+1.2332000E+02	+7.6088697E-02	+1.5164974E-02
+1.2338000E+02	+7.7542126E-02	+5.4069199E-03
+1.2344000E+02	+7.7746138E-02	-4.4694291E-03
+1.2350000E+02	+7.6694936E-02	-1.4304459E-02
+1.2356000E+02	+7.4403040E-02	-2.3939094E-02
+1.2362000E+02	+7.0905082E-02	-3.3217382E-02
+1.2368000E+02	+6.6255175E-02	-4.1988991E-02
+1.2374000E+02	+6.0526110E-02	-5.0111692E-02
+1.2380000E+02	+5.3808078E-02	-5.7453588E-02
+1.2386000E+02	+4.6207312E-02	-6.3895285E-02
+1.2392000E+02	+3.7844267E-02	-6.9331817E-02
+1.2398000E+02	+2.8851720E-02	-7.3674254E-02
+1.2404000E+02	+1.9372635E-02	-7.6851241E-02
+1.2410000E+02	+9.5578432E-03	-7.8810006E-02
+1.2416000E+02	-4.3637681E-04	-7.9517275E-02
+1.2422000E+02	-1.0450808E-02	-7.8959823E-02
+1.2428000E+02	-2.0325847E-02	-7.7144541E-02
+1.2434000E+02	-2.9904056E-02	-7.4098416E-02
+1.2440000E+02	-3.9032701E-02	-6.9868080E-02
+1.2446000E+02	-4.7566067E-02	-6.4519018E-02
+1.2452000E+02	-5.5367980E-02	-5.8134478E-02
+1.2458000E+02	-6.2313788E-02	-5.0814204E-02
+1.2464000E+02	-6.8292357E-02	-4.2672779E-02
+1.2470000E+02	-7.3207900E-02	-3.3837873E-02
+1.2476000E+02	-7.6981425E-02	-2.4448041E-02
+1.2482000E+02	-7.9551958E-02	-1.4650702E-02
+1.2488000E+02	-8.0877528E-02	-4.5996783E-03
+1.2494000E+02	-8.0935784E-02	+5.5471631E-03
+1.2500000E+02	-7.9724312E-02	+1.5630463E-02
+1.2506000E+02	-7.7260680E-02	+2.5491904E-02
+1.2512000E+02	-7.3582090E-02	+3.4976598E-02
+1.2518000E+02	-6.8744846E-02	+4.3935593E-02
+1.2524000E+02	-6.2823392E-02	+5.2228201E-02
+1.2530000E+02	-5.5909067E-02	+5.9724182E-02
+1.2536000E+02	-4.8108827E-02	+6.6305757E-02
+1.2542000E+02	-3.9543334E-02	+7.1869448E-02
+1.2548000E+02	-3.0345246E-02	+7.6327667E-02
+1.2554000E+02	-2.0656968E-02	+7.9610065E-02
+1.2560000E+02	-1.0628529E-02	+8.1664599E-02
+1.2566000E+02	-4.1520174E-04	+8.2458317E-02
+1.2572000E+02	+9.8249400E-03	+8.1977859E-02
+1.2578000E+02	+1.9933423E-02	+8.0229595E-02
+1.2584000E+02	+2.9753901E-02	+7.7239528E-02
+1.2590000E+02	+3.9134543E-02	+7.3052846E-02
+1.2596000E+02	+4.7930337E-02	+6.7733206E-02
+1.2602000E+02	+5.6005392E-02	+6.1361711E-02
+1.2608000E+02	+6.3234940E-02	+5.4035619E-02
+1.2614000E+02	+6.9507338E-02	+4.5866851E-02
+1.2620000E+02	+7.4725658E-02	+3.6980212E-02
+1.2626000E+02	+7.8809217E-02	+2.7511455E-02
+1.2632000E+02	+8.1694767E-02	+1.7605199E-02
+1.2638000E+02	+8.3337456E-02	+7.4126772E-03
+1.2644000E+02	+8.3711445E-02	-2.9105886E-03
+1.2650000E+02	+8.2810305E-02	-1.3207165E-02
+1.2656000E+02	+8.0647059E-02	-2.3320125E-02
+1.2662000E+02	+7.7253945E-02	-3.3095438E-02
+1.2668000E+02	+7.2681911E-02	-4.2384308E-02
+1.2674000E+02	+6.6999786E-02	-5.1045425E-02
+1.2680000E+02	+6.0293213E-02	-5.8947112E-02
+1.2686000E+02	+5.2663315E-02	-6.5969318E-02
+1.2692000E+02	+4.4225123E-02	-7.2005346E-02
+1.2698000E+02	+3.5105817E-02	-7.6963551E-02
+1.2704000E+02	+2.5442772E-02	-8.0768600E-02
+1.2710000E+02	+1.5381457E-02	-8.3362631E-02
+1.2716000E+02	+5.0732801E-03	-8.4706090E-02
+1.2722000E+02	-5.3268038E-03	-8.4778272E-02
+1.2728000E+02	-1.5662543E-02	-8.3577603E-02
+1.2734000E+02	-2.5778767E-02	-8.1121638E-02
+1.2740000E+02	-3.5523765E-02	-7.7446729E-02
+1.2746000E+02	-4.4751465E-02	-7.2607502E-02
+1.2752000E+02	-5.3323694E-02	-6.6675894E-02
+1.2758000E+02	-6.1112117E-02	-5.9740234E-02
+1.2764000E+02	-6.8000279E-02	-5.1903632E-02
+1.2770000E+02	-7.3885240E-02	-4.3282632E-02
+1.2776000E+02	-7.8679062E-02	-3.4005363E-02
+1.2782000E+02	-8.2310103E-02	-2.4209572E-02
+1.2788000E+02	-8.4724091E-02	-1.4040654E-02
+1.2794000E+02	-8.5884877E-02	-3.6492997E-03
+1.2800000E+02	-8.5774861E-02	+6.8104439E-03
+1.2806000E+02	-8.4395349E-02	+1.7183794E-02
+1.2812000E+02	-8.1766374E-02	+2.7317310E-02
+1.2817999E+02	-7.7926405E-02	+3.7061289E-02
+1.2824001E+02	-7.2931804E-02	+4.6271823E-02
+1.2830000E+02	-6.6855833E-02	+5.4813039E-02
+1.2836000E+02	-5.9787698E-02	+6.2558994E-02
+1.2842000E+02	-5.1831048E-02	+6.9395594E-02
+1.2848000E+02	-4.3102484E-02	+7.5222172E-02
+1.2853999E+02	-3.3729956E-02	+7.9952963E-02
+1.2860001E+02	-2.3850603E-02	+8.3518341E-02
+1.2866000E+02	-1.3608928E-02	+8.5865796E-02
+1.2872000E+02	-3.1546573E-03	+8.6960666E-02
+1.2878000E+02	+7.3596016E-03	+8.6786635E-02
+1.2884000E+02	+1.7780390E-02	+8.5345879E-02
+1.2889999E+02	+2.7955772E-02	+8.2659051E-02
+1.2896001E+02	+3.7737515E-02	+7.8764960E-02
+1.2902000E+02	+4.6983276E-02	+7.3719859E-02
+1.2908000E+02	+5.5558484E-02	+6.7596763E-02
+1.2914000E+02	+6.3338481E-02	+6.0484231E-02
+1.2920000E+02	+7.0210248E-02	+5.2485090E-02
+1.2925999E+02	+7.6073974E-02	+4.3714944E-02
+1.2932001E+02	+8.0844499E-02	+3.4300458E-02
+1.2938000E+02	+8.4452510E-02	+2.4377504E-02
+1.2944000E+02	+8.6845562E-02	+1.4089207E-02
+1.2950000E+02	+8.7988712E-02	+3.5838510E-03
+1.2956000E+02	+8.7865062E-02	-6.9872537E-03
+1.2962000E+02	+8.6475976E-02	-1.7471956E-02
+1.2967999E+02	+8.3840974E-02	-2.7719446E-02
+1.2974001E+02	+7.9997465E-02	-3.7582420E-02
+1.2980000E+02	+7.5000159E-02	-4.6919186E-02
+1.2986000E+02	+6.8920270E-02	-5.5595674E-02
+1.2992000E+02	+6.1844457E-02	-6.3487321E-02
+1.2998000E+02	+5.3873539E-02	-7.0480958E-02
+1.3003999E+02	+4.5121137E-02	-7.6476194E-02
+1.3010001E+02	+3.5711933E-02	-8.1386946E-02
+1.3016000E+02	+2.5779817E-02	-8.5142761E-02
+1.3022000E+02	+1.5466182E-02	-8.7689526E-02
+1.3028000E+02	+4.9177618E-03	-8.8990457E-02
+1.3034000E+02	-5.7155844E-03	-8.9026459E-02
+1.3039999E+02	-1.6282687E-02	-8.7796398E-02
+1.3046001E+02	-2.6633475E-02	-8.5317127E-02
+1.3052000E+02	-3.6620963E-02	-8.1623197E-02
+1.3058000E+02	-4.6103451E-02	-7.6766312E-02
+1.3064000E+02	-5.4946374E-02	-7.0814654E-02
+1.3070000E+02	-6.3024268E-02	-6.3851818E-02
+1.3075999E+02	-7.0222519E-02	-5.5975687E-02
+1.3082001E+02	-7.6438993E-02	-4.7296945E-02
+1.3088000E+02	-8.1585363E-02	-3.7937582E-02
+1.3094000E+02	-8.5588463E-02	-2.8029164E-02
+1.3100000E+02	-8.8391207E-02	-1.7710887E-02
+1.3106000E+02	-8.9953400E-02	-7.1277297E-03
+1.3112000E+02	-9.0252303E-02	+3.5717057E-03
+1.3117999E+02	-8.9282863E-02	+1.4237173E-02
+1.3124001E+02	-8.7057874E-02	+2.4718916E-02
+1.3130000E+02	-8.3607666E-02	+3.4869839E-02
+1.3136000E+02	-7.8979753E-02	+4.4547424E-02
+1.3142000E+02	-7.3238075E-02	+5.3615898E-02
+1.3148000E+02	-6.6462219E-02	+6.1947897E-02
+1.3153999E+02	-5.8746040E-02	+6.9426470E-02
+1.3160001E+02	-5.0196655E-02	+7.5946480E-02
+1.3166000E+02	-4.0932771E-02	+8.1416242E-02
+1.3172000E+02	-3.1082993E-02	+8.5758626E-02
+1.3178000E+02	-2.0784050E-02	+8.8912316E-02
+1.3184000E+02	-1.0179076E-02	+9.0832375E-02
+1.3189999E+02	+5.8474828E-04	+9.1491126E-02
+1.3196001E+02	+1.1357906E-02	+9.0878367E-02
+1.3202000E+02	+2.1990743E-02	+8.9001559E-02
+1.3208000E+02	+3.2335620E-02	+8.5885637E-02
+1.3214000E+02	+4.2248759E-02	+8.1572764E-02
+1.3220000E+02	+5.1592454E-02	+7.6121651E-02
+1.3225999E+02	+6.0236719E-02	+6.9606818E-02
+1.3232001E+02	+6.8061441E-02	+6.2117390E-02
+1.3238000E+02	+7.4957609E-02	+5.3756066E-02
+1.3244000E+02	+8.0829121E-02	+4.4637516E-02
+1.3250000E+02	+8.5593887E-02	+3.4887068E-02
+1.3256000E+02	+8.9185163E-02	+2.4638521E-02
+1.3262000E+02	+9.1552332E-02	+1.4032758E-02
+1.3267999E+02	+9.2661589E-02	+3.2155414E-03
+1.3274001E+02	+9.2496432E-02	-7.6644099E-03
+1.3280000E+02	+9.1057889E-02	-1.8457474E-02
+1.3286000E+02	+8.8364452E-02	-2.9015176E-02
+1.3292000E+02	+8.4451906E-02	-3.9192237E-02
+1.3298000E+02	+7.9372704E-02	-4.8848540E-02
+1.3303999E+02	+7.3195383E-02	-5.7851084E-02
+1.3310001E+02	+6.6003494E-02	-6.6075765E-02
+1.3316000E+02	+5.7894513E-02	-7.3409095E-02
+1.3322000E+02	+4.8978548E-02	-7.9749748E-02
+1.3328000E+02	+3.9376728E-02	-8.5009910E-02
+1.3334000E+02	+2.9219635E-02	-8.9116544E-02
+1.3339999E+02	+1.8645510E-02	-9.2012309E-02
+1.3346001E+02	+7.7982675E-03	-9.3656369E-02
+1.3352000E+02	-3.1743594E-03	-9.4024964E-02
+1.3358000E+02	-1.4122822E-02	-9.3111716E-02
+1.3364000E+02	-2.4897901E-02	-9.0927675E-02
+1.3370000E+02	-3.5352636E-02	-8.7501250E-02
+1.3375999E+02	-4.5344397E-02	-8.2877718E-02
+1.3382001E+02	-5.4736715E-02	-7.7118680E-02
+1.3388000E+02	-6.3401341E-02	-7.0301205E-02
+1.3394000E+02	-7.1219698E-02	-6.2516771E-02
+1.3400000E+02	-7.8084759E-02	-5.3870026E-02
+1.3406000E+02	-8.3902329E-02	-4.4477317E-02
+1.3412000E+02	-8.8592358E-02	-3.4465272E-02
+1.3417999E+02	-9.2090108E-02	-2.3968831E-02
+1.3424001E+02	-9.4346888E-02	-1.3129676E-02
+1.3430000E+02	-9.5330819E-02	-2.0941133E-03
+1.3436000E+02	-9.5027216E-02	+8.9887865E-03
+1.3442000E+02	-9.3438819E-02	+1.9969225E-02
+1.3448000E+02	-9.0585671E-02	+3.0698819E-02
+1.3453999E+02	-8.6504966E-02	+4.1032370E-02
+1.3460001E+02	-8.1250429E-02	+5.0830048E-02
+1.3466000E+02	-7.4891694E-02	+5.9959158E-02
+1.3472000E+02	-6.7513287E-02	+6.8295956E-02
+1.3478000E+02	-5.9213445E-02	+7.5727373E-02
+1.3484000E+02	-5.0103065E-02	+8.2152322E-02
+1.3489999E+02	-4.0303674E-02	+8.7483451E-02
+1.3496001E+02	-2.9946467E-02	+9.1647856E-02
+1.3502000E+02	-1.9169955E-02	+9.4588444E-02
+1.3508000E+02	-8.1183650E-03	+9.6264467E-02
+1.3514000E+02	+3.0601781E-03	+9.6652158E-02
+1.3520000E+02	+1.4215974E-02	+9.5745020E-02
+1.3525999E+02	+2.5199424E-02	+9.3553901E-02
+1.3532001E+02	+3.5863247E-02	+9.0106912E-02
+1.3538000E+02	+4.6064410E-02	+8.5448973E-02
+1.3544000E+02	+5.5665947E-02	+7.9641208E-02
+1.3550000E+02	+6.4538918E-02	+7.2760195E-02
+1.3556000E+02	+7.2564088E-02	+6.4896837E-02
+1.3562000E+02	+7.9633512E-02	+5.6155235E-02
+1.3567999E+02	+8.5651912E-02	+4.6651237E-02
+1.3574001E+02	+9.0538099E-02	+3.6510911E-02
+1.3580000E+02	+9.4225921E-02	+2.5868852E-02
+1.3586000E+02	+9.6665174E-02	+1.4866370E-02
+1.3592000E+02	+9.7822309E-02	+3.6496280E-03
+1.3598000E+02	+9.7680822E-02	-7.6323235E-03
+1.3603999E+02	+9.6241489E-02	-1.8829538E-02
+1.3610001E+02	+9.3522362E-02	-2.9793147E-02
+1.3616000E+02	+8.9558512E-02	-4.0377375E-02
+1.3622000E+02	+8.4401526E-02	-5.0441451E-02
+1.3628000E+02	+7.8118868E-02	-5.9851475E-02
+1.3634000E+02	+7.0792921E-02	-6.8482213E-02
+1.3639999E+02	+6.2519938E-02	-7.6218776E-02
+1.3646001E+02	+5.3408749E-02	-8.2958043E-02
+1.3652000E+02	+4.3579269E-02	-8.8610157E-02
+1.3658000E+02	+3.3160932E-02	-9.3099602E-02
+1.3664000E+02	+2.2290966E-02	-9.6366249E-02
+1.3670000E+02	+1.1112626E-02	-9.8366134E-02
+1.3675999E+02	-2.2681423E-04	-9.9072047E-02
+1.3682001E+02	-1.1577935E-02	-9.8473810E-02
+1.3688000E+02	-2.2791134E-02	-9.6578479E-02
+1.3694000E+02	-3.3718664E-02	-9.3410239E-02
+1.3700000E+02	-4.4216521E-02	-8.9010030E-02
+1.3706000E+02	-5.4146420E-02	-8.3434969E-02
+1.3712000E+02	-6.3377522E-02	-7.6757692E-02
+1.3717999E+02	-7.1788132E-02	-6.9065288E-02
+1.3724001E+02	-7.9267457E-02	-6.0458228E-02
+1.3730000E+02	-8.5716926E-02	-5.1048860E-02
+1.3736000E+02	-9.1051459E-02	-4.0960226E-02
+1.3742000E+02	-9.5200635E-02	-3.0324098E-02
+1.3748000E+02	-9.8109588E-02	-1.9279495E-02
+1.3753999E+02	-9.9739715E-02	-7.9706907E-03
+1.3760001E+02	-1.0006917E-01	+3.4545658E-03
+1.3766000E+02	-9.9093087E-02	+1.4847070E-02
+1.3772000E+02	-9.6823707E-02	+2.6058080E-02
+1.3778000E+02	-9.3290120E-02	+3.6941271E-02
+1.3784000E+02	-8.8537984E-02	+4.7354594E-02
+1.3789999E+02	-8.2628757E-02	+5.7162255E-02
+1.3796001E+02	-7.5639009E-02	+6.6236384E-02
+1.3802000E+02	-6.7659304E-02	+7.4458674E-02
+1.3808000E+02	-5.8793139E-02	+8.1721939E-02
+1.3814000E+02	-4.9155418E-02	+8.7931588E-02
+1.3820000E+02	-3.8871046E-02	+9.3006730E-02
+1.3825999E+02	-2.8073343E-02	+9.6881218E-02
+1.3832001E+02	-1.6902149E-02	+9.9504538E-02
+1.3838000E+02	-5.5020796E-03	+1.0084245E-01
+1.3844000E+02	+5.9793084E-03	+1.0087735E-01
+1.3850000E+02	+1.7393503E-02	+9.9608555E-02
+1.3856000E+02	+2.8592926E-02	+9.7052231E-02
+1.3862000E+02	+3.9432883E-02	+9.3241192E-02
+1.3867999E+02	+4.9773388E-02	+8.8224456E-02
+1.3874001E+02	+5.9480995E-02	+8.2066573E-02
+1.3880000E+02	+6.8430468E-02	+7.4846774E-02
+1.3886000E+02	+7.6506488E-02	+6.6657946E-02
+1.3892000E+02	+8.3605006E-02	+5.7605390E-02
+1.3898000E+02	+8.9634642E-02	+4.7805481E-02
+1.3903999E+02	+9.4517812E-02	+3.7384104E-02
+1.3910001E+02	+9.8191760E-02	+2.6475083E-02
+1.3916000E+02	+1.0060927E-01	+1.5218385E-02
+1.3922000E+02	+1.0173927E-01	+3.7583583E-03
+1.3928000E+02	+1.0156725E-01	-7.7581424E-03
+1.3934000E+02	+1.0009542E-01	-1.9183645E-02
+1.3939999E+02	+9.7342581E-02	-3.0371945E-02
+1.3946001E+02	+9.3343936E-02	-4.1179985E-02
+1.3952000E+02	+8.8150583E-02	-5.1469672E-02
+1.3958000E+02	+8.1828877E-02	-6.1109636E-02
+1.3964000E+02	+7.4459486E-02	-6.9976911E-02
+1.3970000E+02	+6.6136375E-02	-7.7958465E-02
+1.3975999E+02	+5.6965660E-02	-8.4952660E-02
+1.3982001E+02	+4.7064096E-02	-9.0870500E-02
+1.3988000E+02	+3.6557715E-02	-9.5636763E-02
+1.3994000E+02	+2.5580037E-02	-9.9190935E-02
+1.4000000E+02	+1.4270586E-02	-1.0148794E-01
+1.4006000E+02	+2.7729420E-03	-1.0249873E-01
+1.4012000E+02	-8.7670935E-03	-1.0221054E-01
+1.4017999E+02	-2.0203199E-02	-1.0062715E-01
+1.4024001E+02	-3.1390611E-02	-9.7768724E-02
+1.4030000E+02	-4.2187728E-02	-9.3671508E-02
+1.4036000E+02	-5.2458052E-02	-8.8387460E-02
+1.4042000E+02	-6.2071811E-02	-8.1983447E-02
+1.4048000E+02	-7.0907645E-02	-7.4540436E-02
+1.4053999E+02	-7.8854211E-02	-6.6152424E-02
+1.4060001E+02	-8.5811310E-02	-5.6925282E-02
+1.4066000E+02	-9.1691397E-02	-4.6975344E-02
+1.4072000E+02	-9.6420459E-02	-3.6428008E-02
+1.4078000E+02	-9.9939153E-02	-2.5416000E-02
+1.4084000E+02	-1.0220333E-01	-1.4077822E-02
+1.4089999E+02	-1.0318464E-01	-2.5559745E-03
+1.4096001E+02	-1.0287086E-01	+9.0048425E-03
+1.4102000E+02	-1.0126603E-01	+2.0459576E-02
+1.4108000E+02	-9.8390356E-02	+3.1664640E-02
+1.4114000E+02	-9.4279967E-02	+4.2479616E-02
+1.4120000E+02	-8.8986434E-02	+5.2769125E-02
+1.4125999E+02	-8.2576022E-02	+6.2404424E-02
+1.4132001E+02	-7.5129010E-02	+7.1265101E-02
+1.4138000E+02	-6.6738442E-02	+7.9240493E-02
+1.4144000E+02	-5.7509173E-02	+8.6230993E-02
+1.4150000E+02	-4.7556352E-02	+9.2149474E-02
+1.4156000E+02	-3.7004206E-02	+9.6922114E-02
+1.4162000E+02	-2.5984189E-02	+1.0048948E-01
+1.4167999E+02	-1.4633545E-02	+1.0280719E-01
+1.4174001E+02	-3.0935581E-03	+1.0384636E-01
+1.4180000E+02	+8.4922174E-03	+1.0359410E-01
+1.4186000E+02	+1.9979831E-02	+1.0205355E-01
+1.4192000E+02	+3.1226518E-02	+9.9243797E-02
+1.4198000E+02	+4.2092729E-02	+9.5199697E-02
+1.4203999E+02	+5.2443612E-02	+8.9971386E-02
+1.4210001E+02	+6.2150832E-02	+8.3623625E-02
+1.4216000E+02	+7.1094036E-02	+7.6235011E-02
+1.4222000E+02	+7.9162478E-02	+6.7896970E-02
+1.4228000E+02	+8.6256236E-02	+5.8712613E-02
+1.4234000E+02	+9.2287488E-02	+4.8795458E-02
+1.4239999E+02	+9.7181588E-02	+3.8268015E-02
+1.4246001E+02	+1.0087798E-01	+2.7260276E-02
+1.4252000E+02	+1.0333085E-01	+1.5908066E-02
+1.4258000E+02	+1.0450983E-01	+4.3514185E-03
+1.4264000E+02	+1.0440017E-01	-7.2671869E-03
+1.4270000E+02	+1.0300303E-01	-1.8804569E-02
+1.4275999E+02	+1.0033544E-01	-3.0118603E-02
+1.4282001E+02	+9.6429989E-02	-4.1069977E-02
+1.4288000E+02	+9.1334507E-02	-5.1523879E-02
+1.4294000E+02	+8.5111454E-02	-6.1351672E-02
+1.4300000E+02	+7.7837035E-02	-7.0432432E-02
+1.4306000E+02	+6.9600433E-02	-7.8654446E-02
+1.4312000E+02	+6.0502496E-02	-8.5916594E-02
+1.4317999E+02	+5.0654672E-02	-9.2129543E-02
+1.4324001E+02	+4.0177569E-02	-9.7216822E-02
+1.4330000E+02	+2.9199427E-02	-1.0111577E-01
+1.4336000E+02	+1.7854603E-02	-1.0377830E-01
+1.4342000E+02	+6.2819473E-03	-1.0517148E-01
+1.4348000E+02	-5.3769988E-03	-1.0527787E-01
+1.4353999E+02	-1.6979611E-02	-1.0409576E-01
+1.4360001E+02	-2.8383998E-02	-1.0163925E-01
+1.4366000E+02	-3.9450735E-02	-9.7937904E-02
+1.4372000E+02	-5.0044566E-02	-9.3036540E-02
+1.4378000E+02	-6.0035866E-02	-8.6994596E-02
+1.4384000E+02	-6.9302648E-02	-7.9885371E-02
+1.4389999E+02	-7.7731460E-02	-7.1795233E-02
+1.4396001E+02	-8.5219294E-02	-6.2822476E-02
+1.4402000E+02	-9.1674522E-02	-5.3076081E-02
+1.4408000E+02	-9.7018123E-02	-4.2674493E-02
+1.4414000E+02	-1.0118455E-01	-3.1744152E-02
+1.4420000E+02	-1.0412269E-01	-2.0417783E-02
+1.4425999E+02	-1.0579624E-01	-8.8330852E-03
+1.4432001E+02	-1.0618434E-01	+2.8691797E-03
+1.4438000E+02	-1.0528173E-01	+1.4546799E-02
+1.4444000E+02	-1.0309883E-01	+2.6057914E-02
+1.4450000E+02	-9.9661596E-02	+3.7262652E-02
+1.4456000E+02	-9.5011197E-02	+4.8024815E-02
+1.4462000E+02	-8.9203537E-02	+5.8213618E-02
+1.4467999E+02	-8.2308568E-02	+6.7705251E-02
+1.4474001E+02	-7.4409336E-02	+7.6384269E-02
+1.4480000E+02	-6.5601200E-02	+8.4145129E-02
+1.4486000E+02	-5.5990428E-02	+9.0893395E-02
+1.4492000E+02	-4.5693036E-02	+9.6546866E-02
+1.4498000E+02	-3.4833390E-02	+1.0103660E-01
+1.4503999E+02	-2.3542603E-02	+1.0430775E-01
+1.4510001E+02	-1.1957088E-02	+1.0632017E-01
+1.4516000E+02	-2.1677186E-04	+1.0704892E-01
+1.4522000E+02	+1.1536526E-02	+1.0648464E-01
+1.4528000E+02	+2.3160724E-02	+1.0463353E-01
+1.4534000E+02	+3.4515489E-02	+1.0151736E-01
+1.4539999E+02	+4.5463536E-02	+9.7173162E-02
+1.4546001E+02	+5.5872623E-02	+9.1652818E-02
+1.4552000E+02	+6.5616854E-02	+8.5022382E-02
+1.4558000E+02	+7.4578471E-02	+7.7361323E-02
+1.4564000E+02	+8.2649097E-02	+6.8761513E-02
+1.4570000E+02	+8.9731090E-02	+5.9326168E-02
+1.4575999E+02	+9.5738702E-02	+4.9168587E-02
+1.4582001E+02	+1.0059915E-01	+3.8410749E-02
+1.4588000E+02	+1.0425346E-01	+2.7181884E-02
+1.4594000E+02	+1.0665715E-01	+1.5616897E-02
+1.4600000E+02	+1.0778079E-01	+3.8547372E-03
+1.4606000E+02	+1.0761036E-01	-7.9632727E-03
+1.4612000E+02	+1.0614741E-01	-1.9695127E-02
+1.4617999E+02	+1.0340901E-01	-3.1199865E-02
+1.4624001E+02	+9.9427566E-02	-4.2339250E-02
+1.4630000E+02	+9.4250403E-02	-5.2979432E-02
+1.4636000E+02	+8.7939218E-02	-6.2992565E-02
+1.4642000E+02	+8.0569327E-02	-7.2258338E-02
+1.4648000E+02	+7.2228700E-02	-8.0665432E-02
+1.4653999E+02	+6.3017063E-02	-8.8112727E-02
+1.4660001E+02	+5.3044382E-02	-9.4510816E-02
+1.4666000E+02	+4.2429928E-02	-9.9782713E-02
+1.4672000E+02	+3.1300563E-02	-1.0386499E-01
+1.4678000E+02	+1.9789312E-02	-1.0670848E-01
+1.4684000E+02	+8.0337878E-03	-1.0827884E-01
+1.4689999E+02	-3.8256820E-03	-1.0855701E-01
+1.4696001E+02	-1.5647205E-02	-1.0753936E-01
+1.4702000E+02	-2.7289666E-02	-1.0523773E-01
+1.4708000E+02	-3.8613927E-02	-1.0167938E-01
+1.4714000E+02	-4.9484927E-02	-9.6906483E-02
+1.4720000E+02	-5.9772711E-02	-9.0975851E-02
+1.4725999E+02	-6.9354609E-02	-8.3957978E-02
+1.4732001E+02	-7.8116313E-02	-7.5936362E-02
+1.4738000E+02	-8.5953258E-02	-6.7006446E-02
+1.4744000E+02	-9.2772104E-02	-5.7274491E-02
+1.4750000E+02	-9.8491497E-02	-4.6856269E-02
+1.4756000E+02	-1.0304332E-01	-3.5875730E-02
+1.4762000E+02	-1.0637341E-01	-2.4463344E-02
+1.4767999E+02	-1.0844210E-01	-1.2754794E-02
+1.4774001E+02	-1.0922478E-01	-8.8920654E-04
+1.4780000E+02	-1.0871214E-01	+1.0992484E-02
+1.4786000E+02	-1.0691028E-01	+2.2749249E-02
+1.4792000E+02	-1.0384061E-01	+3.4241609E-02
+1.4798000E+02	-9.9539571E-02	+4.5333263E-02
+1.4803999E+02	-9.4058260E-02	+5.5892762E-02
+1.4810001E+02	-8.7461621E-02	+6.5795079E-02
+1.4816000E+02	-7.9828002E-02	+7.4922927E-02
+1.4822000E+02	-7.1247786E-02	+8.3168425E-02
+1.4828000E+02	-6.1822619E-02	+9.0434119E-02
+1.4834000E+02	-5.1664073E-02	+9.6634224E-02
+1.4839999E+02	-4.0892288E-02	+1.0169566E-01
+1.4846001E+02	-2.9634599E-02	+1.0555886E-01
+1.4852000E+02	-1.8024050E-02	+1.0817841E-01
+1.4858000E+02	-6.1977478E-03	+1.0952367E-01
+1.4864000E+02	+5.7048495E-03	+1.0957907E-01
+1.4870000E+02	+1.7543441E-02	+1.0834428E-01
+1.4875999E+02	+2.9178536E-02	+1.0583416E-01
+1.4882001E+02	+4.0473208E-02	+1.0207862E-01
+1.4888000E+02	+5.1294606E-02	+9.7122237E-02
+1.4894000E+02	+6.1515689E-02	+9.1023594E-02
+1.4900000E+02	+7.1016431E-02	+8.3854802E-02
+1.4906000E+02	+7.9685450E-02	+7.5700417E-02
+1.4912000E+02	+8.7421246E-02	+6.6656530E-02
+1.4917999E+02	+9.4133392E-02	+5.6829587E-02
+1.4924001E+02	+9.9743530E-02	+4.6335116E-02
+1.4930000E+02	+1.0418632E-01	+3.5296373E-02
+1.4936000E+02	+1.0741014E-01	+2.3842977E-02
+1.4942000E+02	+1.0937777E-01	+1.2109114E-02
+1.4948000E+02	+1.1006670E-01	+2.3223156E-04
+1.4953999E+02	+1.0946941E-01	-1.1648709E-02
+1.4960001E+02	+1.0759344E-01	-2.3394838E-02
+1.4966000E+02	+1.0446126E-01	-3.4869008E-02
+1.4972000E+02	+1.0011003E-01	-4.5937382E-02
+1.4978000E+02	+9.4591044E-02	-5.6471005E-02
+1.4984000E+02	+8.7969236E-02	-6.6347301E-02
+1.4989999E+02	+8.0322288E-02	-7.5451463E-02
+1.4996001E+02	+7.1739748E-02	-8.3677851E-02
+1.5002000E+02	+6.2321965E-02	-9.0931103E-02
+1.5008000E+02	+5.2178919E-02	-9.7127348E-02
+1.5014000E+02	+4.1428920E-02	-1.0219505E-01
+1.5020000E+02	+3.0197166E-02	-1.0607588E-01
+1.5025999E+02	+1.8614328E-02	-1.0872538E-01
+1.5032001E+02	+6.8149944E-03	-1.1011341E-01
+1.5038000E+02	-5.0638309E-03	-1.1022451E-01
+1.5044000E+02	-1.6884424E-02	-1.0905804E-01
+1.5050000E+02	-2.8509829E-02	-1.0662816E-01
+1.5056000E+02	-3.9805587E-02	-1.0296366E-01
+1.5062000E+02	-5.0641138E-02	-9.8107547E-02
+1.5067999E+02	-6.0891431E-02	-9.2116579E-02
+1.5074001E+02	-7.0438184E-02	-8.5060619E-02
+1.5080000E+02	-7.9171538E-02	-7.7021644E-02
+1.5086000E+02	-8.6991034E-02	-6.8092994E-02
+1.5092000E+02	-9.3806945E-02	-5.8378104E-02
+1.5098000E+02	-9.9541113E-02	-4.7989413E-02
+1.5103999E+02	-1.0412797E-01	-3.7046976E-02
+1.5110001E+02	-1.0751524E-01	-2.5677098E-02
+1.5116000E+02	-1.0966446E-01	-1.4010857E-02
+1.5122000E+02	-1.1055151E-01	-2.1826515E-03
+1.5128000E+02	-1.1016675E-01	+9.6714348E-03
+1.5134000E+02	-1.0851514E-01	+2.1415120E-02
+1.5139999E+02	-1.0561620E-01	+3.2913607E-02
+1.5146001E+02	-1.0150380E-01	+4.4034902E-02
+1.5152000E+02	-9.6225552E-02	+5.4651607E-02
+1.5158000E+02	-8.9842528E-02	+6.4642131E-02
+1.5164000E+02	-8.2428291E-02	+7.3892191E-02
+1.5170000E+02	-7.4068196E-02	+8.2296088E-02
+1.5175999E+02	-6.4858302E-02	+8.9757934E-02
+1.5182001E+02	-5.4904424E-02	+9.6192554E-02
+1.5188000E+02	-4.4320505E-02	+1.0152683E-01
+1.5194000E+02	-3.3227976E-02	+1.0569999E-01
+1.5200000E+02	-2.1753658E-02	+1.0866478E-01
+1.5206000E+02	-1.0028772E-02	+1.1038767E-01
+1.5212000E+02	+1.8127562E-03	+1.1084934E-01
+1.5217999E+02	+1.3635715E-02	+1.1004487E-01
+1.5224001E+02	+2.5305200E-02	+1.0798372E-01
+1.5230000E+02	+3.6688212E-02	+1.0468975E-01
+1.5236000E+02	+4.7655109E-02	+1.0020073E-01
+1.5242000E+02	+5.8080979E-02	+9.4568081E-02
+1.5248000E+02	+6.7847237E-02	+8.7856144E-02
+1.5253999E+02	+7.6842755E-02	+8.0141529E-02
+1.5260001E+02	+8.4965348E-02	+7.1512185E-02
+1.5266000E+02	+9.2122719E-02	+6.2066361E-02
+1.5272000E+02	+9.8233618E-02	+5.1911596E-02
+1.5278000E+02	+1.0322868E-01	+4.1163370E-02
+1.5284000E+02	+1.0705129E-01	+2.9943850E-02
+1.5289999E+02	+1.0965810E-01	+1.8380508E-02
+1.5296001E+02	+1.1101957E-01	+6.6046342E-03
+1.5302000E+02	+1.1112032E-01	-5.2501005E-03
+1.5308000E+02	+1.0995923E-01	-1.7049199E-02
+1.5314000E+02	+1.0754947E-01	-2.8658833E-02
+1.5320000E+02	+1.0391840E-01	-3.9947372E-02
+1.5325999E+02	+9.9107087E-02	-5.0786853E-02
+1.5332001E+02	+9.3170032E-02	-6.1054431E-02
+1.5338000E+02	+8.6174436E-02	-7.0633776E-02
+1.5344000E+02	+7.8199439E-02	-7.9416357E-02
+1.5350000E+02	+6.9335259E-02	-8.7302670E-02
+1.5356000E+02	+5.9682131E-02	-9.4203383E-02
+1.5362000E+02	+4.9349207E-02	-1.0004031E-01
+1.5367999E+02	+3.8453251E-02	-1.0474727E-01
+1.5374001E+02	+2.7117476E-02	-1.0827090E-01
+1.5380000E+02	+1.5469966E-02	-1.1057119E-01
+1.5386000E+02	+3.6423048E-03	-1.1162194E-01
+1.5392000E+02	-8.2318811E-03	-1.1141106E-01
+1.5398000E+02	-2.0018391E-02	-1.0994072E-01
+1.5403999E+02	-3.1584129E-02	-1.0722730E-01
+1.5410001E+02	-4.2798389E-02	-1.0330117E-01
+1.5416000E+02	-5.3534511E-02	-9.8206446E-02
+1.5422000E+02	-6.3671134E-02	-9.2000395E-02
+1.5428000E+02	-7.3093854E-02	-8.4752783E-02
+1.5434000E+02	-8.1696063E-02	-7.6545171E-02
+1.5439999E+02	-8.9380585E-02	-6.7469947E-02
+1.5446001E+02	-9.6060507E-02	-5.7629295E-02
+1.5452000E+02	-1.0166028E-01	-4.7133952E-02
+1.5458000E+02	-1.0611648E-01	-3.6102150E-02
+1.5464000E+02	-1.0937862E-01	-2.4658076E-02
+1.5470000E+02	-1.1140963E-01	-1.2930685E-02
+1.5475999E+02	-1.1218634E-01	-1.0519926E-03
+1.5482001E+02	-1.1169969E-01	+1.0844110E-02
+1.5488000E+02	-1.0995483E-01	+2.2623716E-02
+1.5494000E+02	-1.0697116E-01	+3.4154065E-02
+1.5500000E+02	-1.0278199E-01	+4.5305248E-02
+1.5506000E+02	-9.7434156E-02	+5.5951644E-02
+1.5512000E+02	-9.0987630E-02	+6.5973319E-02
+1.5517999E+02	-8.3514765E-02	+7.5257279E-02
+1.5524001E+02	-7.5099401E-02	+8.3698921E-02
+1.5530000E+02	-6.5836094E-02	+9.1203079E-02
+1.5536000E+02	-5.5828776E-02	+9.7685173E-02
+1.5542000E+02	-4.5189962E-02	+1.0307211E-01
+1.5548000E+02	-3.4039114E-02	+1.0730313E-01
+1.5553999E+02	-2.2501599E-02	+1.1033044E-01
+1.5560001E+02	-1.0706974E-02	+1.1211987E-01
+1.5566000E+02	+1.2121706E-03	+1.1265110E-01
+1.5572000E+02	+1.3121923E-02	+1.1191804E-01
+1.5578000E+02	+2.4888521E-02	+1.0992880E-01
+1.5584000E+02	+3.6379740E-02	+1.0670559E-01
+1.5589999E+02	+4.7466528E-02	+1.0228452E-01
+1.5596001E+02	+5.8024369E-02	+9.6715152E-02
+1.5602000E+02	+6.7934759E-02	+9.0059996E-02
+1.5608000E+02	+7.7086426E-02	+8.2393691E-02
+1.5614000E+02	+8.5376680E-02	+7.3802270E-02
+1.5620000E+02	+9.2712566E-02	+6.4382143E-02
+1.5625999E+02	+9.9011846E-02	+5.4238975E-02
+1.5632001E+02	+1.0420395E-01	+4.3486558E-02
+1.5638000E+02	+1.0823076E-01	+3.2245472E-02
+1.5644000E+02	+1.1104730E-01	+2.0641752E-02
+1.5650000E+02	+1.1262216E-01	+8.8054575E-03
+1.5656000E+02	+1.1293792E-01	-3.1308052E-03
+1.5662000E+02	+1.1199125E-01	-1.5033352E-02
+1.5667999E+02	+1.0979302E-01	-2.6768951E-02
+1.5674001E+02	+1.0636813E-01	-3.8206302E-02
+1.5680000E+02	+1.0175521E-01	-4.9217526E-02
+1.5686000E+02	+9.6006192E-02	-5.9679594E-02
+1.5692000E+02	+8.9185722E-02	-6.9475695E-02
+1.5698000E+02	+8.1370398E-02	-7.8496575E-02
+1.5703999E+02	+7.2647877E-02	-8.6641729E-02
+1.5710001E+02	+6.3115999E-02	-9.3820512E-02
+1.5716000E+02	+5.2881476E-02	-9.9953189E-02
+1.5722000E+02	+4.2058885E-02	-1.0497181E-01
+1.5728000E+02	+3.0769270E-02	-1.0882086E-01
+1.5734000E+02	+1.9138746E-02	-1.1145806E-01
+1.5739999E+02	+7.2972057E-03	-1.1285462E-01
+1.5746001E+02	-4.6233563E-03	-1.1299570E-01
+1.5752000E+02	-1.6490009E-02	-1.1188047E-01
+1.5758000E+02	-2.8170712E-02	-1.0952212E-01
+1.5764000E+02	-3.9535593E-02	-1.0594770E-01
+1.5770000E+02	-5.0458390E-02	-1.0119780E-01
+1.5775999E+02	-6.0817994E-02	-9.5326051E-02
+1.5782001E+02	-7.0499659E-02	-8.8398561E-02
+1.5788000E+02	-7.9396337E-02	-8.0493055E-02
+1.5794000E+02	-8.7409891E-02	-7.1698092E-02
+1.5800000E+02	-9.4452046E-02	-6.2111985E-02
+1.5806000E+02	-1.0044550E-01	-5.1841762E-02
+1.5812000E+02	-1.0532471E-01	-4.1001868E-02
+1.5817999E+02	-1.0903660E-01	-2.9712910E-02
+1.5824001E+02	-1.1154109E-01	-1.8100342E-02
+1.5830000E+02	-1.1281160E-01	-6.2930160E-03
+1.5836000E+02	-1.1283522E-01	+5.5782758E-03
+1.5842000E+02	-1.1161292E-01	+1.7382173E-02
+1.5848000E+02	-1.0915944E-01	+2.8988289E-02
+1.5853999E+02	-1.0550308E-01	+4.0268671E-02
+1.5860001E+02	-1.0068552E-01	+5.1099088E-02
+1.5866000E+02	-9.4761066E-02	+6.1360534E-02
+1.5872000E+02	-8.7796211E-02	+7.0940472E-02
+1.5878000E+02	-7.9868883E-02	+7.9734094E-02
+1.5884000E+02	-7.1067348E-02	+8.7645397E-02
+1.5889999E+02	-6.1489567E-02	+9.4588265E-02
+1.5896001E+02	-5.1241659E-02	+1.0048743E-01
+1.5902000E+02	-4.0437117E-02	+1.0527922E-01
+1.5908000E+02	-2.9195178E-02	+1.0891227E-01
+1.5914000E+02	-1.7639866E-02	+1.1134803E-01
+1.5920000E+02	-5.8982735E-03	+1.1256111E-01
+1.5925999E+02	+5.9006023E-03	+1.1253968E-01
+1.5932001E+02	+1.7627370E-02	+1.1128540E-01
+1.5938000E+02	+2.9153738E-02	+1.0881346E-01
+1.5944000E+02	+4.0353756E-02	+1.0515233E-01
+1.5950000E+02	+5.1105306E-02	+1.0034349E-01
+1.5956000E+02	+6.1291374E-02	+9.4440810E-02
+1.5962000E+02	+7.0801370E-02	+8.7510079E-02
+1.5967999E+02	+7.9532281E-02	+7.9628170E-02
+1.5974001E+02	+8.7389708E-02	+7.0882179E-02
+1.5980000E+02	+9.4289005E-02	+6.1368477E-02
+1.5986000E+02	+1.0015611E-01	+5.1191613E-02
+1.5992000E+02	+1.0492831E-01	+4.0463183E-02
+1.5998000E+02	+1.0855490E-01	+2.9300572E-02
+1.6003999E+02	+1.1099772E-01	+1.7825672E-02
+1.6010001E+02	+1.1223154E-01	+6.1635752E-03
+1.6016000E+02	+1.1224426E-01	-5.5588242E-03
+1.6022000E+02	+1.1103709E-01	-1.7214185E-02
+1.6028000E+02	+1.0862438E-01	-2.8676108E-02
+1.6034000E+02	+1.0503358E-01	-3.9820492E-02
+1.6039999E+02	+1.0030483E-01	-5.0526876E-02
+1.6046001E+02	+9.4490469E-02	-6.0679726E-02
+1.6052000E+02	+8.7654509E-02	-7.0169650E-02
+1.6058000E+02	+7.9871893E-02	-7.8894593E-02
+1.6064000E+02	+7.1227707E-02	-8.6760923E-02
+1.6070000E+02	+6.1816137E-02	-9.3684375E-02
+1.6075999E+02	+5.1739510E-02	-9.9590972E-02
+1.6082001E+02	+4.1107275E-02	-1.0441781E-01
+1.6088000E+02	+3.0034600E-02	-1.0811365E-01
+1.6094000E+02	+1.8641278E-02	-1.1063953E-01
+1.6100000E+02	+7.0504677E-03	-1.1196909E-01
+1.6106000E+02	-4.6128044E-03	-1.1208887E-01
+1.6112000E+02	-1.6222775E-02	-1.1099841E-01
+1.6117999E+02	-2.7654488E-02	-1.0871027E-01
+1.6124001E+02	-3.8784973E-02	-1.0524981E-01
+1.6130000E+02	-4.9494579E-02	-1.0065497E-01
+1.6136000E+02	-5.9668407E-02	-9.4975784E-02
+1.6142000E+02	-6.9197282E-02	-8.8273905E-02
+1.6148000E+02	-7.7979006E-02	-8.0621913E-02
+1.6153999E+02	-8.5919611E-02	-7.2102413E-02
+1.6160001E+02	-9.2934087E-02	-6.2807322E-02
+1.6166000E+02	-9.8947436E-02	-5.2836776E-02
+1.6172000E+02	-1.0389541E-01	-4.2298011E-02
+1.6178000E+02	-1.0772518E-01	-3.1304464E-02
+1.6184000E+02	-1.1039596E-01	-1.9974098E-02
+1.6189999E+02	-1.1187931E-01	-8.4287282E-03
+1.6196001E+02	-1.1215954E-01	+3.2078223E-03
+1.6202000E+02	-1.1123379E-01	+1.4810667E-02
+1.6208000E+02	-1.0911218E-01	+2.6255339E-02
+1.6214000E+02	-1.0581749E-01	+3.7419125E-02
+1.6220000E+02	-1.0138512E-01	+4.8182271E-02
+1.6225999E+02	-9.5862605E-02	+5.8429398E-02
+1.6232001E+02	-8.9309081E-02	+6.8050608E-02
+1.6238000E+02	-8.1794791E-02	+7.6942697E-02
+1.6244000E+02	-7.3400199E-02	+8.5010231E-02
+1.6250000E+02	-6.4215198E-02	+9.2166647E-02
+1.6256000E+02	-5.4338068E-02	+9.8335043E-02
+1.6262000E+02	-4.3874633E-02	+1.0344911E-01
+1.6267999E+02	-3.2936912E-02	+1.0745379E-01
+1.6274001E+02	-2.1642111E-02	+1.1030583E-01
+1.6280000E+02	-1.0111184E-02	+1.1197438E-01
+1.6286000E+02	+1.5322196E-03	+1.1244118E-01
+1.6292000E+02	+1.3163333E-02	+1.1170083E-01
+1.6298000E+02	+2.4657391E-02	+1.0976086E-01
+1.6303999E+02	+3.5891049E-02	+1.0664165E-01
+1.6310001E+02	+4.6743680E-02	+1.0237621E-01
+1.6316000E+02	+5.7098720E-02	+9.7009845E-02
+1.6322000E+02	+6.6844851E-02	+9.0599701E-02
+1.6328000E+02	+7.5877212E-02	+8.3214112E-02
+1.6334000E+02	+8.4098540E-02	+7.4931949E-02
+1.6339999E+02	+9.1420233E-02	+6.5841705E-02
+1.6346001E+02	+9.7763270E-02	+5.6040637E-02
+1.6352000E+02	+1.0305907E-01	+4.5633662E-02
+1.6358000E+02	+1.0725030E-01	+3.4732286E-02
+1.6364000E+02	+1.1029141E-01	+2.3453394E-02
+1.6370000E+02	+1.1214920E-01	+1.1918004E-02
+1.6375999E+02	+1.1280320E-01	+2.4996640E-04
+1.6382001E+02	+1.1224579E-01	-1.1425360E-02
+1.6388000E+02	+1.1048248E-01	-2.2982463E-02
+1.6394000E+02	+1.0753168E-01	-3.4297019E-02
+1.6400000E+02	+1.0342465E-01	-4.5247246E-02
+1.6406000E+02	+9.8205097E-02	-5.5715211E-02
+1.6412000E+02	+9.1928750E-02	-6.5588094E-02
+1.6417999E+02	+8.4662795E-02	-7.4759409E-02
+1.6424001E+02	+7.6484956E-02	-8.3130352E-02
+1.6430000E+02	+6.7483142E-02	-9.0610377E-02
+1.6436000E+02	+5.7753928E-02	-9.7118787E-02
+1.6442000E+02	+4.7401894E-02	-1.0258523E-01
+1.6448000E+02	+3.6538340E-02	-1.0695059E-01
+1.6453999E+02	+2.5280237E-02	-1.1016761E-01
+1.6460001E+02	+1.3748743E-02	-1.1220146E-01
+1.6466000E+02	+2.0679522E-03	-1.1303005E-01
+1.6472000E+02	-9.6361330E-03	-1.1264436E-01
+1.6478000E+02	-2.1237506E-02	-1.1104842E-01
+1.6484000E+02	-3.2611154E-02	-1.0825946E-01
+1.6489999E+02	-4.3634467E-02	-1.0430756E-01
+1.6496001E+02	-5.4188684E-02	-9.9235386E-02
+1.6502000E+02	-6.4160176E-02	-9.3097717E-02
+1.6508000E+02	-7.3441543E-02	-8.5960895E-02
+1.6514000E+02	-8.1932984E-02	-7.7902004E-02
+1.6520000E+02	-8.9543082E-02	-6.9008201E-02
+1.6525999E+02	-9.6190199E-02	-5.9375577E-02
+1.6532001E+02	-1.0180309E-01	-4.9108196E-02
+1.6538000E+02	-1.0632168E-01	-3.8316939E-02
+1.6544000E+02	-1.0969786E-01	-2.7118368E-02
+1.6550000E+02	-1.1189588E-01	-1.5633246E-02
+1.6556000E+02	-1.1289282E-01	-3.9854986E-03
+1.6562000E+02	-1.1267873E-01	+7.6993476E-03
+1.6567999E+02	-1.1125681E-01	+1.9295445E-02
+1.6574001E+02	-1.0864332E-01	+3.0678134E-02
+1.6580000E+02	-1.0486738E-01	+4.1725069E-02
+1.6586000E+02	-9.9970736E-02	+5.2317705E-02
+1.6592000E+02	-9.4007134E-02	+6.2342569E-02
+1.6598000E+02	-8.7041803E-02	+7.1692564E-02
+1.6603999E+02	-7.9150714E-02	+8.0267854E-02
+1.6610001E+02	-7.0419721E-02	+8.7977305E-02
+1.6616000E+02	-6.0943671E-02	+9.4739154E-02
+1.6622000E+02	-5.0825186E-02	+1.0048214E-01
+1.6628000E+02	-4.0173829E-02	+1.0514595E-01
+1.6634000E+02	-2.9104451E-02	+1.0868219E-01
+1.6639999E+02	-1.7736396E-02	+1.1105462E-01
+1.6646001E+02	-6.1919363E-03	+1.1223966E-01
+1.6652000E+02	+5.4050726E-03	+1.1222656E-01
+1.6658000E+02	+1.6930483E-02	+1.1101747E-01
+1.6664000E+02	+2.8261043E-02	+1.0862744E-01
+1.6670000E+02	+3.9276205E-02	+1.0508411E-01
+1.6675999E+02	+4.9858790E-02	+1.0042749E-01
+1.6682001E+02	+5.9896667E-02	+9.4709471E-02
+1.6688000E+02	+6.9284037E-02	+8.7993011E-02
+1.6694000E+02	+7.7921964E-02	+8.0351867E-02
+1.6700000E+02	+8.5720196E-02	+7.1869239E-02
+1.6706000E+02	+9.2597462E-02	+6.2637202E-02
+1.6712000E+02	+9.8482691E-02	+5.2755531E-02
+1.6717999E+02	+1.0331560E-01	+4.2330656E-02
+1.6724001E+02	+1.0704726E-01	+3.1474452E-02
+1.6730000E+02	+1.0964067E-01	+2.0303020E-02
+1.6736000E+02	+1.1107102E-01	+8.9354655E-03
+1.6742000E+02	+1.1132594E-01	-2.5074326E-03
+1.6748000E+02	+1.1040561E-01	-1.3904489E-02
+1.6753999E+02	+1.0832260E-01	-2.5135415E-02
+1.6760001E+02	+1.0510179E-01	-3.6082093E-02
+1.6766000E+02	+1.0077998E-01	-4.6629824E-02
+1.6772000E+02	+9.5405474E-02	-5.6668513E-02
+1.6778000E+02	+8.9037493E-02	-6.6093825E-02
+1.6784000E+02	+8.1745528E-02	-7.4808262E-02
+1.6789999E+02	+7.3608443E-02	-8.2722150E-02
+1.6796001E+02	+6.4713828E-02	-8.9754514E-02
+1.6802000E+02	+5.5156805E-02	-9.5833950E-02
+1.6808000E+02	+4.5039084E-02	-1.0089928E-01
+1.6814000E+02	+3.4467913E-02	-1.0490014E-01
+1.6820000E+02	+2.3554865E-02	-1.0779744E-01
+1.6825999E+02	+1.2414632E-02	-1.0956378E-01
+1.6832001E+02	+1.1639179E-03	-1.1018360E-01
+1.6838000E+02	-1.0079893E-02	-1.0965330E-01
+1.6844000E+02	-2.1199849E-02	-1.0798126E-01
+1.6850000E+02	-3.2080781E-02	-1.0518760E-01
+1.6856000E+02	-4.2610299E-02	-1.0130405E-01
+1.6862000E+02	-5.2680112E-02	-9.6373431E-02
+1.6867999E+02	-6.2186942E-02	-9.0449266E-02
+1.6874001E+02	-7.1033739E-02	-8.3595075E-02
+1.6880000E+02	-7.9130560E-02	-7.5883791E-02
+1.6886000E+02	-8.6395413E-02	-6.7396879E-02
+1.6892000E+02	-9.2755049E-02	-5.8223546E-02
+1.6898000E+02	-9.8145805E-02	-4.8459768E-02
+1.6903999E+02	-1.0251408E-01	-3.8207196E-02
+1.6910001E+02	-1.0581684E-01	-2.7572306E-02
+1.6916000E+02	-1.0802211E-01	-1.6665109E-02
+1.6922000E+02	-1.0910911E-01	-5.5981139E-03
+1.6928000E+02	-1.0906857E-01	+5.5147875E-03
+1.6934000E+02	-1.0790265E-01	+1.6559556E-02
+1.6939999E+02	-1.0562498E-01	+2.7423067E-02
+1.6946001E+02	-1.0226042E-01	+3.7994273E-02
+1.6952000E+02	-9.7844824E-02	+4.8165321E-02
+1.6958000E+02	-9.2424609E-02	+5.7832636E-02
+1.6964000E+02	-8.6056344E-02	+6.6897824E-02
+1.6970000E+02	-7.8806028E-02	+7.5268827E-02
+1.6975999E+02	-7.0748515E-02	+8.2860716E-02
+1.6982001E+02	-6.1966781E-02	+8.9596502E-02
+1.6988000E+02	-5.2550931E-02	+9.5408000E-02
+1.6994000E+02	-4.2597536E-02	+1.0023629E-01
+1.7000000E+02	-3.2208379E-02	+1.0403254E-01
