+1.1000000E+02	+1.6066017E-02	-3.5481833E-02
+1.1006000E+02	+1.0828810E-02	-3.7502840E-02
+1.1012000E+02	+5.3468025E-03	-3.8754869E-02
+1.1018000E+02	-2.6771644E-04	-3.9209843E-02
+1.1024000E+02	-5.8995322E-03	-3.8855989E-02
+1.1030000E+02	-1.1432808E-02	-3.7698083E-02
+1.1036000E+02	-1.6753500E-02	-3.5757378E-02
+1.1042000E+02	-2.1751657E-02	-3.3071198E-02
+1.1048000E+02	-2.6323643E-02	-2.9692208E-02
+1.1054000E+02	-3.0374326E-02	-2.5687320E-02
+1.1060000E+02	-3.3818953E-02	-2.1136405E-02
+1.1066000E+02	-3.6584914E-02	-1.6130652E-02
+1.1072000E+02	-3.8613252E-02	-1.0770768E-02
+1.1078000E+02	-3.9859872E-02	-5.1648892E-03
+1.1084000E+02	-4.0296454E-02	+5.7351193E-04
+1.1090000E+02	-3.9911054E-02	+6.3279900E-03
+1.1096000E+02	-3.8708374E-02	+1.1981441E-02
+1.1102000E+02	-3.6709696E-02	+1.7418472E-02
+1.1108000E+02	-3.3952501E-02	+2.2527751E-02
+1.1114000E+02	-3.0489746E-02	+2.7204232E-02
+1.1120000E+02	-2.6388770E-02	+3.1351324E-02
+1.1126000E+02	-2.1730050E-02	+3.4882817E-02
+1.1132000E+02	-1.6605550E-02	+3.7724674E-02
+1.1138000E+02	-1.1116933E-02	+3.9816506E-02
+1.1144000E+02	-5.3734984E-03	+4.1112859E-02
+1.1150000E+02	+5.0995068E-04	+4.1584123E-02
+1.1156000E+02	+6.4153941E-03	+4.1217182E-02
+1.1162000E+02	+1.2224033E-02	+4.0015709E-02
+1.1168000E+02	+1.7818553E-02	+3.8000140E-02
+1.1174000E+02	+2.3085540E-02	+3.5207290E-02
+1.1180000E+02	+2.7917754E-02	+3.1689685E-02
+1.1186000E+02	+3.2216251E-02	+2.7514521E-02
+1.1192000E+02	+3.5892412E-02	+2.2762384E-02
+1.1198000E+02	+3.8869720E-02	+1.7525680E-02
+1.1204000E+02	+4.1085321E-02	+1.1906814E-02
+1.1210000E+02	+4.2491294E-02	+6.0161846E-03
+1.1216000E+02	+4.3055668E-02	-2.9975579E-05
+1.1222000E+02	+4.2763077E-02	-6.1119045E-03
+1.1228000E+02	+4.1615129E-02	-1.2108666E-02
+1.1234000E+02	+3.9630421E-02	-1.7900553E-02
+1.1240000E+02	+3.6844201E-02	-2.3371439E-02
+1.1246000E+02	+3.3307746E-02	-2.8411111E-02
+1.1252000E+02	+2.9087372E-02	-3.2917451E-02
+1.1258000E+02	+2.4263211E-02	-3.6798444E-02
+1.1264000E+02	+1.8927574E-02	-3.9974108E-02
+1.1270000E+02	+1.3183300E-02	-4.2378005E-02
+1.1276000E+02	+7.1417312E-03	-4.3958630E-02
+1.1282000E+02	+9.2044286E-04	-4.4680506E-02
+1.1288000E+02	-5.3589246E-03	-4.4524882E-02
+1.1294000E+02	-1.1573056E-02	-4.3490168E-02
+1.1300000E+02	-1.7599415E-02	-4.1592028E-02
+1.1306000E+02	-2.3318648E-02	-3.8863115E-02
+1.1312000E+02	-2.8616861E-02	-3.5352502E-02
+1.1318000E+02	-3.3387952E-02	-3.1124776E-02
+1.1324000E+02	-3.7535623E-02	-2.6258804E-02
+1.1330000E+02	-4.0975351E-02	-2.0846285E-02
+1.1336000E+02	-4.3636058E-02	-1.4989959E-02
+1.1342000E+02	-4.5461539E-02	-8.8016680E-03
+1.1348000E+02	-4.6411566E-02	-2.4002406E-03
+1.1354000E+02	-4.6462804E-02	+4.0908726E-03
+1.1360000E+02	-4.5609236E-02	+1.0545853E-02
+1.1366000E+02	-4.3862399E-02	+1.6839106E-02
+1.1372000E+02	-4.1251197E-02	+2.2847537E-02
+1.1378000E+02	-3.7821405E-02	+2.8453045E-02
+1.1384000E+02	-3.3634815E-02	+3.3544790E-02
+1.1390000E+02	-2.8768189E-02	+3.8021337E-02
+1.1396000E+02	-2.3311691E-02	+4.1792687E-02
+1.1402000E+02	-1.7367363E-02	+4.4782016E-02
+1.1408000E+02	-1.1047009E-02	+4.6927214E-02
+1.1414000E+02	-4.4702766E-03	+4.8182126E-02
+1.1420000E+02	+2.2377479E-03	+4.8517525E-02
+1.1426000E+02	+8.9488802E-03	+4.7921676E-02
+1.1432000E+02	+1.5534245E-02	+4.6400677E-02
+1.1438000E+02	+2.1866839E-02	+4.3978378E-02
+1.1444000E+02	+2.7823856E-02	+4.0695988E-02
+1.1450000E+02	+3.3289123E-02	+3.6611374E-02
+1.1456000E+02	+3.8155299E-02	+3.1797983E-02
+1.1462000E+02	+4.2325988E-02	+2.6343530E-02
+1.1468000E+02	+4.5717608E-02	+2.0348344E-02
+1.1474000E+02	+4.8261013E-02	+1.3923545E-02
+1.1480000E+02	+4.9902871E-02	+7.1888915E-03
+1.1486000E+02	+5.0606709E-02	+2.7072284E-04
+1.1492000E+02	+5.0353736E-02	-6.7006988E-03
+1.1498000E+02	+4.9143173E-02	-1.3593398E-02
+1.1504000E+02	+4.6992403E-02	-2.0276289E-02
+1.1510000E+02	+4.3936677E-02	-2.6621636E-02
+1.1516000E+02	+4.0028520E-02	-3.2507498E-02
+1.1522000E+02	+3.5336789E-02	-3.7820004E-02
+1.1528000E+02	+2.9945467E-02	-4.2455599E-02
+1.1534000E+02	+2.3952091E-02	-4.6322960E-02
+1.1540000E+02	+1.7466012E-02	-4.9344834E-02
+1.1546000E+02	+1.0606339E-02	-5.1459465E-02
+1.1552000E+02	+3.4997889E-03	-5.2621868E-02
+1.1558000E+02	-3.7217375E-03	-5.2804708E-02
+1.1564000E+02	-1.0923523E-02	-5.1998887E-02
+1.1570000E+02	-1.7970605E-02	-5.0213777E-02
+1.1576000E+02	-2.4730312E-02	-4.7477081E-02
+1.1582000E+02	-3.1074658E-02	-4.3834448E-02
+1.1588000E+02	-3.6882862E-02	-3.9348640E-02
+1.1594000E+02	-4.2043582E-02	-3.4098405E-02
+1.1600000E+02	-4.6456948E-02	-2.8177127E-02
+1.1606000E+02	-5.0036617E-02	-2.1691091E-02
+1.1612000E+02	-5.2711293E-02	-1.4757549E-02
+1.1618000E+02	-5.4426130E-02	-7.5026685E-03
+1.1624000E+02	-5.5143882E-02	-5.9079284E-05
+1.1630000E+02	-5.4845560E-02	+7.4364278E-03
+1.1636000E+02	-5.3530905E-02	+1.4845488E-02
+1.1642000E+02	-5.1218431E-02	+2.2030737E-02
+1.1648000E+02	-4.7945179E-02	+2.8858248E-02
+1.1654000E+02	-4.3766070E-02	+3.5200134E-02
+1.1660000E+02	-3.8752977E-02	+4.0936854E-02
+1.1666000E+02	-3.2993428E-02	+4.5959461E-02
+1.1672000E+02	-2.6589075E-02	+5.0171670E-02
+1.1678000E+02	-1.9653894E-02	+5.3491615E-02
+1.1684000E+02	-1.2312048E-02	+5.5853460E-02
+1.1690000E+02	-4.6958039E-03	+5.7208609E-02
+1.1696000E+02	+3.0570631E-03	+5.7526693E-02
+1.1702000E+02	+1.0805613E-02	+5.6796174E-02
+1.1708000E+02	+1.8408313E-02	+5.5024624E-02
+1.1714000E+02	+2.5725799E-02	+5.2238617E-02
+1.1720000E+02	+3.2623168E-02	+4.8483372E-02
+1.1726000E+02	+3.8972665E-02	+4.3821920E-02
+1.1732000E+02	+4.4655904E-02	+3.8334079E-02
+1.1738000E+02	+4.9566120E-02	+3.2114998E-02
+1.1744000E+02	+5.3610075E-02	+2.5273528E-02
+1.1750000E+02	+5.6709882E-02	+1.7930254E-02
+1.1756000E+02	+5.8804404E-02	+1.0215380E-02
+1.1762000E+02	+5.9850428E-02	+2.2663670E-03
+1.1768000E+02	+5.9823517E-02	-5.7745064E-03
+1.1774000E+02	+5.8718491E-02	-1.3762708E-02
+1.1780000E+02	+5.6549594E-02	-2.1554053E-02
+1.1786000E+02	+5.3350296E-02	-2.9007304E-02
+1.1792000E+02	+4.9172744E-02	-3.5986729E-02
+1.1798000E+02	+4.4086870E-02	-4.2364556E-02
+1.1804000E+02	+3.8179215E-02	-4.8023298E-02
+1.1810000E+02	+3.1551410E-02	-5.2857880E-02
+1.1816000E+02	+2.4318369E-02	-5.6777567E-02
+1.1822000E+02	+1.6606336E-02	-5.9707668E-02
+1.1828000E+02	+8.5505918E-03	-6.1590835E-02
+1.1834000E+02	+2.9309900E-04	-6.2388234E-02
+1.1840000E+02	-8.0200098E-03	-6.2080231E-02
+1.1846000E+02	-1.6241100E-02	-6.0666814E-02
+1.1852000E+02	-2.4223534E-02	-5.8167636E-02
+1.1858000E+02	-3.1824414E-02	-5.4621752E-02
+1.1864000E+02	-3.8907032E-02	-5.0086938E-02
+1.1870000E+02	-4.5343388E-02	-4.4638753E-02
+1.1876000E+02	-5.1016428E-02	-3.8369212E-02
+1.1882000E+02	-5.5822238E-02	-3.1385180E-02
+1.1888000E+02	-5.9671756E-02	-2.3806613E-02
+1.1894000E+02	-6.2492587E-02	-1.5764395E-02
+1.1900000E+02	-6.4230166E-02	-7.3980489E-03
+1.1906000E+02	-6.4848840E-02	+1.1467101E-03
+1.1912000E+02	-6.4332552E-02	+9.7204652E-03
+1.1918000E+02	-6.2685125E-02	+1.8172804E-02
+1.1924000E+02	-5.9930250E-02	+2.6354877E-02
+1.1930000E+02	-5.6111194E-02	+3.4122065E-02
+1.1936000E+02	-5.1289979E-02	+4.1336551E-02
+1.1942000E+02	-4.5546390E-02	+4.7869742E-02
+1.1948000E+02	-3.8976647E-02	+5.3604476E-02
+1.1954000E+02	-3.1691685E-02	+5.8437191E-02
+1.1960000E+02	-2.3815338E-02	+6.2279705E-02
+1.1966000E+02	-1.5482141E-02	+6.5060824E-02
+1.1972000E+02	-6.8349424E-03	+6.6727623E-02
+1.1978000E+02	+1.9773734E-03	+6.7246355E-02
+1.1984000E+02	+1.0802642E-02	+6.6603146E-02
+1.1990000E+02	+1.9488001E-02	+6.4804234E-02
+1.1996000E+02	+2.7882507E-02	+6.1875932E-02
+1.2002000E+02	+3.5839811E-02	+5.7864171E-02
+1.2008000E+02	+4.3220676E-02	+5.2833777E-02
+1.2014000E+02	+4.9895443E-02	+4.6867378E-02
+1.2020000E+02	+5.5746224E-02	+4.0064011E-02
+1.2026000E+02	+6.0669005E-02	+3.2537419E-02
+1.2032000E+02	+6.4575449E-02	+2.4414130E-02
+1.2038000E+02	+6.7394465E-02	+1.5831321E-02
+1.2044000E+02	+6.9073454E-02	+6.9344281E-03
+1.2050000E+02	+6.9579229E-02	-2.1253009E-03
+1.2056000E+02	+6.8898641E-02	-1.1193418E-02
+1.2062000E+02	+6.7038827E-02	-2.0114914E-02
+1.2068000E+02	+6.4027108E-02	-2.8736863E-02
+1.2074000E+02	+5.9910592E-02	-3.6911082E-02
+1.2080000E+02	+5.4755338E-02	-4.4496614E-02
+1.2086000E+02	+4.8645310E-02	-5.1362216E-02
+1.2092000E+02	+4.1680943E-02	-5.7388555E-02
+1.2098000E+02	+3.3977456E-02	-6.2470287E-02
+1.2104000E+02	+2.5662910E-02	-6.6517867E-02
+1.2110000E+02	+1.6876051E-02	-6.9459096E-02
+1.2116000E+02	+7.7639660E-03	-7.1240358E-02
+1.2122000E+02	-1.5204051E-03	-7.1827576E-02
+1.2128000E+02	-1.0820880E-02	-7.1206778E-02
+1.2134000E+02	-1.9980596E-02	-6.9384411E-02
+1.2140000E+02	-2.8844802E-02	-6.6387169E-02
+1.2146000E+02	-3.7263304E-02	-6.2261671E-02
+1.2152000E+02	-4.5093171E-02	-5.7073619E-02
+1.2158000E+02	-5.2201040E-02	-5.0906722E-02
+1.2164000E+02	-5.8465414E-02	-4.3861318E-02
+1.2170000E+02	-6.3778706E-02	-3.6052696E-02
+1.2176000E+02	-6.8049058E-02	-2.7609197E-02
+1.2182000E+02	-7.1201913E-02	-1.8669995E-02
+1.2188000E+02	-7.3181279E-02	-9.3828849E-03
+1.2194000E+02	-7.3950656E-02	+9.8318160E-05
+1.2200000E+02	-7.3493682E-02	+9.6162064E-03
+1.2206000E+02	-7.1814410E-02	+1.9012550E-02
+1.2212000E+02	-6.8937249E-02	+2.8130848E-02
+1.2218000E+02	-6.4906612E-02	+3.6818869E-02
+1.2224000E+02	-5.9786107E-02	+4.4931393E-02
+1.2230000E+02	-5.3657562E-02	+5.2332468E-02
+1.2236000E+02	-4.6619646E-02	+5.8897723E-02
+1.2242000E+02	-3.8786255E-02	+6.4516447E-02
+1.2248000E+02	-3.0284578E-02	+6.9093391E-02
+1.2254000E+02	-2.1253068E-02	+7.2550401E-02
+1.2260000E+02	-1.1839081E-02	+7.4827679E-02
+1.2266000E+02	-2.1965427E-03	+7.5884819E-02
+1.2272000E+02	+7.5166961E-03	+7.5701401E-02
+1.2278000E+02	+1.7141378E-02	+7.4277423E-02
+1.2284000E+02	+2.6519552E-02	+7.1633242E-02
+1.2290000E+02	+3.5497043E-02	+6.7809276E-02
+1.2296000E+02	+4.3926109E-02	+6.2865302E-02
+1.2302000E+02	+5.1667787E-02	+5.6879528E-02
+1.2308000E+02	+5.8594216E-02	+4.9947280E-02
+1.2314000E+02	+6.4590700E-02	+4.2179443E-02
+1.2320000E+02	+6.9557577E-02	+3.3700634E-02
+1.2326000E+02	+7.3411897E-02	+2.4647212E-02
+1.2332000E+02	+7.6088704E-02	+1.5165005E-02
+1.2338000E+02	+7.7542141E-02	+5.4069473E-03
+1.2344000E+02	+7.7746145E-02	-4.4694026E-03
+1.2350000E+02	+7.6694950E-02	-1.4304434E-02
+1.2356000E+02	+7.4403062E-02	-2.3939075E-02
+1.2362000E+02	+7.0905104E-02	-3.3217363E-02
+1.2368000E+02	+6.6255204E-02	-4.1988973E-02
+1.2374000E+02	+6.0526136E-02	-5.0111681E-02
+1.2380000E+02	+5.3808115E-02	-5.7453576E-02
+1.2386000E+02	+4.6207342E-02	-6.3895293E-02
+1.2392000E+02	+3.7844289E-02	-6.9331810E-02
+1.2398000E+02	+2.8851744E-02	-7.3674262E-02
+1.2404000E+02	+1.9372657E-02	-7.6851241E-02
+1.2410000E+02	+9.5578637E-03	-7.8810014E-02
+1.2416000E+02	-4.3633900E-04	-7.9517305E-02
+1.2422000E+02	-1.0450773E-02	-7.8959838E-02
+1.2428000E+02	-2.0325815E-02	-7.7144563E-02
+1.2434000E+02	-2.9904043E-02	-7.4098445E-02
+1.2440000E+02	-3.9032675E-02	-6.9868118E-02
+1.2446000E+02	-4.7566075E-02	-6.4519040E-02
+1.2452000E+02	-5.5367995E-02	-5.8134507E-02
+1.2458000E+02	-6.2313776E-02	-5.0814226E-02
+1.2464000E+02	-6.8292357E-02	-4.2672824E-02
+1.2470000E+02	-7.3207900E-02	-3.3837896E-02
+1.2476000E+02	-7.6981433E-02	-2.4448065E-02
+1.2482000E+02	-7.9551972E-02	-1.4650724E-02
+1.2488000E+02	-8.0877542E-02	-4.5997179E-03
+1.2494000E+02	-8.0935806E-02	+5.5471445E-03
+1.2500000E+02	-7.9724327E-02	+1.5630448E-02
+1.2506000E+02	-7.7260695E-02	+2.5491893E-02
+1.2512000E+02	-7.3582105E-02	+3.4976587E-02
+1.2518000E+02	-6.8744883E-02	+4.3935571E-02
+1.2524000E+02	-6.2823400E-02	+5.2228197E-02
+1.2530000E+02	-5.5909108E-02	+5.9724178E-02
+1.2536000E+02	-4.8108868E-02	+6.6305757E-02
+1.2542000E+02	-3.9543375E-02	+7.1869448E-02
+1.2548000E+02	-3.0345270E-02	+7.6327674E-02
+1.2554000E+02	-2.0656992E-02	+7.9610072E-02
+1.2560000E+02	-1.0628571E-02	+8.1664614E-02
+1.2566000E+02	-4.1522150E-04	+8.2458340E-02
+1.2572000E+02	+9.8249223E-03	+8.1977881E-02
+1.2578000E+02	+1.9933388E-02	+8.0229618E-02
+1.2584000E+02	+2.9753888E-02	+7.7239558E-02
+1.2590000E+02	+3.9134517E-02	+7.3052876E-02
+1.2596000E+02	+4.7930319E-02	+6.7733228E-02
+1.2602000E+02	+5.6005374E-02	+6.1361741E-02
+1.2608000E+02	+6.3234948E-02	+5.4035645E-02
+1.2614000E+02	+6.9507346E-02	+4.5866877E-02
+1.2620000E+02	+7.4725650E-02	+3.6980242E-02
+1.2626000E+02	+7.8809217E-02	+2.7511483E-02
+1.2632000E+02	+8.1694774E-02	+1.7605225E-02
+1.2638000E+02	+8.3337471E-02	+7.4127023E-03
+1.2644000E+02	+8.3711468E-02	-2.9105658E-03
+1.2650000E+02	+8.2810320E-02	-1.3207143E-02
+1.2656000E+02	+8.0647074E-02	-2.3320107E-02
+1.2662000E+02	+7.7253960E-02	-3.3095423E-02
+1.2668000E+02	+7.2681926E-02	-4.2384297E-02
+1.2674000E+02	+6.6999808E-02	-5.1045418E-02
+1.2680000E+02	+6.0293239E-02	-5.8947116E-02
+1.2686000E+02	+5.2663341E-02	-6.5969318E-02
+1.2692000E+02	+4.4225160E-02	-7.2005354E-02
+1.2698000E+02	+3.5105843E-02	-7.6963551E-02
+1.2704000E+02	+2.5442777E-02	-8.0768608E-02
+1.2710000E+02	+1.5381479E-02	-8.3362639E-02
+1.2716000E+02	+5.0733010E-03	-8.4706098E-02
+1.2722000E+02	-5.3267642E-03	-8.4778287E-02
+1.2728000E+02	-1.5662504E-02	-8.3577618E-02
+1.2734000E+02	-2.5778731E-02	-8.1121661E-02
+1.2740000E+02	-3.5523769E-02	-7.7446744E-02
+1.2746000E+02	-4.4751473E-02	-7.2607510E-02
+1.2752000E+02	-5.3323671E-02	-6.6675931E-02
+1.2758000E+02	-6.1112102E-02	-5.9740260E-02
+1.2764000E+02	-6.8000294E-02	-5.1903654E-02
+1.2770000E+02	-7.3885255E-02	-4.3282654E-02
+1.2776000E+02	-7.8679062E-02	-3.4005407E-02
+1.2782000E+02	-8.2310110E-02	-2.4209594E-02
+1.2788000E+02	-8.4724106E-02	-1.4040656E-02
+1.2794000E+02	-8.5884891E-02	-3.6493209E-03
+1.2800000E+02	-8.5774876E-02	+6.8104248E-03
+1.2806000E+02	-8.4395364E-02	+1.7183777E-02
+1.2812000E+02	-8.1766382E-02	+2.7317295E-02
+1.2817999E+02	-7.7926435E-02	+3.7061278E-02
+1.2824001E+02	-7.2931819E-02	+4.6271808E-02
+1.2830000E+02	-6.6855840E-02	+5.4813042E-02
+1.2836000E+02	-5.9787735E-02	+6.2558979E-02
+1.2842000E+02	-5.1831052E-02	+6.9395594E-02
+1.2848000E+02	-4.3102525E-02	+7.5222172E-02
+1.2853999E+02	-3.3729978E-02	+7.9952963E-02
+1.2860001E+02	-2.3850625E-02	+8.3518341E-02
+1.2866000E+02	-1.3608950E-02	+8.5865803E-02
+1.2872000E+02	-3.1546580E-03	+8.6960681E-02
+1.2878000E+02	+7.3595815E-03	+8.6786643E-02
+1.2884000E+02	+1.7780352E-02	+8.5345894E-02
+1.2889999E+02	+2.7955757E-02	+8.2659081E-02
+1.2896001E+02	+3.7737519E-02	+7.8764968E-02
+1.2902000E+02	+4.6983257E-02	+7.3719881E-02
+1.2908000E+02	+5.5558454E-02	+6.7596786E-02
+1.2914000E+02	+6.3338473E-02	+6.0484253E-02
+1.2920000E+02	+7.0210256E-02	+5.2485120E-02
+1.2925999E+02	+7.6073982E-02	+4.3714970E-02
+1.2932001E+02	+8.0844499E-02	+3.4300476E-02
+1.2938000E+02	+8.4452525E-02	+2.4377523E-02
+1.2944000E+02	+8.6845569E-02	+1.4089226E-02
+1.2950000E+02	+8.7988712E-02	+3.5838694E-03
+1.2956000E+02	+8.7865077E-02	-6.9872360E-03
+1.2962000E+02	+8.6475991E-02	-1.7471939E-02
+1.2967999E+02	+8.3841003E-02	-2.7719432E-02
+1.2974001E+02	+7.9997480E-02	-3.7582405E-02
+1.2980000E+02	+7.5000182E-02	-4.6919174E-02
+1.2986000E+02	+6.8920299E-02	-5.5595648E-02
+1.2992000E+02	+6.1844468E-02	-6.3487329E-02
+1.2998000E+02	+5.3873546E-02	-7.0480965E-02
+1.3003999E+02	+4.5121141E-02	-7.6476194E-02
+1.3010001E+02	+3.5711937E-02	-8.1386954E-02
+1.3016000E+02	+2.5779858E-02	-8.5142761E-02
+1.3022000E+02	+1.5466226E-02	-8.7689541E-02
+1.3028000E+02	+4.9177622E-03	-8.8990465E-02
+1.3034000E+02	-5.7155848E-03	-8.9026466E-02
+1.3039999E+02	-1.6282648E-02	-8.7796420E-02
+1.3046001E+02	-2.6633434E-02	-8.5317142E-02
+1.3052000E+02	-3.6620967E-02	-8.1623204E-02
+1.3058000E+02	-4.6103459E-02	-7.6766320E-02
+1.3064000E+02	-5.4946378E-02	-7.0814662E-02
+1.3070000E+02	-6.3024282E-02	-6.3851841E-02
+1.3075999E+02	-7.0222527E-02	-5.5975694E-02
+1.3082001E+02	-7.6439001E-02	-4.7296949E-02
+1.3088000E+02	-8.1585348E-02	-3.7937623E-02
+1.3094000E+02	-8.5588463E-02	-2.8029190E-02
+1.3100000E+02	-8.8391207E-02	-1.7710911E-02
+1.3106000E+02	-8.9953408E-02	-7.1277306E-03
+1.3112000E+02	-9.0252310E-02	+3.5717059E-03
+1.3117999E+02	-8.9282878E-02	+1.4237175E-02
+1.3124001E+02	-8.7057881E-02	+2.4718918E-02
+1.3130000E+02	-8.3607681E-02	+3.4869820E-02
+1.3136000E+02	-7.8979760E-02	+4.4547427E-02
+1.3142000E+02	-7.3238112E-02	+5.3615887E-02
+1.3148000E+02	-6.6462219E-02	+6.1947901E-02
+1.3153999E+02	-5.8746077E-02	+6.9426447E-02
+1.3160001E+02	-5.0196704E-02	+7.5946465E-02
+1.3166000E+02	-4.0932775E-02	+8.1416242E-02
+1.3172000E+02	-3.1082997E-02	+8.5758641E-02
+1.3178000E+02	-2.0784136E-02	+8.8912301E-02
+1.3184000E+02	-1.0179121E-02	+9.0832368E-02
+1.3189999E+02	+5.8474834E-04	+9.1491133E-02
+1.3196001E+02	+1.1357863E-02	+9.0878390E-02
+1.3202000E+02	+2.1990744E-02	+8.9001566E-02
+1.3208000E+02	+3.2335583E-02	+8.5885666E-02
+1.3214000E+02	+4.2248767E-02	+8.1572779E-02
+1.3220000E+02	+5.1592387E-02	+7.6121703E-02
+1.3225999E+02	+6.0236730E-02	+6.9606833E-02
+1.3232001E+02	+6.8061441E-02	+6.2117394E-02
+1.3238000E+02	+7.4957617E-02	+5.3756073E-02
+1.3244000E+02	+8.0829084E-02	+4.4637594E-02
+1.3250000E+02	+8.5593894E-02	+3.4887072E-02
+1.3256000E+02	+8.9185178E-02	+2.4638539E-02
+1.3262000E+02	+9.1552347E-02	+1.4032774E-02
+1.3267999E+02	+9.2661604E-02	+3.2155549E-03
+1.3274001E+02	+9.2496440E-02	-7.6643978E-03
+1.3280000E+02	+9.1057897E-02	-1.8457463E-02
+1.3286000E+02	+8.8364467E-02	-2.9015165E-02
+1.3292000E+02	+8.4451914E-02	-3.9192226E-02
+1.3298000E+02	+7.9372719E-02	-4.8848532E-02
+1.3303999E+02	+7.3195405E-02	-5.7851084E-02
+1.3310001E+02	+6.6003501E-02	-6.6075765E-02
+1.3316000E+02	+5.7894535E-02	-7.3409103E-02
+1.3322000E+02	+4.8978567E-02	-7.9749741E-02
+1.3328000E+02	+3.9376751E-02	-8.5009918E-02
+1.3334000E+02	+2.9219657E-02	-8.9116551E-02
+1.3339999E+02	+1.8645514E-02	-9.2012316E-02
+1.3346001E+02	+7.7982913E-03	-9.3656383E-02
+1.3352000E+02	-3.1743599E-03	-9.4024979E-02
+1.3358000E+02	-1.4122824E-02	-9.3111731E-02
+1.3364000E+02	-2.4897883E-02	-9.0927698E-02
+1.3370000E+02	-3.5352618E-02	-8.7501265E-02
+1.3375999E+02	-4.5344360E-02	-8.2877733E-02
+1.3382001E+02	-5.4736726E-02	-7.7118695E-02
+1.3388000E+02	-6.3401349E-02	-7.0301212E-02
+1.3394000E+02	-7.1219705E-02	-6.2516779E-02
+1.3400000E+02	-7.8084767E-02	-5.3870037E-02
+1.3406000E+02	-8.3902322E-02	-4.4477344E-02
+1.3412000E+02	-8.8592373E-02	-3.4465276E-02
+1.3417999E+02	-9.2090108E-02	-2.3968855E-02
+1.3424001E+02	-9.4346903E-02	-1.3129678E-02
+1.3430000E+02	-9.5330834E-02	-2.0941137E-03
+1.3436000E+02	-9.5027238E-02	+8.9887660E-03
+1.3442000E+02	-9.3438827E-02	+1.9969225E-02
+1.3448000E+02	-9.0585686E-02	+3.0698802E-02
+1.3453999E+02	-8.6504966E-02	+4.1032374E-02
+1.3460001E+02	-8.1250444E-02	+5.0830055E-02
+1.3466000E+02	-7.4891709E-02	+5.9959166E-02
+1.3472000E+02	-6.7513295E-02	+6.8295963E-02
+1.3478000E+02	-5.9213486E-02	+7.5727351E-02
+1.3484000E+02	-5.0103068E-02	+8.2152329E-02
+1.3489999E+02	-4.0303677E-02	+8.7483458E-02
+1.3496001E+02	-2.9946471E-02	+9.1647871E-02
+1.3502000E+02	-1.9169956E-02	+9.4588459E-02
+1.3508000E+02	-8.1183659E-03	+9.6264482E-02
+1.3514000E+02	+3.0601784E-03	+9.6652165E-02
+1.3520000E+02	+1.4215977E-02	+9.5745035E-02
+1.3525999E+02	+2.5199428E-02	+9.3553916E-02
+1.3532001E+02	+3.5863250E-02	+9.0106919E-02
+1.3538000E+02	+4.6064414E-02	+8.5448980E-02
+1.3544000E+02	+5.5665959E-02	+7.9641230E-02
+1.3550000E+02	+6.4538918E-02	+7.2760202E-02
+1.3556000E+02	+7.2564095E-02	+6.4896852E-02
+1.3562000E+02	+7.9633504E-02	+5.6155246E-02
+1.3567999E+02	+8.5651919E-02	+4.6651240E-02
+1.3574001E+02	+9.0538114E-02	+3.6510918E-02
+1.3580000E+02	+9.4225928E-02	+2.5868855E-02
+1.3586000E+02	+9.6665189E-02	+1.4866372E-02
+1.3592000E+02	+9.7822323E-02	+3.6496285E-03
+1.3598000E+02	+9.7680837E-02	-7.6323254E-03
+1.3603999E+02	+9.6241504E-02	-1.8829539E-02
+1.3610001E+02	+9.3522377E-02	-2.9793151E-02
+1.3616000E+02	+8.9558527E-02	-4.0377382E-02
+1.3622000E+02	+8.4401540E-02	-5.0441459E-02
+1.3628000E+02	+7.8118868E-02	-5.9851479E-02
+1.3634000E+02	+7.0792913E-02	-6.8482235E-02
+1.3639999E+02	+6.2519938E-02	-7.6218784E-02
+1.3646001E+02	+5.3408753E-02	-8.2958050E-02
+1.3652000E+02	+4.3579277E-02	-8.8610165E-02
+1.3658000E+02	+3.3160936E-02	-9.3099609E-02
+1.3664000E+02	+2.2290967E-02	-9.6366256E-02
+1.3670000E+02	+1.1112627E-02	-9.8366141E-02
+1.3675999E+02	-2.2681424E-04	-9.9072054E-02
+1.3682001E+02	-1.1577959E-02	-9.8473817E-02
+1.3688000E+02	-2.2791138E-02	-9.6578494E-02
+1.3694000E+02	-3.3718694E-02	-9.3410254E-02
+1.3700000E+02	-4.4216525E-02	-8.9010037E-02
+1.3706000E+02	-5.4146424E-02	-8.3434977E-02
+1.3712000E+02	-6.3377522E-02	-7.6757699E-02
+1.3717999E+02	-7.1788147E-02	-6.9065303E-02
+1.3724001E+02	-7.9267465E-02	-6.0458217E-02
+1.3730000E+02	-8.5716940E-02	-5.1048867E-02
+1.3736000E+02	-9.1051467E-02	-4.0960230E-02
+1.3742000E+02	-9.5200650E-02	-3.0324101E-02
+1.3748000E+02	-9.8109595E-02	-1.9279497E-02
+1.3753999E+02	-9.9739730E-02	-7.9706917E-03
+1.3760001E+02	-1.0006917E-01	+3.4545660E-03
+1.3766000E+02	-9.9093087E-02	+1.4847095E-02
+1.3772000E+02	-9.6823707E-02	+2.6058082E-02
+1.3778000E+02	-9.3290128E-02	+3.6941275E-02
+1.3784000E+02	-8.8537991E-02	+4.7354620E-02
+1.3789999E+02	-8.2628734E-02	+5.7162296E-02
+1.3796001E+02	-7.5639009E-02	+6.6236392E-02
+1.3802000E+02	-6.7659311E-02	+7.4458674E-02
+1.3808000E+02	-5.8793105E-02	+8.1721954E-02
+1.3814000E+02	-4.9155381E-02	+8.7931611E-02
+1.3820000E+02	-3.8871050E-02	+9.3006738E-02
+1.3825999E+02	-2.8073320E-02	+9.6881233E-02
+1.3832001E+02	-1.6902126E-02	+9.9504545E-02
+1.3838000E+02	-5.5020801E-03	+1.0084245E-01
+1.3844000E+02	+5.9793084E-03	+1.0087735E-01
+1.3850000E+02	+1.7393503E-02	+9.9608555E-02
+1.3856000E+02	+2.8592946E-02	+9.7052231E-02
+1.3862000E+02	+3.9432887E-02	+9.3241192E-02
+1.3867999E+02	+4.9773388E-02	+8.8224456E-02
+1.3874001E+02	+5.9480995E-02	+8.2066558E-02
+1.3880000E+02	+6.8430491E-02	+7.4846767E-02
+1.3886000E+02	+7.6506495E-02	+6.6657938E-02
+1.3892000E+02	+8.3605014E-02	+5.7605382E-02
+1.3898000E+02	+8.9634649E-02	+4.7805466E-02
+1.3903999E+02	+9.4517820E-02	+3.7384097E-02
+1.3910001E+02	+9.8191768E-02	+2.6475072E-02
+1.3916000E+02	+1.0060927E-01	+1.5218371E-02
+1.3922000E+02	+1.0173927E-01	+3.7583432E-03
+1.3928000E+02	+1.0156725E-01	-7.7581578E-03
+1.3934000E+02	+1.0009541E-01	-1.9183660E-02
+1.3939999E+02	+9.7342573E-02	-3.0371960E-02
+1.3946001E+02	+9.3343928E-02	-4.1180003E-02
+1.3952000E+02	+8.8150583E-02	-5.1469684E-02
+1.3958000E+02	+8.1828862E-02	-6.1109655E-02
+1.3964000E+02	+7.4459463E-02	-6.9976918E-02
+1.3970000E+02	+6.6136375E-02	-7.7958472E-02
+1.3975999E+02	+5.6965657E-02	-8.4952667E-02
+1.3982001E+02	+4.7064096E-02	-9.0870507E-02
+1.3988000E+02	+3.6557689E-02	-9.5636763E-02
+1.3994000E+02	+2.5580036E-02	-9.9190935E-02
+1.4000000E+02	+1.4270585E-02	-1.0148793E-01
+1.4006000E+02	+2.7729417E-03	-1.0249871E-01
+1.4012000E+02	-8.7670935E-03	-1.0221053E-01
+1.4017999E+02	-2.0203223E-02	-1.0062714E-01
+1.4024001E+02	-3.1390633E-02	-9.7768717E-02
+1.4030000E+02	-4.2187750E-02	-9.3671508E-02
+1.4036000E+02	-5.2458048E-02	-8.8387445E-02
+1.4042000E+02	-6.2071808E-02	-8.1983432E-02
+1.4048000E+02	-7.0907682E-02	-7.4540399E-02
+1.4053999E+02	-7.8854233E-02	-6.6152401E-02
+1.4060001E+02	-8.5811302E-02	-5.6925278E-02
+1.4066000E+02	-9.1691382E-02	-4.6975341E-02
+1.4072000E+02	-9.6420445E-02	-3.6428005E-02
+1.4078000E+02	-9.9939145E-02	-2.5415974E-02
+1.4084000E+02	-1.0220332E-01	-1.4077796E-02
+1.4089999E+02	-1.0318463E-01	-2.5559743E-03
+1.4096001E+02	-1.0287083E-01	+9.0048658E-03
+1.4102000E+02	-1.0126600E-01	+2.0459598E-02
+1.4108000E+02	-9.8390333E-02	+3.1664662E-02
+1.4114000E+02	-9.4279952E-02	+4.2479631E-02
+1.4120000E+02	-8.8986419E-02	+5.2769117E-02
+1.4125999E+02	-8.2576022E-02	+6.2404420E-02
+1.4132001E+02	-7.5128973E-02	+7.1265116E-02
+1.4138000E+02	-6.6738434E-02	+7.9240479E-02
+1.4144000E+02	-5.7509124E-02	+8.6231001E-02
+1.4150000E+02	-4.7556348E-02	+9.2149459E-02
+1.4156000E+02	-3.7004203E-02	+9.6922100E-02
+1.4162000E+02	-2.5984161E-02	+1.0048947E-01
+1.4167999E+02	-1.4633517E-02	+1.0280715E-01
+1.4174001E+02	-3.0935330E-03	+1.0384635E-01
+1.4180000E+02	+8.4922155E-03	+1.0359409E-01
+1.4186000E+02	+1.9979825E-02	+1.0205352E-01
+1.4192000E+02	+3.1226534E-02	+9.9243775E-02
+1.4198000E+02	+4.2092744E-02	+9.5199674E-02
+1.4203999E+02	+5.2443624E-02	+8.9971371E-02
+1.4210001E+02	+6.2150817E-02	+8.3623603E-02
+1.4216000E+02	+7.1094021E-02	+7.6234989E-02
+1.4222000E+02	+7.9162456E-02	+6.7896947E-02
+1.4228000E+02	+8.6256221E-02	+5.8712598E-02
+1.4234000E+02	+9.2287473E-02	+4.8795443E-02
+1.4239999E+02	+9.7181581E-02	+3.8268004E-02
+1.4246001E+02	+1.0087796E-01	+2.7260264E-02
+1.4252000E+02	+1.0333085E-01	+1.5908057E-02
+1.4258000E+02	+1.0450982E-01	+4.3514115E-03
+1.4264000E+02	+1.0440015E-01	-7.2671911E-03
+1.4270000E+02	+1.0300301E-01	-1.8804573E-02
+1.4275999E+02	+1.0033542E-01	-3.0118607E-02
+1.4282001E+02	+9.6429966E-02	-4.1069977E-02
+1.4288000E+02	+9.1334492E-02	-5.1523879E-02
+1.4294000E+02	+8.5111439E-02	-6.1351661E-02
+1.4300000E+02	+7.7837013E-02	-7.0432417E-02
+1.4306000E+02	+6.9600403E-02	-7.8654438E-02
+1.4312000E+02	+6.0502488E-02	-8.5916586E-02
+1.4317999E+02	+5.0654661E-02	-9.2129521E-02
+1.4324001E+02	+4.0177558E-02	-9.7216800E-02
+1.4330000E+02	+2.9199420E-02	-1.0111575E-01
+1.4336000E+02	+1.7854601E-02	-1.0377829E-01
+1.4342000E+02	+6.2819459E-03	-1.0517146E-01
+1.4348000E+02	-5.3769979E-03	-1.0527785E-01
+1.4353999E+02	-1.6979607E-02	-1.0409575E-01
+1.4360001E+02	-2.8383993E-02	-1.0163923E-01
+1.4366000E+02	-3.9450731E-02	-9.7937897E-02
+1.4372000E+02	-5.0044555E-02	-9.3036518E-02
+1.4378000E+02	-6.0035855E-02	-8.6994581E-02
+1.4384000E+02	-6.9302633E-02	-7.9885356E-02
+1.4389999E+02	-7.7731445E-02	-7.1795218E-02
+1.4396001E+02	-8.5219279E-02	-6.2822469E-02
+1.4402000E+02	-9.1674514E-02	-5.3076092E-02
+1.4408000E+02	-9.7018100E-02	-4.2674482E-02
+1.4414000E+02	-1.0118454E-01	-3.1744149E-02
+1.4420000E+02	-1.0412267E-01	-2.0417780E-02
+1.4425999E+02	-1.0579623E-01	-8.8331094E-03
+1.4432001E+02	-1.0618433E-01	+2.8691285E-03
+1.4438000E+02	-1.0528172E-01	+1.4546798E-02
+1.4444000E+02	-1.0309882E-01	+2.6057884E-02
+1.4450000E+02	-9.9661581E-02	+3.7262619E-02
+1.4456000E+02	-9.5011197E-02	+4.8024781E-02
+1.4462000E+02	-8.9203522E-02	+5.8213606E-02
+1.4467999E+02	-8.2308546E-02	+6.7705236E-02
+1.4474001E+02	-7.4409366E-02	+7.6384239E-02
+1.4480000E+02	-6.5601192E-02	+8.4145114E-02
+1.4486000E+02	-5.5990413E-02	+9.0893373E-02
+1.4492000E+02	-4.5693029E-02	+9.6546851E-02
+1.4498000E+02	-3.4833387E-02	+1.0103659E-01
+1.4503999E+02	-2.3542602E-02	+1.0430773E-01
+1.4510001E+02	-1.1957110E-02	+1.0632014E-01
+1.4516000E+02	-2.1677183E-04	+1.0704891E-01
+1.4522000E+02	+1.1536473E-02	+1.0648463E-01
+1.4528000E+02	+2.3160720E-02	+1.0463353E-01
+1.4534000E+02	+3.4515463E-02	+1.0151734E-01
+1.4539999E+02	+4.5463528E-02	+9.7173154E-02
+1.4546001E+02	+5.5872589E-02	+9.1652811E-02
+1.4552000E+02	+6.5616824E-02	+8.5022382E-02
+1.4558000E+02	+7.4578442E-02	+7.7361315E-02
+1.4564000E+02	+8.2649067E-02	+6.8761505E-02
+1.4570000E+02	+8.9731060E-02	+5.9326176E-02
+1.4575999E+02	+9.5738679E-02	+4.9168587E-02
+1.4582001E+02	+1.0059913E-01	+3.8410760E-02
+1.4588000E+02	+1.0425344E-01	+2.7181895E-02
+1.4594000E+02	+1.0665713E-01	+1.5616911E-02
+1.4600000E+02	+1.0778077E-01	+3.8547528E-03
+1.4606000E+02	+1.0761035E-01	-7.9632541E-03
+1.4612000E+02	+1.0614740E-01	-1.9695111E-02
+1.4617999E+02	+1.0340901E-01	-3.1199846E-02
+1.4624001E+02	+9.9427558E-02	-4.2339228E-02
+1.4630000E+02	+9.4250411E-02	-5.2979410E-02
+1.4636000E+02	+8.7939225E-02	-6.2992550E-02
+1.4642000E+02	+8.0569319E-02	-7.2258316E-02
+1.4648000E+02	+7.2228730E-02	-8.0665387E-02
+1.4653999E+02	+6.3017063E-02	-8.8112719E-02
+1.4660001E+02	+5.3044382E-02	-9.4510816E-02
+1.4666000E+02	+4.2429976E-02	-9.9782698E-02
+1.4672000E+02	+3.1300612E-02	-1.0386498E-01
+1.4678000E+02	+1.9789310E-02	-1.0670847E-01
+1.4684000E+02	+8.0337878E-03	-1.0827884E-01
+1.4689999E+02	-3.8256820E-03	-1.0855701E-01
+1.4696001E+02	-1.5647203E-02	-1.0753935E-01
+1.4702000E+02	-2.7289666E-02	-1.0523773E-01
+1.4708000E+02	-3.8613927E-02	-1.0167938E-01
+1.4714000E+02	-4.9484879E-02	-9.6906506E-02
+1.4720000E+02	-5.9772711E-02	-9.0975851E-02
+1.4725999E+02	-6.9354609E-02	-8.3957978E-02
+1.4732001E+02	-7.8116313E-02	-7.5936362E-02
+1.4738000E+02	-8.5953258E-02	-6.7006446E-02
+1.4744000E+02	-9.2772081E-02	-5.7274535E-02
+1.4750000E+02	-9.8491475E-02	-4.6856318E-02
+1.4756000E+02	-1.0304333E-01	-3.5875734E-02
+1.4762000E+02	-1.0637341E-01	-2.4463344E-02
+1.4767999E+02	-1.0844210E-01	-1.2754820E-02
+1.4774001E+02	-1.0922478E-01	-8.8925869E-04
+1.4780000E+02	-1.0871214E-01	+1.0992459E-02
+1.4786000E+02	-1.0691029E-01	+2.2749251E-02
+1.4792000E+02	-1.0384061E-01	+3.4241583E-02
+1.4798000E+02	-9.9539571E-02	+4.5333266E-02
+1.4803999E+02	-9.4058268E-02	+5.5892766E-02
+1.4810001E+02	-8.7461665E-02	+6.5795064E-02
+1.4816000E+02	-7.9828009E-02	+7.4922927E-02
+1.4822000E+02	-7.1247786E-02	+8.3168425E-02
+1.4828000E+02	-6.1822627E-02	+9.0434112E-02
+1.4834000E+02	-5.1664077E-02	+9.6634232E-02
+1.4839999E+02	-4.0892292E-02	+1.0169567E-01
+1.4846001E+02	-2.9634653E-02	+1.0555885E-01
+1.4852000E+02	-1.8024050E-02	+1.0817841E-01
+1.4858000E+02	-6.1977482E-03	+1.0952368E-01
+1.4864000E+02	+5.7048500E-03	+1.0957908E-01
+1.4870000E+02	+1.7543444E-02	+1.0834429E-01
+1.4875999E+02	+2.9178537E-02	+1.0583417E-01
+1.4882001E+02	+4.0473212E-02	+1.0207864E-01
+1.4888000E+02	+5.1294610E-02	+9.7122245E-02
+1.4894000E+02	+6.1515696E-02	+9.1023609E-02
+1.4900000E+02	+7.1016438E-02	+8.3854809E-02
+1.4906000E+02	+7.9685457E-02	+7.5700425E-02
+1.4912000E+02	+8.7421261E-02	+6.6656545E-02
+1.4917999E+02	+9.4133399E-02	+5.6829594E-02
+1.4924001E+02	+9.9743538E-02	+4.6335120E-02
+1.4930000E+02	+1.0418633E-01	+3.5296377E-02
+1.4936000E+02	+1.0741016E-01	+2.3842987E-02
+1.4942000E+02	+1.0937778E-01	+1.2109121E-02
+1.4948000E+02	+1.1006672E-01	+2.3223809E-04
+1.4953999E+02	+1.0946943E-01	-1.1648704E-02
+1.4960001E+02	+1.0759345E-01	-2.3394836E-02
+1.4966000E+02	+1.0446128E-01	-3.4869008E-02
+1.4972000E+02	+1.0011005E-01	-4.5937385E-02
+1.4978000E+02	+9.4591059E-02	-5.6471013E-02
+1.4984000E+02	+8.7969258E-02	-6.6347301E-02
+1.4989999E+02	+8.0322288E-02	-7.5451471E-02
+1.4996001E+02	+7.1739756E-02	-8.3677858E-02
+1.5002000E+02	+6.2321972E-02	-9.0931118E-02
+1.5008000E+02	+5.2178927E-02	-9.7127363E-02
+1.5014000E+02	+4.1428927E-02	-1.0219506E-01
+1.5020000E+02	+3.0197168E-02	-1.0607589E-01
+1.5025999E+02	+1.8614329E-02	-1.0872539E-01
+1.5032001E+02	+6.8149948E-03	-1.1011342E-01
+1.5038000E+02	-5.0638313E-03	-1.1022452E-01
+1.5044000E+02	-1.6884426E-02	-1.0905805E-01
+1.5050000E+02	-2.8509833E-02	-1.0662818E-01
+1.5056000E+02	-3.9805617E-02	-1.0296367E-01
+1.5062000E+02	-5.0641142E-02	-9.8107554E-02
+1.5067999E+02	-6.0891438E-02	-9.2116594E-02
+1.5074001E+02	-7.0438191E-02	-8.5060604E-02
+1.5080000E+02	-7.9171546E-02	-7.7021651E-02
+1.5086000E+02	-8.6991034E-02	-6.8093002E-02
+1.5092000E+02	-9.3806960E-02	-5.8378112E-02
+1.5098000E+02	-9.9541120E-02	-4.7989417E-02
+1.5103999E+02	-1.0412798E-01	-3.7046980E-02
+1.5110001E+02	-1.0751525E-01	-2.5677098E-02
+1.5116000E+02	-1.0966448E-01	-1.4010859E-02
+1.5122000E+02	-1.1055152E-01	-2.1826518E-03
+1.5128000E+02	-1.1016676E-01	+9.6714348E-03
+1.5134000E+02	-1.0851515E-01	+2.1415122E-02
+1.5139999E+02	-1.0561621E-01	+3.2913610E-02
+1.5146001E+02	-1.0150381E-01	+4.4034909E-02
+1.5152000E+02	-9.6225560E-02	+5.4651611E-02
+1.5158000E+02	-8.9842536E-02	+6.4642139E-02
+1.5164000E+02	-8.2428306E-02	+7.3892206E-02
+1.5170000E+02	-7.4068204E-02	+8.2296096E-02
+1.5175999E+02	-6.4858310E-02	+8.9757942E-02
+1.5182001E+02	-5.4904383E-02	+9.6192591E-02
+1.5188000E+02	-4.4320509E-02	+1.0152683E-01
+1.5194000E+02	-3.3227976E-02	+1.0570000E-01
+1.5200000E+02	-2.1753659E-02	+1.0866479E-01
+1.5206000E+02	-1.0028773E-02	+1.1038768E-01
+1.5212000E+02	+1.8127563E-03	+1.1084935E-01
+1.5217999E+02	+1.3635715E-02	+1.1004487E-01
+1.5224001E+02	+2.5305202E-02	+1.0798373E-01
+1.5230000E+02	+3.6688238E-02	+1.0468975E-01
+1.5236000E+02	+4.7655132E-02	+1.0020072E-01
+1.5242000E+02	+5.8081008E-02	+9.4568081E-02
+1.5248000E+02	+6.7847237E-02	+8.7856136E-02
+1.5253999E+02	+7.6842777E-02	+8.0141529E-02
+1.5260001E+02	+8.4965363E-02	+7.1512170E-02
+1.5266000E+02	+9.2122734E-02	+6.2066361E-02
+1.5272000E+02	+9.8233618E-02	+5.1911592E-02
+1.5278000E+02	+1.0322869E-01	+4.1163363E-02
+1.5284000E+02	+1.0705129E-01	+2.9943841E-02
+1.5289999E+02	+1.0965810E-01	+1.8380497E-02
+1.5296001E+02	+1.1101957E-01	+6.6046244E-03
+1.5302000E+02	+1.1112032E-01	-5.2501112E-03
+1.5308000E+02	+1.0995924E-01	-1.7049208E-02
+1.5314000E+02	+1.0754947E-01	-2.8658841E-02
+1.5320000E+02	+1.0391838E-01	-3.9947379E-02
+1.5325999E+02	+9.9107064E-02	-5.0786860E-02
+1.5332001E+02	+9.3170024E-02	-6.1054446E-02
+1.5338000E+02	+8.6174428E-02	-7.0633776E-02
+1.5344000E+02	+7.8199431E-02	-7.9416357E-02
+1.5350000E+02	+6.9335237E-02	-8.7302677E-02
+1.5356000E+02	+5.9682131E-02	-9.4203383E-02
+1.5362000E+02	+4.9349204E-02	-1.0004030E-01
+1.5367999E+02	+3.8453247E-02	-1.0474727E-01
+1.5374001E+02	+2.7117474E-02	-1.0827090E-01
+1.5380000E+02	+1.5469966E-02	-1.1057118E-01
+1.5386000E+02	+3.6422780E-03	-1.1162193E-01
+1.5392000E+02	-8.2318811E-03	-1.1141106E-01
+1.5398000E+02	-2.0018416E-02	-1.0994072E-01
+1.5403999E+02	-3.1584125E-02	-1.0722729E-01
+1.5410001E+02	-4.2798385E-02	-1.0330117E-01
+1.5416000E+02	-5.3534508E-02	-9.8206438E-02
+1.5422000E+02	-6.3671179E-02	-9.2000373E-02
+1.5428000E+02	-7.3093846E-02	-8.4752776E-02
+1.5434000E+02	-8.1696056E-02	-7.6545149E-02
+1.5439999E+02	-8.9380577E-02	-6.7469947E-02
+1.5446001E+02	-9.6060507E-02	-5.7629287E-02
+1.5452000E+02	-1.0166027E-01	-4.7133945E-02
+1.5458000E+02	-1.0611647E-01	-3.6102146E-02
+1.5464000E+02	-1.0937861E-01	-2.4658073E-02
+1.5470000E+02	-1.1140963E-01	-1.2930657E-02
+1.5475999E+02	-1.1218634E-01	-1.0519925E-03
+1.5482001E+02	-1.1169968E-01	+1.0844109E-02
+1.5488000E+02	-1.0995483E-01	+2.2623714E-02
+1.5494000E+02	-1.0697115E-01	+3.4154065E-02
+1.5500000E+02	-1.0278197E-01	+4.5305241E-02
+1.5506000E+02	-9.7434148E-02	+5.5951640E-02
+1.5512000E+02	-9.0987623E-02	+6.5973319E-02
+1.5517999E+02	-8.3514757E-02	+7.5257272E-02
+1.5524001E+02	-7.5099401E-02	+8.3698913E-02
+1.5530000E+02	-6.5836087E-02	+9.1203064E-02
+1.5536000E+02	-5.5828772E-02	+9.7685166E-02
+1.5542000E+02	-4.5189954E-02	+1.0307210E-01
+1.5548000E+02	-3.4039136E-02	+1.0730312E-01
+1.5553999E+02	-2.2501597E-02	+1.1033043E-01
+1.5560001E+02	-1.0706972E-02	+1.1211985E-01
+1.5566000E+02	+1.2121705E-03	+1.1265109E-01
+1.5572000E+02	+1.3121895E-02	+1.1191804E-01
+1.5578000E+02	+2.4888517E-02	+1.0992879E-01
+1.5584000E+02	+3.6379736E-02	+1.0670558E-01
+1.5589999E+02	+4.7466524E-02	+1.0228452E-01
+1.5596001E+02	+5.8024365E-02	+9.6715152E-02
+1.5602000E+02	+6.7934737E-02	+9.0059996E-02
+1.5608000E+02	+7.7086397E-02	+8.2393683E-02
+1.5614000E+02	+8.5376672E-02	+7.3802270E-02
+1.5620000E+02	+9.2712551E-02	+6.4382136E-02
+1.5625999E+02	+9.9011816E-02	+5.4238979E-02
+1.5632001E+02	+1.0420393E-01	+4.3486565E-02
+1.5638000E+02	+1.0823075E-01	+3.2245483E-02
+1.5644000E+02	+1.1104729E-01	+2.0641765E-02
+1.5650000E+02	+1.1262216E-01	+8.8054687E-03
+1.5656000E+02	+1.1293791E-01	-3.1307915E-03
+1.5662000E+02	+1.1199125E-01	-1.5033337E-02
+1.5667999E+02	+1.0979301E-01	-2.6768936E-02
+1.5674001E+02	+1.0636812E-01	-3.8206287E-02
+1.5680000E+02	+1.0175522E-01	-4.9217511E-02
+1.5686000E+02	+9.6006200E-02	-5.9679572E-02
+1.5692000E+02	+8.9185715E-02	-6.9475681E-02
+1.5698000E+02	+8.1370391E-02	-7.8496560E-02
+1.5703999E+02	+7.2647892E-02	-8.6641707E-02
+1.5710001E+02	+6.3115992E-02	-9.3820497E-02
+1.5716000E+02	+5.2881476E-02	-9.9953182E-02
+1.5722000E+02	+4.2058911E-02	-1.0497179E-01
+1.5728000E+02	+3.0769294E-02	-1.0882086E-01
+1.5734000E+02	+1.9138772E-02	-1.1145805E-01
+1.5739999E+02	+7.2972327E-03	-1.1285461E-01
+1.5746001E+02	-4.6233027E-03	-1.1299570E-01
+1.5752000E+02	-1.6489981E-02	-1.1188047E-01
+1.5758000E+02	-2.8170712E-02	-1.0952212E-01
+1.5764000E+02	-3.9535571E-02	-1.0594772E-01
+1.5770000E+02	-5.0458390E-02	-1.0119781E-01
+1.5775999E+02	-6.0817998E-02	-9.5326066E-02
+1.5782001E+02	-7.0499659E-02	-8.8398561E-02
+1.5788000E+02	-7.9396337E-02	-8.0493085E-02
+1.5794000E+02	-8.7409861E-02	-7.1698114E-02
+1.5800000E+02	-9.4452016E-02	-6.2112026E-02
+1.5806000E+02	-1.0044550E-01	-5.1841788E-02
+1.5812000E+02	-1.0532472E-01	-4.1001868E-02
+1.5817999E+02	-1.0903659E-01	-2.9712936E-02
+1.5824001E+02	-1.1154110E-01	-1.8100370E-02
+1.5830000E+02	-1.1281160E-01	-6.2930430E-03
+1.5836000E+02	-1.1283523E-01	+5.5782492E-03
+1.5842000E+02	-1.1161292E-01	+1.7382173E-02
+1.5848000E+02	-1.0915945E-01	+2.8988263E-02
+1.5853999E+02	-1.0550312E-01	+4.0268652E-02
+1.5860001E+02	-1.0068553E-01	+5.1099069E-02
+1.5866000E+02	-9.4761081E-02	+6.1360516E-02
+1.5872000E+02	-8.7796256E-02	+7.0940465E-02
+1.5878000E+02	-7.9868890E-02	+7.9734080E-02
+1.5884000E+02	-7.1067400E-02	+8.7645374E-02
+1.5889999E+02	-6.1489616E-02	+9.4588250E-02
+1.5896001E+02	-5.1241711E-02	+1.0048743E-01
+1.5902000E+02	-4.0437121E-02	+1.0527923E-01
+1.5908000E+02	-2.9195208E-02	+1.0891228E-01
+1.5914000E+02	-1.7639868E-02	+1.1134803E-01
+1.5920000E+02	-5.8983015E-03	+1.1256112E-01
+1.5925999E+02	+5.9005762E-03	+1.1253971E-01
+1.5932001E+02	+1.7627373E-02	+1.1128543E-01
+1.5938000E+02	+2.9153716E-02	+1.0881348E-01
+1.5944000E+02	+4.0353741E-02	+1.0515237E-01
+1.5950000E+02	+5.1105291E-02	+1.0034351E-01
+1.5956000E+02	+6.1291385E-02	+9.4440833E-02
+1.5962000E+02	+7.0801385E-02	+8.7510109E-02
+1.5967999E+02	+7.9532273E-02	+7.9628199E-02
+1.5974001E+02	+8.7389708E-02	+7.0882216E-02
+1.5980000E+02	+9.4289020E-02	+6.1368506E-02
+1.5986000E+02	+1.0015613E-01	+5.1191647E-02
+1.5992000E+02	+1.0492833E-01	+4.0463213E-02
+1.5998000E+02	+1.0855492E-01	+2.9300597E-02
+1.6003999E+02	+1.1099775E-01	+1.7825695E-02
+1.6010001E+02	+1.1223157E-01	+6.1635938E-03
+1.6016000E+02	+1.1224430E-01	-5.5588097E-03
+1.6022000E+02	+1.1103712E-01	-1.7214175E-02
+1.6028000E+02	+1.0862441E-01	-2.8676104E-02
+1.6034000E+02	+1.0503363E-01	-3.9820496E-02
+1.6039999E+02	+1.0030487E-01	-5.0526880E-02
+1.6046001E+02	+9.4490513E-02	-6.0679726E-02
+1.6052000E+02	+8.7654553E-02	-7.0169657E-02
+1.6058000E+02	+7.9871923E-02	-7.8894615E-02
+1.6064000E+02	+7.1227729E-02	-8.6760946E-02
+1.6070000E+02	+6.1816156E-02	-9.3684398E-02
+1.6075999E+02	+5.1739529E-02	-9.9591002E-02
+1.6082001E+02	+4.1107289E-02	-1.0441785E-01
+1.6088000E+02	+3.0034609E-02	-1.0811368E-01
+1.6094000E+02	+1.8641286E-02	-1.1063957E-01
+1.6100000E+02	+7.0504704E-03	-1.1196914E-01
+1.6106000E+02	-4.6128058E-03	-1.1208890E-01
+1.6112000E+02	-1.6222781E-02	-1.1099846E-01
+1.6117999E+02	-2.7654497E-02	-1.0871032E-01
+1.6124001E+02	-3.8784992E-02	-1.0524985E-01
+1.6130000E+02	-4.9494602E-02	-1.0065501E-01
+1.6136000E+02	-5.9668433E-02	-9.4975822E-02
+1.6142000E+02	-6.9197312E-02	-8.8273942E-02
+1.6148000E+02	-7.7979036E-02	-8.0621943E-02
+1.6153999E+02	-8.5919641E-02	-7.2102442E-02
+1.6160001E+02	-9.2934124E-02	-6.2807351E-02
+1.6166000E+02	-9.8947480E-02	-5.2836798E-02
+1.6172000E+02	-1.0389546E-01	-4.2298030E-02
+1.6178000E+02	-1.0772524E-01	-3.1304449E-02
+1.6184000E+02	-1.1039601E-01	-1.9974107E-02
+1.6189999E+02	-1.1187936E-01	-8.4287059E-03
+1.6196001E+02	-1.1215958E-01	+3.2078237E-03
+1.6202000E+02	-1.1123384E-01	+1.4810700E-02
+1.6208000E+02	-1.0911223E-01	+2.6255377E-02
+1.6214000E+02	-1.0581753E-01	+3.7419163E-02
+1.6220000E+02	-1.0138516E-01	+4.8182294E-02
+1.6225999E+02	-9.5862605E-02	+5.8429465E-02
+1.6232001E+02	-8.9309119E-02	+6.8050653E-02
+1.6238000E+02	-8.1794828E-02	+7.6942742E-02
+1.6244000E+02	-7.3400237E-02	+8.5010290E-02
+1.6250000E+02	-6.4215176E-02	+9.2166707E-02
+1.6256000E+02	-5.4338042E-02	+9.8335095E-02
+1.6262000E+02	-4.3874603E-02	+1.0344917E-01
+1.6267999E+02	-3.2936901E-02	+1.0745384E-01
+1.6274001E+02	-2.1642093E-02	+1.1030588E-01
+1.6280000E+02	-1.0111188E-02	+1.1197443E-01
+1.6286000E+02	+1.5322738E-03	+1.1244122E-01
+1.6292000E+02	+1.3163391E-02	+1.1170086E-01
+1.6298000E+02	+2.4657452E-02	+1.0976089E-01
+1.6303999E+02	+3.5891112E-02	+1.0664167E-01
+1.6310001E+02	+4.6743721E-02	+1.0237623E-01
+1.6316000E+02	+5.7098769E-02	+9.7009867E-02
+1.6322000E+02	+6.6844903E-02	+9.0599708E-02
+1.6328000E+02	+7.5877264E-02	+8.3214119E-02
+1.6334000E+02	+8.4098600E-02	+7.4931942E-02
+1.6339999E+02	+9.1420300E-02	+6.5841690E-02
+1.6346001E+02	+9.7763330E-02	+5.6040615E-02
+1.6352000E+02	+1.0305912E-01	+4.5633629E-02
+1.6358000E+02	+1.0725035E-01	+3.4732249E-02
+1.6364000E+02	+1.1029146E-01	+2.3453353E-02
+1.6370000E+02	+1.1214925E-01	+1.1917956E-02
+1.6375999E+02	+1.1280322E-01	+2.4991372E-04
+1.6382001E+02	+1.1224582E-01	-1.1425418E-02
+1.6388000E+02	+1.1048249E-01	-2.2982525E-02
+1.6394000E+02	+1.0753170E-01	-3.4297086E-02
+1.6400000E+02	+1.0342465E-01	-4.5247313E-02
+1.6406000E+02	+9.8205067E-02	-5.5715319E-02
+1.6412000E+02	+9.1928750E-02	-6.5588154E-02
+1.6417999E+02	+8.4662743E-02	-7.4759513E-02
+1.6424001E+02	+7.6484933E-02	-8.3130412E-02
+1.6430000E+02	+6.7483112E-02	-9.0610430E-02
+1.6436000E+02	+5.7753894E-02	-9.7118840E-02
+1.6442000E+02	+4.7401853E-02	-1.0258527E-01
+1.6448000E+02	+3.6538299E-02	-1.0695063E-01
+1.6453999E+02	+2.5280137E-02	-1.1016766E-01
+1.6460001E+02	+1.3748583E-02	-1.1220149E-01
+1.6466000E+02	+2.0678989E-03	-1.1303007E-01
+1.6472000E+02	-9.6361879E-03	-1.1264436E-01
+1.6478000E+02	-2.1237615E-02	-1.1104842E-01
+1.6484000E+02	-3.2611210E-02	-1.0825947E-01
+1.6489999E+02	-4.3634523E-02	-1.0430754E-01
+1.6496001E+02	-5.4188784E-02	-9.9235341E-02
+1.6502000E+02	-6.4160265E-02	-9.3097657E-02
+1.6508000E+02	-7.3441625E-02	-8.5960835E-02
+1.6514000E+02	-8.1933029E-02	-7.7901967E-02
+1.6520000E+02	-8.9543119E-02	-6.9008157E-02
+1.6525999E+02	-9.6190259E-02	-5.9375502E-02
+1.6532001E+02	-1.0180311E-01	-4.9108122E-02
+1.6538000E+02	-1.0632170E-01	-3.8316865E-02
+1.6544000E+02	-1.0969788E-01	-2.7118262E-02
+1.6550000E+02	-1.1189590E-01	-1.5633138E-02
+1.6556000E+02	-1.1289282E-01	-3.9854175E-03
+1.6562000E+02	-1.1267871E-01	+7.6994007E-03
+1.6567999E+02	-1.1125678E-01	+1.9295547E-02
+1.6574001E+02	-1.0864326E-01	+3.0678209E-02
+1.6580000E+02	-1.0486735E-01	+4.1725118E-02
+1.6586000E+02	-9.9970698E-02	+5.2317742E-02
+1.6592000E+02	-9.4007060E-02	+6.2342647E-02
+1.6598000E+02	-8.7041751E-02	+7.1692586E-02
+1.6603999E+02	-7.9150625E-02	+8.0267899E-02
+1.6610001E+02	-7.0419624E-02	+8.7977350E-02
+1.6616000E+02	-6.0943566E-02	+9.4739191E-02
+1.6622000E+02	-5.0825126E-02	+1.0048214E-01
+1.6628000E+02	-4.0173717E-02	+1.0514595E-01
+1.6634000E+02	-2.9104337E-02	+1.0868218E-01
+1.6639999E+02	-1.7736336E-02	+1.1105459E-01
+1.6646001E+02	-6.1918274E-03	+1.1223962E-01
+1.6652000E+02	+5.4051243E-03	+1.1222652E-01
+1.6658000E+02	+1.6930530E-02	+1.1101741E-01
+1.6664000E+02	+2.8261188E-02	+1.0862736E-01
+1.6670000E+02	+3.9276242E-02	+1.0508404E-01
+1.6675999E+02	+4.9858820E-02	+1.0042743E-01
+1.6682001E+02	+5.9896782E-02	+9.4709337E-02
+1.6688000E+02	+6.9284044E-02	+8.7992936E-02
+1.6694000E+02	+7.7922001E-02	+8.0351762E-02
+1.6700000E+02	+8.5720181E-02	+7.1869157E-02
+1.6706000E+02	+9.2597440E-02	+6.2637106E-02
+1.6712000E+02	+9.8482676E-02	+5.2755442E-02
+1.6717999E+02	+1.0331557E-01	+4.2330574E-02
+1.6724001E+02	+1.0704722E-01	+3.1474371E-02
+1.6730000E+02	+1.0964061E-01	+2.0302944E-02
+1.6736000E+02	+1.1107095E-01	+8.9353938E-03
+1.6742000E+02	+1.1132587E-01	-2.5074950E-03
+1.6748000E+02	+1.1040553E-01	-1.3904542E-02
+1.6753999E+02	+1.0832250E-01	-2.5135458E-02
+1.6760001E+02	+1.0510170E-01	-3.6082126E-02
+1.6766000E+02	+1.0077988E-01	-4.6629839E-02
+1.6772000E+02	+9.5405377E-02	-5.6668516E-02
+1.6778000E+02	+8.9037396E-02	-6.6093825E-02
+1.6784000E+02	+8.1745408E-02	-7.4808247E-02
+1.6789999E+02	+7.3608339E-02	-8.2722113E-02
+1.6796001E+02	+6.4713739E-02	-8.9754470E-02
+1.6802000E+02	+5.5156715E-02	-9.5833898E-02
+1.6808000E+02	+4.5039002E-02	-1.0089922E-01
+1.6814000E+02	+3.4467835E-02	-1.0490005E-01
+1.6820000E+02	+2.3554793E-02	-1.0779736E-01
+1.6825999E+02	+1.2414595E-02	-1.0956369E-01
+1.6832001E+02	+1.1638644E-03	-1.1018351E-01
+1.6838000E+02	-1.0079885E-02	-1.0965320E-01
+1.6844000E+02	-2.1199856E-02	-1.0798115E-01
+1.6850000E+02	-3.2080751E-02	-1.0518750E-01
+1.6856000E+02	-4.2610288E-02	-1.0130395E-01
+1.6862000E+02	-5.2680064E-02	-9.6373327E-02
+1.6867999E+02	-6.2186882E-02	-9.0449154E-02
+1.6874001E+02	-7.1033716E-02	-8.3594978E-02
+1.6880000E+02	-7.9130515E-02	-7.5883694E-02
+1.6886000E+02	-8.6395331E-02	-6.7396797E-02
+1.6892000E+02	-9.2754960E-02	-5.8223490E-02
+1.6898000E+02	-9.8145708E-02	-4.8459694E-02
+1.6903999E+02	-1.0251398E-01	-3.8207162E-02
+1.6910001E+02	-1.0581674E-01	-2.7572280E-02
+1.6916000E+02	-1.0802200E-01	-1.6665092E-02
+1.6922000E+02	-1.0910900E-01	-5.5981083E-03
+1.6928000E+02	-1.0906845E-01	+5.5147819E-03
+1.6934000E+02	-1.0790254E-01	+1.6559541E-02
+1.6939999E+02	-1.0562488E-01	+2.7423041E-02
+1.6946001E+02	-1.0226031E-01	+3.7994232E-02
+1.6952000E+02	-9.7844727E-02	+4.8165273E-02
+1.6958000E+02	-9.2424534E-02	+5.7832558E-02
+1.6964000E+02	-8.6056255E-02	+6.6897750E-02
+1.6970000E+02	-7.8805953E-02	+7.5268738E-02
+1.6975999E+02	-7.0748486E-02	+8.2860596E-02
+1.6982001E+02	-6.1966721E-02	+8.9596413E-02
+1.6988000E+02	-5.2550923E-02	+9.5407873E-02
+1.6994000E+02	-4.2597495E-02	+1.0023619E-01
+1.7000000E+02	-3.2208402E-02	+1.0403243E-01
