#Parameters = {M=2; N=57.75; a=0.4; b=0.81; d=1.0125; er=3; g=0.01; p=0.8; srr=0.0025; wgr6=1.625}
#"Frequency / GHz"	"S1,1 [Magnitude / dB]"
#-----------------------------------------
60.000000000000	-38.816933866425
60.110000610352	-39.877351995370
60.220001220703	-41.372222075157
60.330001831055	-42.082947507572
60.439998626709	-41.148845030549
60.549999237061	-39.745517484588
60.659999847412	-38.922042631653
60.770000457764	-38.968208581565
60.880001068115	-39.898107296301
60.990001678467	-41.450225414878
61.099998474121	-42.543048386011
61.209999084473	-41.863785043263
61.319999694824	-40.343315253823
61.430000305176	-39.300872594668
61.540000915527	-39.139218445057
61.650001525879	-39.909762132571
61.759998321533	-41.452633404455
61.869998931885	-42.888240396676
61.979999542236	-42.573646142839
62.090000152588	-40.984920726674
62.200000762939	-39.718583368094
62.310001373291	-39.335306625930
62.419998168945	-39.922716677799
62.529998779297	-41.396989489294
62.639999389648	-43.103227585557
62.750000000000	-43.253089270063
62.860000610352	-41.670469275086
62.970001220703	-40.179387119694
63.080001831055	-39.561299790387
63.189998626709	-39.945785835704
63.299999237061	-41.301745496687
63.409999847412	-43.185612966829
63.520000457764	-43.867668702905
63.630001068115	-42.397451761945
63.740001678467	-40.687619622862
63.849998474121	-39.821768478324
63.959999084473	-39.986387749736
64.069999694824	-41.184232262100
64.180000305176	-43.146753894286
64.290000915527	-44.375833059599
64.400001525879	-43.158652276098
64.510002136230	-41.247613113514
64.620002746582	-40.121123013445
64.730003356934	-40.050698526662
64.839996337891	-41.059436519934
64.949996948242	-43.008585530952
65.059997558594	-44.735977765634
65.169998168945	-43.939273866863
65.279998779297	-41.863631971404
65.389999389648	-40.463870536869
65.500000000000	-40.144006469288
65.610000610352	-40.939683279935
65.720001220703	-42.798168844132
65.830001831055	-44.917741259310
65.940002441406	-44.712615836897
66.050003051758	-42.539302029199
66.160003662109	-40.854655193163
66.269996643066	-40.270852697681
66.379997253418	-40.834653541200
66.489997863770	-42.542449780413
66.599998474121	-44.913073707599
66.709999084473	-45.436003267449
66.819999694824	-43.277035686617
66.930000305176	-41.298635550604
67.040000915527	-40.435457545046
67.150001525879	-40.751846618377
67.260002136230	-42.264824732058
67.370002746582	-44.739178097561
67.480003356934	-46.048632913468
67.589996337891	-44.076090385412
67.699996948242	-41.801553464901
67.809997558594	-40.641934627738
67.919998168945	-40.697081174188
68.029998779297	-41.983904865808
68.139999389648	-44.431956709089
68.250000000000	-46.478492579647
68.360000610352	-44.929313763328
68.470001220703	-42.370016316214
68.580001831055	-40.894726803962
68.690002441406	-40.675187567258
68.800003051758	-41.713882017654
68.910003662109	-44.034593901694
69.019996643066	-46.662876667486
69.129997253418	-45.816588780766
69.239997863770	-43.011030861040
69.349998474121	-41.198392189657
69.459999084473	-40.689947662706
69.569999694824	-41.464759976226
69.680000305176	-43.587068511158
69.790000915527	-46.576228561654
69.900001525879	-46.695853338944
70.010002136230	-43.732404377122
70.120002746582	-41.558366685612
70.230003356934	-40.744875960079
70.339996337891	-41.243618281996
70.449996948242	-43.121204736080
70.559997558594	-46.243299001711
70.669998168945	-47.490543299244
70.779998779297	-44.541565188092
70.889999389648	-41.981013352718
71.000000000000	-40.843312516721
71.110000610352	-41.055307187579
71.220001220703	-42.659692937466
71.330001831055	-45.725805964571
71.440002441406	-48.085170284403
71.550003051758	-45.443503449136
71.660003662109	-42.474156472326
71.769996643066	-40.988902646530
71.879997253418	-40.903358147072
71.989997863770	-42.217718093599
72.099998474121	-45.095417549187
72.209999084473	-48.350468070575
72.319999694824	-46.435254478003
72.430000305176	-43.047386215864
72.540000915527	-41.185748430421
72.650001525879	-40.790414583117
72.760002136230	-41.804773774361
72.870002746582	-44.412962336285
72.980003356934	-48.208024624345
73.089996337891	-47.493787751920
73.199996948242	-43.712565933652
73.309997558594	-41.438736828171
73.419998168945	-40.718655830952
73.529998779297	-41.426418875435
73.639999389648	-43.721261412185
73.750000000000	-47.684995860558
73.860000610352	-48.551660176762
73.970001220703	-44.484413293371
74.080001831055	-41.753997093540
74.190002441406	-40.690203701275
74.300003051758	-41.085707377753
74.410003662109	-43.046859250908
74.519996643066	-46.893197667700
74.629997253418	-49.459821819201
74.739997863770	-45.380490067155
74.849998474121	-42.139321095520
74.959999084473	-40.707350232685
75.069999694824	-40.784097271647
75.180000305176	-42.404412477381
75.290000915527	-45.959396377576
75.400001525879	-49.974656494571
75.510002136230	-46.419893460615
75.620002746582	-42.604941921216
75.730003356934	-40.772942951770
75.839996337891	-40.522259375719
75.949996948242	-41.801071117842
76.059997558594	-44.979061240048
76.169998168945	-49.864958270260
76.279998779297	-47.616845097096
76.389999389648	-43.164415255261
76.500000000000	-40.890560494145
76.610000610352	-40.300387741101
76.720001220703	-41.239292686428
76.830001831055	-44.008704189684
76.940002441406	-49.115080847211
77.050003051758	-48.958973690034
77.160003662109	-43.836063882619
77.269996643066	-41.064903105923
77.379997253418	-40.118542775169
77.489997863770	-40.718812137055
77.599998474121	-43.076211214527
77.709999084473	-47.939930048931
77.819999694824	-50.343756244099
77.930000305176	-44.645253295652
78.040000915527	-41.302356835187
78.150001525879	-39.976969719102
78.260002136230	-40.237930384648
78.370002746582	-42.192411126191
78.480003356934	-46.586255405121
78.589996337891	-51.442427737253
78.699996948242	-45.627437446796
78.809997558594	-41.611609946660
78.919998168945	-39.876206416597
79.029998779297	-39.794088265662
79.139999389648	-41.358742103793
79.250000000000	-45.209726348121
79.360000610352	-51.655523195125
79.470001220703	-46.832295566863
79.580001831055	-42.004736210579
79.690002441406	-39.817310938237
79.800003051758	-39.384288294546
79.910003662109	-40.571838119513
80.019996643066	-43.880512125835
80.129997253418	-50.660688962351
80.239997863770	-48.325913654669
80.349998474121	-42.498874787193
80.459999084473	-39.802058759725
80.569999694824	-39.005236610097
80.680000305176	-39.825842516705
80.790000915527	-42.620409246919
80.900001525879	-48.886654046445
81.010002136230	-50.171946431796
81.120002746582	-43.119097572809
81.230003356934	-39.833252094896
81.339996337891	-38.653412452433
81.449996948242	-39.113537301039
81.559997558594	-41.428673326221
81.669998168945	-46.894624800257
81.779998779297	-52.283043462766
81.889999389648	-43.903487170693
82.000000000000	-39.915160053036
82.110000610352	-38.325042419906
82.220001220703	-38.426803984524
82.330001831055	-40.294995568694
82.440002441406	-44.952256693119
82.550003051758	-53.768825219471
82.660003662109	-44.912695111444
82.769996643066	-40.054061954530
82.879997253418	-38.015862195122
82.989997863770	-37.756500779236
83.099998474121	-39.204865280670
83.209999084473	-43.128258161823
83.319999694824	-52.754503081650
83.430000305176	-46.250399339612
83.540000915527	-40.259420968159
83.650001525879	-37.720963076858
83.760002136230	-37.092230375002
83.870002746582	-38.141603592072
83.980003356934	-41.415932576188
84.089996337891	-49.815068317485
84.199996948242	-48.110286235894
84.309997558594	-40.545529108482
84.419998168945	-37.434267451922
84.529998779297	-36.421585341216
84.639999389648	-37.086426100308
84.750000000000	-39.785315564740
84.860000610352	-46.686492327519
84.970001220703	-50.899923714708
85.080001831055	-40.934882212224
85.190002441406	-37.147974251832
85.300003051758	-35.729226430259
85.410003662109	-36.017728997451
85.519996643066	-38.199703270053
85.629997253418	-43.837789672458
85.739997863770	-55.482705784633
85.849998474121	-41.463910659630
85.959999084473	-36.851053014023
86.069999694824	-34.994824776666
86.180000305176	-34.908863218986
86.290000915527	-36.618059623911
86.400001525879	-41.237598990639
86.510002136230	-58.186901560711
86.620002746582	-42.195884617366
86.730003356934	-36.527272667802
86.839996337891	-34.190269601921
86.949996948242	-33.725053394402
87.059997558594	-34.992801673143
87.169998168945	-38.776921923256
87.279998779297	-50.951888743105
87.389999389648	-43.248115079758
87.500000000000	-36.150386923958
87.610000610352	-33.273850798226
87.720001220703	-32.416981929880
87.830001831055	-33.262586119425
87.940002441406	-36.338659904009
88.050003051758	-45.137524622368
88.160003662109	-44.856182627192
88.269996643066	-35.674813758944
88.379997253418	-32.179583172916
88.489997863770	-30.908884091908
88.599998474121	-31.338464054759
88.709999084473	-33.788647609762
88.819999694824	-40.474959205111
88.930000305176	-47.443677330698
89.040000915527	-35.015028100802
89.150001525879	-30.795411866999
89.260002136230	-29.073545052444
89.370002746582	-29.073948487674
89.480003356934	-30.935705025828
89.589996337891	-36.098304363526
89.699996948242	-49.160976999154
89.809997558594	-33.999382659577
89.919998168945	-28.918066031049
90.029998779297	-26.677297634916
90.139999389648	-26.196053174984
90.250000000000	-27.439185257536
90.360000610352	-31.295158641330
90.470001220703	-41.187051955552
90.580001831055	-32.207499500113
90.690002441406	-26.132964066629
90.800003051758	-23.229527796006
90.910003662109	-22.109096997064
91.019996643066	-22.546347476369
91.129997253418	-24.942358382211
91.239997863770	-30.241368303788
91.349998474121	-27.772260765153
91.459999084473	-21.098232769732
91.569999694824	-17.106963280857
91.680000305176	-14.683776471192
91.790000915527	-13.344579839867
91.900001525879	-12.923249742361
92.010002136230	-13.431251892290
92.120002746582	-15.065628144818
92.230003356934	-18.331451799006
92.339996337891	-23.149801064196
92.449996948242	-20.301323325915
92.559997558594	-15.065210503945
92.669998168945	-11.754229127777
92.779998779297	-9.7086405673979
92.889999389648	-8.5392551789729
93.000000000000	-8.0642389552633
93.110000610352	-8.2010610934654
93.220001220703	-8.9177787755428
93.330001831055	-10.192550002828
93.440002441406	-11.913794180856
93.550003051758	-13.585718383668
93.660003662109	-14.106720856207
93.769996643066	-13.116118031170
93.879997253418	-11.655271058834
93.989997863770	-10.472089641415
94.099998474121	-9.7646897964015
94.209999084473	-9.5534530810850
94.319999694824	-9.8403198049210
94.430000305176	-10.658707296176
94.540000915527	-12.103611146577
94.650001525879	-14.377070479791
94.760002136230	-17.834234408188
94.870002746582	-22.086705800968
94.980003356934	-20.968980741693
95.089996337891	-16.734008151523
95.199996948242	-13.756020812302
95.309997558594	-11.879673393174
95.419998168945	-10.801197807752
95.529998779297	-10.362581633404
95.639999389648	-10.495000354469
95.750000000000	-11.186775357102
95.860000610352	-12.471421287842
95.970001220703	-14.415402885559
96.080001831055	-17.022310558947
96.190002441406	-19.624298571520
96.300003051758	-19.891784685151
96.410003662109	-17.782050615007
96.519996643066	-15.596836314937
96.629997253418	-13.983244783257
96.739997863770	-12.906304276971
96.849998474121	-12.267982896176
96.959999084473	-12.003838602872
97.069999694824	-12.089642153281
97.180000305176	-12.538493919683
97.290000915527	-13.400858371378
97.400001525879	-14.770949213421
97.510002136230	-16.797132568078
97.620002746582	-19.633738929917
97.730003356934	-22.739094990522
97.839996337891	-22.749374500792
97.949996948242	-19.756455362556
98.059997558594	-17.085332143542
98.169998168945	-15.248291265176
98.279998779297	-14.098683148509
98.389999389648	-13.498251677846
98.500000000000	-13.359007724958
98.610000610352	-13.629173359468
98.720001220703	-14.282956415129
98.830001831055	-15.317502231959
98.940002441406	-16.756004355141
99.050003051758	-18.652444812733
99.160003662109	-21.064471743362
99.269996643066	-23.776257619431
99.379997253418	-25.163805659307
99.489997863770	-23.433251974240
99.599998474121	-20.658529761512
99.709999084473	-18.298549811365
99.819999694824	-16.522671507767
99.930000305176	-15.269842319241
100.04000091553	-14.481579482096
100.15000152588	-14.125763544315
100.26000213623	-14.194078876420
100.37000274658	-14.700264732684
100.48000335693	-15.682827119282
100.58999633789	-17.212637336739
100.69999694824	-19.398789204907
100.80999755859	-22.320957947268
100.91999816895	-25.353251244724
101.02999877930	-25.560430505372
101.13999938965	-22.956261623741
101.25000000000	-20.410538440094
101.36000061035	-18.490800274704
101.47000122070	-17.090353950343
101.58000183105	-16.091589520917
101.69000244141	-15.430282585867
101.80000305176	-15.085191059775
101.91000366211	-15.064576482375
102.01999664307	-15.398155031243
102.12999725342	-16.135596755740
102.23999786377	-17.351965511831
102.34999847412	-19.159255599608
102.45999908447	-21.704908004078
102.56999969482	-24.960887652745
102.68000030518	-27.216748582434
102.79000091553	-25.560228126760
102.90000152588	-22.738283322753
103.01000213623	-20.539747667165
103.12000274658	-18.981875199959
103.23000335693	-17.891115680797
103.33999633789	-17.140990488759
103.44999694824	-16.660767459013
103.55999755859	-16.424685996239
103.66999816895	-16.440986886575
103.77999877930	-16.742827667524
103.88999938965	-17.383551350502
104.00000000000	-18.438972847300
104.11000061035	-20.019298518338
104.22000122070	-22.290820410817
104.33000183105	-25.458644812472
104.44000244141	-29.088453228802
104.55000305176	-29.294606983881
104.66000366211	-26.064813056650
104.76999664307	-23.245609394590
104.87999725342	-21.236344000105
104.98999786377	-19.806077112590
105.09999847412	-18.776060745614
105.20999908447	-18.042819878368
105.31999969482	-17.558526214220
105.43000030518	-17.314713650581
105.54000091553	-17.329658604544
105.65000152588	-17.639902174129
105.76000213623	-18.297456179738
105.87000274658	-19.374028277099
105.98000335693	-20.974204589630
106.08999633789	-23.258343122741
106.19999694824	-26.433153200743
106.30999755859	-30.135427877679
106.41999816895	-30.533018100455
106.52999877930	-27.256572077602
106.63999938965	-24.316884136250
106.75000000000	-22.172716245535
106.86000061035	-20.597963448885
106.97000122070	-19.424869781895
107.08000183105	-18.565035415874
107.19000244141	-17.982843203788
107.30000305176	-17.674401955546
107.41000366211	-17.653788014691
107.51999664307	-17.945674690521
107.62999725342	-18.583223849285
107.73999786377	-19.610287308646
107.84999847412	-21.087012862207
107.95999908447	-23.094906069024
108.06999969482	-25.708480988084
108.18000030518	-28.703836223490
108.29000091553	-30.326688991187
108.40000152588	-28.694080274436
108.51000213623	-26.024511673007
108.62000274658	-23.725976431863
108.73000335693	-21.916454773023
108.83999633789	-20.520777257958
108.94999694824	-19.481606102799
109.05999755859	-18.769323248392
109.16999816895	-18.370421522949
109.27999877930	-18.278813736109
109.38999938965	-18.491340998255
109.50000000000	-19.006114886426
109.61000061035	-19.823142390202
109.72000122070	-20.947874343884
109.83000183105	-22.399242498671
109.94000244141	-24.221849020256
110.05000305176	-26.484885308807
110.16000366211	-29.143287721678
110.26999664307	-31.205162137233
110.37999725342	-30.334122774322
110.48999786377	-27.557249877735
110.59999847412	-24.951704111466
110.70999908447	-22.932780557316
110.81999969482	-21.452114227766
110.93000030518	-20.422263038600
111.04000091553	-19.771147835654
111.15000152588	-19.440762845041
111.26000213623	-19.382043889850
111.37000274658	-19.553419782734
111.48000335693	-19.924376837435
111.58999633789	-20.483672074209
111.69999694824	-21.249983681226
111.80999755859	-22.282342212796
111.91999816895	-23.691311848156
112.02999877930	-25.658751343625
112.13999938965	-28.468172364284
112.25000000000	-32.313568047135
112.36000061035	-34.471737400891
112.47000122070	-31.098532845341
112.58000183105	-27.539277136929
112.69000244141	-25.043273865304
112.80000305176	-23.317429436361
112.91000366211	-22.113838111154
113.01999664307	-21.272890832544
113.12999725342	-20.691808433875
113.23999786377	-20.310047015611
113.34999847412	-20.103431401037
113.45999908447	-20.078549952401
113.56999969482	-20.264921263677
113.68000030518	-20.707250419035
113.79000091553	-21.461287429270
113.90000152588	-22.595564802308
114.01000213623	-24.200103561543
114.12000274658	-26.400639507783
114.23000335693	-29.344999986574
114.33999633789	-32.816757545331
114.44999694824	-34.187710778327
114.55999755859	-31.628974830986
114.66999816895	-28.631282347842
114.77999877930	-26.255191352029
114.88999938965	-24.408120830633
115.00000000000	-22.959871901086
115.11000061035	-21.840881971801
115.22000122070	-21.021050672392
115.33000183105	-20.488286743954
115.44000244141	-20.236008257588
115.55000305176	-20.257123785499
115.66000366211	-20.541788543060
115.76999664307	-21.077906145095
115.87999725342	-21.855039020039
115.98999786377	-22.873565400639
116.09999847412	-24.160714715398
116.20999908447	-25.793039870292
116.31999969482	-27.919332453208
116.43000030518	-30.730477934107
116.54000091553	-33.850188759876
116.65000152588	-33.989599098471
116.76000213623	-30.714102587001
116.87000274658	-27.632668269139
116.98000335693	-25.366495435291
117.08999633789	-23.755714250038
117.19999694824	-22.635864299601
117.30999755859	-21.886320671159
117.41999816895	-21.416540205397
117.52999877930	-21.158515918843
117.63999938965	-21.067530855010
117.75000000000	-21.126211404304
117.86000061035	-21.346184236527
117.97000122070	-21.764661618361
118.08000183105	-22.438285824000
118.19000244141	-23.439125645462
118.30000305176	-24.856610350044
118.41000366211	-26.805072503486
118.51999664307	-29.416457620735
118.62999725342	-32.639506199925
118.73999786377	-34.948906761084
118.84999847412	-33.594044495197
118.95999908447	-30.798007393882
119.06999969482	-28.403556664206
119.18000030518	-26.514634292881
119.29000091553	-25.003846160413
119.40000152588	-23.789142274679
119.51000213623	-22.837855924870
119.62000274658	-22.143077443718
119.73000335693	-21.705591248587
119.83999633789	-21.524108152856
119.94999694824	-21.591160601191
120.05999755859	-21.892354182306
120.16999816895	-22.408556569713
120.27999877930	-23.122337433354
120.38999938965	-24.030304402149
120.50000000000	-25.161176135306
120.61000061035	-26.597221679413
120.72000122070	-28.498762544284
120.83000183105	-31.130703912619
120.94000244141	-34.729729667358
121.05000305176	-37.322836765318
121.16000366211	-34.428137403944
121.26999664307	-30.705634346536
121.37999725342	-28.013824906340
121.48999786377	-26.128450192974
121.59999847412	-24.797646864149
121.70999908447	-23.851575113509
121.81999969482	-23.173976685015
121.93000030518	-22.687952797412
122.04000091553	-22.352734607398
122.15000152588	-22.161176714876
122.26000213623	-22.132529477971
122.37000274658	-22.301690344088
122.48000335693	-22.709508844693
122.58999633789	-23.397264500235
122.69999694824	-24.405768566823
122.80999755859	-25.778371470003
122.91999816895	-27.567421852990
123.02999877930	-29.840259151466
123.13999938965	-32.641473665245
123.25000000000	-35.592782277674
123.36000061035	-36.500444128202
123.47000122070	-34.124229194358
123.58000183105	-31.119388022538
123.69000244141	-28.595140156850
123.80000305176	-26.609084881312
123.91000366211	-25.086870563987
124.01999664307	-23.962019945401
124.12999725342	-23.180883361099
124.23999786377	-22.695563312513
124.34999847412	-22.459394190023
124.45999908447	-22.426632801079
124.56999969482	-22.557106591582
124.68000030518	-22.825411873601
124.79000091553	-23.231378876480
124.90000152588	-23.806573684436
125.01000213623	-24.614586551145
125.12000274658	-25.749141272859
125.23000335693	-27.338118435177
125.33999633789	-29.558749538916
125.44999694824	-32.629488169660
125.55999755859	-36.302481244436
125.66999816895	-37.135285262849
125.77999877930	-34.037977333744
125.88999938965	-31.070871075422
126.00000000000	-28.868318090014
126.11000061035	-27.199969594884
126.22000122070	-25.877631280008
126.33000183105	-24.802720308845
126.44000244141	-23.940330613102
126.55000305176	-23.290522098952
126.66000366211	-22.865523330720
126.76999664307	-22.675625879103
126.87999725342	-22.722452706881
126.98999786377	-22.996871639788
127.09999847412	-23.480242057759
127.20999908447	-24.149981362797
127.31999969482	-24.991550194076
127.43000030518	-26.017140087172
127.54000091553	-27.287170701222
127.65000152588	-28.930220377288
127.76000213623	-31.161987338285
127.87000274658	-34.258739375129
127.98000335693	-37.741677312314
128.08999633789	-37.244343608000
128.19999694824	-33.549527955839
128.30999755859	-30.522878084727
128.41999816895	-28.384713642039
128.52999877930	-26.870555877828
128.63999938965	-25.776456494150
128.75000000000	-24.961267964308
128.86000061035	-24.332682849184
128.97000122070	-23.843266078524
129.08000183105	-23.485501220974
129.19000244141	-23.279889357394
129.30000305176	-23.259359333043
129.41000366211	-23.456300307418
129.52000427246	-23.895043238325
129.63000488281	-24.588986934244
129.74000549316	-25.541120579593
129.85000610352	-26.749056409415
129.96000671387	-28.218806528944
130.07000732422	-29.992147884554
130.17999267578	-32.182855946465
130.28999328613	-34.959878772926
130.39999389648	-37.963471319084
130.50999450684	-38.060243101647
130.61999511719	-34.725326335250
130.72999572754	-31.508609000733
130.83999633789	-29.093309220052
130.94999694824	-27.339464370003
131.05999755859	-26.086316572078
131.16999816895	-25.209633541631
131.27999877930	-24.609778418943
131.38999938965	-24.205497345782
131.50000000000	-23.937585982328
131.61000061035	-23.776818393300
131.72000122070	-23.727459088671
131.83000183105	-23.821236741038
131.94000244141	-24.104862412842
132.05000305176	-24.628193779201
132.16000366211	-25.437466842794
132.27000427246	-26.573512024910
132.38000488281	-28.073388044649
132.49000549316	-29.974305246293
132.60000610352	-32.314936985031
132.71000671387	-35.082838285726
132.82000732422	-37.771964382115
132.92999267578	-38.240283412858
133.03999328613	-35.757898970251
133.14999389648	-32.761288635534
133.25999450684	-30.231274245104
133.36999511719	-28.241199915084
133.47999572754	-26.726770001320
133.58999633789	-25.618481112344
133.69999694824	-24.852285428247
133.80999755859	-24.365910058454
133.91999816895	-24.097048471532
134.02999877930	-23.987194352121
134.13999938965	-23.991828178152
134.25000000000	-24.093032389346
134.36000061035	-24.306476412034
134.47000122070	-24.677588142005
134.58000183105	-25.270418190027
134.69000244141	-26.157519074851
134.80000305176	-27.416189043054
134.91000366211	-29.130701083586
135.02000427246	-31.391871112651
135.13000488281	-34.243760615475
135.24000549316	-37.280674318333
135.35000610352	-38.456932225540
135.46000671387	-36.577252505974
135.57000732422	-33.912922310305
135.67999267578	-31.522433489651
135.78999328613	-29.504638074972
135.89999389648	-27.837564963244
136.00999450684	-26.506450567660
136.11999511719	-25.499076455551
136.22999572754	-24.796177079264
136.33999633789	-24.367708244116
136.44999694824	-24.172421177645
136.55999755859	-24.160631760811
136.66999816895	-24.282391933657
136.77999877930	-24.501964944832
136.88999938965	-24.813689007815
137.00000000000	-25.249859900112
137.11000061035	-25.875999045733
137.22000122070	-26.779810646875
137.33000183105	-28.064456280279
137.44000244141	-29.851369827823
137.55000305176	-32.283672593789
137.66000366211	-35.442072751837
137.77000427246	-38.563021838736
137.88000488281	-38.587458808253
137.99000549316	-35.972007431754
138.10000610352	-33.401811230140
138.21000671387	-31.289505124559
138.32000732422	-29.518163587146
138.42999267578	-28.011584465463
138.53999328613	-26.758032219613
138.64999389648	-25.769774035640
138.75999450684	-25.055249217390
138.86999511719	-24.608188626919
138.97999572754	-24.405372819352
139.08999633789	-24.408010003062
139.19999694824	-24.567150505865
139.30999755859	-24.835899919132
139.41999816895	-25.188185649798
139.52999877930	-25.635998834458
139.63999938965	-26.234262086757
139.75000000000	-27.072457286952
139.86000061035	-28.264597647975
139.97000122070	-29.949958720144
140.08000183105	-32.306022816071
140.19000244141	-35.518851325794
140.30000305176	-39.138278762504
140.41000366211	-39.631385497215
140.52000427246	-36.718716927033
140.63000488281	-33.958780822928
140.74000549316	-31.810815944285
140.85000610352	-30.058391737003
140.96000671387	-28.560248064493
141.07000732422	-27.278543180790
141.17999267578	-26.227598645745
141.28999328613	-25.430339548311
141.39999389648	-24.896846082924
141.50999450684	-24.617965841762
141.61999511719	-24.565146483304
141.72999572754	-24.693575365341
141.83999633789	-24.951002530690
141.94999694824	-25.295125558281
142.05999755859	-25.715695921254
142.16999816895	-26.248907620241
142.27999877930	-26.974997644148
142.38999938965	-28.006060380418
142.50000000000	-29.480501616714
142.61000061035	-31.574599686912
142.72000122070	-34.516626626916
142.83000183105	-38.347971250885
142.94000244141	-40.639582940062
143.05000305176	-38.156533061204
143.16000366211	-35.066844774164
143.27000427246	-32.707215644698
143.38000488281	-30.848062765495
143.49000549316	-29.275638902245
143.60000610352	-27.909293611614
143.71000671387	-26.752515009059
143.82000732422	-25.835614262535
143.92999267578	-25.181225680961
144.03999328613	-24.791799707740
144.14999389648	-24.647658641521
144.25999450684	-24.708777738018
144.36999511719	-24.920780142596
144.47999572754	-25.229420386391
144.58999633789	-25.604055599965
144.69999694824	-26.059466902739
144.80999755859	-26.660997698512
144.91999816895	-27.512276989764
145.02999877930	-28.741958418395
145.13999938965	-30.505098712780
145.25000000000	-32.999036879896
145.36000061035	-36.413995512591
145.47000122070	-39.997161662894
145.58000183105	-39.678088300691
145.69000244141	-36.608996851245
145.80000305176	-33.986381029472
145.91000366211	-31.950717992435
146.02000427246	-30.249673057522
146.13000488281	-28.755255744405
146.24000549316	-27.455381087618
146.35000610352	-26.386306200180
146.46000671387	-25.582485426450
146.57000732422	-25.056389194406
146.67999267578	-24.795068403269
146.78999328613	-24.761703249767
146.89999389648	-24.899981487299
147.00999450684	-25.145936111327
147.11999511719	-25.451161005848
147.22999572754	-25.809917347660
147.33999633789	-26.271515120162
147.44999694824	-26.929275240580
147.55999755859	-27.900342211280
147.66999816895	-29.315923099190
147.77999877930	-31.327136696991
147.88999938965	-34.102839745866
148.00000000000	-37.615204321757
148.11000061035	-40.123851517065
148.22000122070	-38.694734184316
148.33000183105	-36.000984303405
148.44000244141	-33.715546661681
148.55000305176	-31.788643278106
148.66000366211	-30.070702674465
148.77000427246	-28.540147155963
148.88000488281	-27.244280012249
148.99000549316	-26.230575217505
149.10000610352	-25.518917434020
149.21000671387	-25.098895559315
149.32000732422	-24.933008031574
149.42999267578	-24.960729151563
149.53999328613	-25.108354158751
149.64999389648	-25.311428606847
149.75999450684	-25.545584982902
149.86999511719	-25.845174982223
149.97999572754	-26.293809562028
150.08999633789	-26.998402277406
150.19999694824	-28.069934574595
150.30999755859	-29.619375330087
150.41999816895	-31.758286854613
150.52999877930	-34.558690113407
150.63999938965	-37.745390897564
150.75000000000	-39.654180031282
150.86000061035	-38.645110019572
150.97000122070	-36.455420207106
151.08000183105	-34.240323861424
151.19000244141	-32.136384856207
151.30000305176	-30.203392023188
151.41000366211	-28.536848373915
151.52000427246	-27.205001453559
151.63000488281	-26.229113852645
151.74000549316	-25.592274605621
151.85000610352	-25.248570053347
151.96000671387	-25.127908680370
152.07000732422	-25.144006459275
152.17999267578	-25.215759174651
152.28999328613	-25.301148429576
152.39999389648	-25.421463178502
152.50999450684	-25.653124703233
152.61999511719	-26.096340433574
152.72999572754	-26.848150066894
152.83999633789	-27.991255596711
152.94999694824	-29.590173225369
153.05999755859	-31.676325684676
153.16999816895	-34.188663590637
153.27999877930	-36.812136632051
153.38999938965	-38.768879534561
153.50000000000	-39.133075630367
153.61000061035	-37.753174593152
153.72000122070	-35.342025433545
153.83000183105	-32.748975511417
153.94000244141	-30.456822566702
154.05000305176	-28.625852872694
154.16000366211	-27.267705191809
154.27000427246	-26.337859598039
154.38000488281	-25.765993823320
154.49000549316	-25.461883608532
154.60000610352	-25.319910008626
154.71000671387	-25.238499864164
154.82000732422	-25.157202819129
154.92999267578	-25.086468579714
155.03999328613	-25.099630850967
155.14999389648	-25.295036623243
155.25999450684	-25.762101446637
155.36999511719	-26.565857782608
155.47999572754	-27.740767051993
155.58999633789	-29.279771074605
155.69999694824	-31.113191659499
155.80999755859	-33.102484737602
155.91999816895	-35.122689380524
156.02999877930	-37.209531850958
156.13999938965	-39.279157320979
156.25000000000	-39.637930367084
156.36000061035	-36.851749346849
156.47000122070	-33.471226450405
156.58000183105	-30.776677090124
156.69000244141	-28.822499901180
156.80000305176	-27.478300141694
156.91000366211	-26.609060617490
157.02000427246	-26.081144771395
157.13000488281	-25.755063712173
157.24000549316	-25.499245898943
157.35000610352	-25.230707863609
157.46000671387	-24.951327627484
157.57000732422	-24.737356559741
157.67999267578	-24.691164269312
157.78999328613	-24.899602999625
157.89999389648	-25.416475291188
158.00999450684	-26.256723877983
158.11999511719	-27.388062236126
158.22999572754	-28.720930011681
158.33999633789	-30.127632936800
158.44999694824	-31.540669782267
158.55999755859	-33.097006239521
158.66999816895	-35.189417823794
158.77999877930	-38.358260958292
158.88999938965	-41.606016264649
159.00000000000	-38.758288497303
159.11000061035	-34.349121498392
159.22000122070	-31.290444173093
159.33000183105	-29.278265561348
159.44000244141	-27.982378163685
159.55000305176	-27.163018170947
159.66000366211	-26.613235880461
159.77000427246	-26.150161790874
159.88000488281	-25.658029262458
159.99000549316	-25.132840394861
160.10000610352	-24.663263961715
160.21000671387	-24.363232716863
160.32000732422	-24.320647219349
160.42999267578	-24.580560412997
160.53999328613	-25.142432661181
160.64999389648	-25.954812867327
160.75999450684	-26.911509001273
160.86999511719	-27.880385493411
160.97999572754	-28.796110257147
161.08999633789	-29.761773686675
161.19999694824	-31.054673563719
161.30999755859	-33.088942407153
161.41999816895	-36.505212143252
161.52999877930	-41.933255997392
161.63999938965	-41.040592418203
161.75000000000	-35.605422924094
161.86000061035	-32.256256670575
161.97000122070	-30.235571863554
162.08000183105	-28.984506911963
162.19000244141	-28.135680097658
162.30000305176	-27.403065489281
162.41000366211	-26.614232229064
162.52000427246	-25.765436087193
162.63000488281	-24.976170519633
162.74000549316	-24.382516359674
162.85000610352	-24.074569125114
162.96000671387	-24.086664337378
163.07000732422	-24.401472727868
163.17999267578	-24.948036441842
163.28999328613	-25.602228035631
163.39999389648	-26.223361862662
163.50999450684	-26.746990152717
163.61999511719	-27.262222429321
163.72999572754	-27.982866465661
163.83999633789	-29.172701758422
163.94999694824	-31.140692497833
164.05999755859	-34.350275774514
164.16999816895	-39.505510977341
164.27999877930	-42.310672442530
164.38999938965	-37.389860594941
164.50000000000	-33.976539871522
164.61000061035	-32.007967855278
164.72000122070	-30.734416741635
164.83000183105	-29.627156819597
164.94000244141	-28.394391162221
165.05000305176	-27.057448246994
165.16000366211	-25.814550449906
165.27000427246	-24.840716428104
165.38000488281	-24.222449590125
165.49000549316	-23.973633553154
165.60000610352	-24.052717720645
165.71000671387	-24.363326727042
165.82000732422	-24.756889744659
165.92999267578	-25.078217519913
166.03999328613	-25.265699134153
166.14999389648	-25.413451989322
166.25999450684	-25.714813484136
166.36999511719	-26.371141393625
166.47999572754	-27.561191520334
166.58999633789	-29.462599917540
166.69999694824	-32.272805116113
166.80999755859	-36.019590204793
166.91999816895	-38.995225171667
167.02999877930	-38.132500160872
167.13999938965	-36.261431459436
167.25000000000	-34.925231493557
167.36000061035	-33.561054820620
167.47000122070	-31.638189076635
167.58000183105	-29.424406477321
167.69000244141	-27.426681970748
167.80000305176	-25.892609699845
167.91000366211	-24.869739634419
168.02000427246	-24.320084990847
168.13000488281	-24.158440987492
168.24000549316	-24.248879005911
168.35000610352	-24.404281252605
168.46000671387	-24.444069966158
168.57000732422	-24.312186322733
168.67999267578	-24.125484552116
168.78999328613	-24.082122369798
168.89999389648	-24.357404185744
169.00999450684	-25.073665360961
169.11999511719	-26.308077399065
169.22999572754	-28.082365513293
169.33999633789	-30.277911302915
169.44999694824	-32.449852460131
169.55999755859	-33.955178448648
169.66999816895	-34.923267587698
169.77999877930	-36.278452345939
169.88999938965	-38.320298698238
170.00000000000	-38.018732117377
