+1.1000000E+02	-2.3225306E-02	+2.5403172E-02
+1.1006000E+02	-2.2182245E-02	+2.9871106E-02
+1.1012000E+02	-2.0141078E-02	+3.4013487E-02
+1.1018000E+02	-1.7209016E-02	+3.7611417E-02
+1.1024000E+02	-1.3540073E-02	+4.0477864E-02
+1.1030000E+02	-9.3261125E-03	+4.2467378E-02
+1.1036000E+02	-4.7861519E-03	+4.3483432E-02
+1.1042000E+02	-1.5413301E-04	+4.3483015E-02
+1.1048000E+02	+4.3338113E-03	+4.2478308E-02
+1.1054000E+02	+8.4521165E-03	+4.0535357E-02
+1.1060000E+02	+1.1997877E-02	+3.7769888E-02
+1.1066000E+02	+1.4801398E-02	+3.4340449E-02
+1.1072000E+02	+1.6735056E-02	+3.0439379E-02
+1.1078000E+02	+1.7719612E-02	+2.6282031E-02
+1.1084000E+02	+1.7727934E-02	+2.2094894E-02
+1.1090000E+02	+1.6785838E-02	+1.8103257E-02
+1.1096000E+02	+1.4970076E-02	+1.4519087E-02
+1.1102000E+02	+1.2403616E-02	+1.1529757E-02
+1.1108000E+02	+9.2484653E-03	+9.2882365E-03
+1.1114000E+02	+5.6964979E-03	+7.9052476E-03
+1.1120000E+02	+1.9587693E-03	+7.4437787E-03
+1.1126000E+02	-1.7460881E-03	+7.9162419E-03
+1.1132000E+02	-5.2037113E-03	+9.2843743E-03
+1.1138000E+02	-8.2155298E-03	+1.1461886E-02
+1.1144000E+02	-1.0609272E-02	+1.4319633E-02
+1.1150000E+02	-1.2247984E-02	+1.7693078E-02
+1.1156000E+02	-1.3036964E-02	+2.1391531E-02
+1.1162000E+02	-1.2928447E-02	+2.5208740E-02
+1.1168000E+02	-1.1923633E-02	+2.8934140E-02
+1.1174000E+02	-1.0072082E-02	+3.2364283E-02
+1.1180000E+02	-7.4685416E-03	+3.5313699E-02
+1.1186000E+02	-4.2473115E-03	+3.7624691E-02
+1.1192000E+02	-5.7460571E-04	+3.9175548E-02
+1.1198000E+02	+3.3607513E-03	+3.9886694E-02
+1.1204000E+02	+7.3577268E-03	+3.9724518E-02
+1.1210000E+02	+1.1214043E-02	+3.8702734E-02
+1.1216000E+02	+1.4737144E-02	+3.6881074E-02
+1.1222000E+02	+1.7754335E-02	+3.4361634E-02
+1.1228000E+02	+2.0122018E-02	+3.1282917E-02
+1.1234000E+02	+2.1733008E-02	+2.7811965E-02
+1.1240000E+02	+2.2522004E-02	+2.4135102E-02
+1.1246000E+02	+2.2468612E-02	+2.0447662E-02
+1.1252000E+02	+2.1598011E-02	+1.6943397E-02
+1.1258000E+02	+1.9979114E-02	+1.3804049E-02
+1.1264000E+02	+1.7720407E-02	+1.1189691E-02
+1.1270000E+02	+1.4963707E-02	+9.2303073E-03
+1.1276000E+02	+1.1876176E-02	+8.0191232E-03
+1.1282000E+02	+8.6410623E-03	+7.6079336E-03
+1.1288000E+02	+5.4476685E-03	+8.0047389E-03
+1.1294000E+02	+2.4810948E-03	+9.1737499E-03
+1.1300000E+02	-8.7698405E-05	+1.1037750E-02
+1.1306000E+02	-2.1109534E-03	+1.3482662E-02
+1.1312000E+02	-3.4718548E-03	+1.6364055E-02
+1.1318000E+02	-4.0905280E-03	+1.9515226E-02
+1.1324000E+02	-3.9279507E-03	+2.2756385E-02
+1.1330000E+02	-2.9877143E-03	+2.5904480E-02
+1.1336000E+02	-1.3154068E-03	+2.8783076E-02
+1.1342000E+02	+1.0042831E-03	+3.1231809E-02
+1.1348000E+02	+3.8524321E-03	+3.3114858E-02
+1.1354000E+02	+7.0826523E-03	+3.4328051E-02
+1.1360000E+02	+1.0529200E-02	+3.4804162E-02
+1.1366000E+02	+1.4016101E-02	+3.4516193E-02
+1.1372000E+02	+1.7366719E-02	+3.3478480E-02
+1.1378000E+02	+2.0413278E-02	+3.1745523E-02
+1.1384000E+02	+2.3005797E-02	+2.9408682E-02
+1.1390000E+02	+2.5020028E-02	+2.6590953E-02
+1.1396000E+02	+2.6363889E-02	+2.3440022E-02
+1.1402000E+02	+2.6982186E-02	+2.0120125E-02
+1.1408000E+02	+2.6859196E-02	+1.6803050E-02
+1.1414000E+02	+2.6019199E-02	+1.3658801E-02
+1.1420000E+02	+2.4524823E-02	+1.0846487E-02
+1.1426000E+02	+2.2473317E-02	+8.5058324E-03
+1.1432000E+02	+1.9991035E-02	+6.7498214E-03
+1.1438000E+02	+1.7226366E-02	+5.6588533E-03
+1.1444000E+02	+1.4341569E-02	+5.2766823E-03
+1.1450000E+02	+1.1503905E-02	+5.6083775E-03
+1.1456000E+02	+8.8765966E-03	+6.6203712E-03
+1.1462000E+02	+6.6100629E-03	+8.2425931E-03
+1.1468000E+02	+4.8339362E-03	+1.0372541E-02
+1.1474000E+02	+3.6502534E-03	+1.2881070E-02
+1.1480000E+02	+3.1281500E-03	+1.5619569E-02
+1.1486000E+02	+3.3004559E-03	+1.8428111E-02
+1.1492000E+02	+4.1621928E-03	+2.1144159E-02
+1.1498000E+02	+5.6711473E-03	+2.3611337E-02
+1.1504000E+02	+7.7504115E-03	+2.5687810E-02
+1.1510000E+02	+1.0292809E-02	+2.7253801E-02
+1.1516000E+02	+1.3166955E-02	+2.8217858E-02
+1.1522000E+02	+1.6224410E-02	+2.8521581E-02
+1.1528000E+02	+1.9307896E-02	+2.8142493E-02
+1.1534000E+02	+2.2259776E-02	+2.7094984E-02
+1.1540000E+02	+2.4930509E-02	+2.5429312E-02
+1.1546000E+02	+2.7186785E-02	+2.3228478E-02
+1.1552000E+02	+2.8918391E-02	+2.0603709E-02
+1.1558000E+02	+3.0044077E-02	+1.7688153E-02
+1.1564000E+02	+3.0515719E-02	+1.4629560E-02
+1.1570000E+02	+3.0320629E-02	+1.1582263E-02
+1.1576000E+02	+2.9482026E-02	+8.6987764E-03
+1.1582000E+02	+2.8057471E-02	+6.1216438E-03
+1.1588000E+02	+2.6135584E-02	+3.9758170E-03
+1.1594000E+02	+2.3831034E-02	+2.3620613E-03
+1.1600000E+02	+2.1278169E-02	+1.3516970E-03
+1.1606000E+02	+1.8623674E-02	+9.8296534E-04
+1.1612000E+02	+1.6018584E-02	+1.2591975E-03
+1.1618000E+02	+1.3610116E-02	+2.1488699E-03
+1.1624000E+02	+1.1533782E-02	+3.5875351E-03
+1.1630000E+02	+9.9061616E-03	+5.4815081E-03
+1.1636000E+02	+8.8187642E-03	+7.7130985E-03
+1.1642000E+02	+8.3332388E-03	+1.0147111E-02
+1.1648000E+02	+8.4782783E-03	+1.2638211E-02
+1.1654000E+02	+9.2482623E-03	+1.5038837E-02
+1.1660000E+02	+1.0603759E-02	+1.7207149E-02
+1.1666000E+02	+1.2473891E-02	+1.9014614E-02
+1.1672000E+02	+1.4760295E-02	+2.0352867E-02
+1.1678000E+02	+1.7342627E-02	+2.1139404E-02
+1.1684000E+02	+2.0085134E-02	+2.1321859E-02
+1.1690000E+02	+2.2844024E-02	+2.0880707E-02
+1.1696000E+02	+2.5475318E-02	+1.9830052E-02
+1.1702000E+02	+2.7842529E-02	+1.8216718E-02
+1.1708000E+02	+2.9823994E-02	+1.6117554E-02
+1.1714000E+02	+3.1319320E-02	+1.3635112E-02
+1.1720000E+02	+3.2254692E-02	+1.0892015E-02
+1.1726000E+02	+3.2586660E-02	+8.0242464E-03
+1.1732000E+02	+3.2304339E-02	+5.1737702E-03
+1.1738000E+02	+3.1429820E-02	+2.4808722E-03
+1.1744000E+02	+3.0016819E-02	+7.6627141E-05
+1.1750000E+02	+2.8147601E-02	-1.9240984E-03
+1.1756000E+02	+2.5928436E-02	-3.4287337E-03
+1.1762000E+02	+2.3483768E-02	-4.3718670E-03
+1.1768000E+02	+2.0949433E-02	-4.7186255E-03
+1.1774000E+02	+1.8465294E-02	-4.4663944E-03
+1.1780000E+02	+1.6167741E-02	-3.6448075E-03
+1.1786000E+02	+1.4182344E-02	-2.3139946E-03
+1.1792000E+02	+1.2617187E-02	-5.6121091E-04
+1.1798000E+02	+1.1557124E-02	+1.5039775E-03
+1.1804000E+02	+1.1059343E-02	+3.7556801E-03
+1.1810000E+02	+1.1150414E-02	+6.0585174E-03
+1.1816000E+02	+1.1825002E-02	+8.2749324E-03
+1.1822000E+02	+1.3046283E-02	+1.0272589E-02
+1.1828000E+02	+1.4748070E-02	+1.1931450E-02
+1.1834000E+02	+1.6838493E-02	+1.3150174E-02
+1.1840000E+02	+1.9205021E-02	+1.3851477E-02
+1.1846000E+02	+2.1720607E-02	+1.3986178E-02
+1.1852000E+02	+2.4250541E-02	+1.3535729E-02
+1.1858000E+02	+2.6659749E-02	+1.2513084E-02
+1.1864000E+02	+2.8819999E-02	+1.0961888E-02
+1.1870000E+02	+3.0616779E-02	+8.9540081E-03
+1.1876000E+02	+3.1955391E-02	+6.5855756E-03
+1.1882000E+02	+3.2765932E-02	+3.9717369E-03
+1.1888000E+02	+3.3006981E-02	+1.2404094E-03
+1.1894000E+02	+3.2667700E-02	-1.4746253E-03
+1.1900000E+02	+3.1768311E-02	-4.0409178E-03
+1.1906000E+02	+3.0358896E-02	-6.3344464E-03
+1.1912000E+02	+2.8516611E-02	-8.2462374E-03
+1.1918000E+02	+2.6341472E-02	-9.6881576E-03
+1.1924000E+02	+2.3950890E-02	-1.0597568E-02
+1.1930000E+02	+2.1473341E-02	-1.0940595E-02
+1.1936000E+02	+1.9041434E-02	-1.0713859E-02
+1.1942000E+02	+1.6784789E-02	-9.9445535E-03
+1.1948000E+02	+1.4823105E-02	-8.6888960E-03
+1.1954000E+02	+1.3259769E-02	-7.0290249E-03
+1.1960000E+02	+1.2176364E-02	-5.0685187E-03
+1.1966000E+02	+1.1628360E-02	-2.9267885E-03
+1.1972000E+02	+1.1642221E-02	-7.3262863E-04
+1.1978000E+02	+1.2214052E-02	+1.3827085E-03
+1.1984000E+02	+1.3309903E-02	+3.2925524E-03
+1.1990000E+02	+1.4867654E-02	+4.8815897E-03
+1.1996000E+02	+1.6800428E-02	+6.0520135E-03
+1.2002000E+02	+1.9001283E-02	+6.7287209E-03
+1.2008000E+02	+2.1349009E-02	+6.8632816E-03
+1.2014000E+02	+2.3714634E-02	+6.4364769E-03
+1.2020000E+02	+2.5968367E-02	+5.4592569E-03
+1.2026000E+02	+2.7986526E-02	+3.9720968E-03
+1.2032000E+02	+2.9658163E-02	+2.0427669E-03
+1.2038000E+02	+3.0890973E-02	-2.3734440E-04
+1.2044000E+02	+3.1616200E-02	-2.7581707E-03
+1.2050000E+02	+3.1792268E-02	-5.3968863E-03
+1.2056000E+02	+3.1406965E-02	-8.0245053E-03
+1.2062000E+02	+3.0478043E-02	-1.0512788E-02
+1.2068000E+02	+2.9052218E-02	-1.2741099E-02
+1.2074000E+02	+2.7202636E-02	-1.4602848E-02
+1.2080000E+02	+2.5024906E-02	-1.6011169E-02
+1.2086000E+02	+2.2631964E-02	-1.6903535E-02
+1.2092000E+02	+2.0148026E-02	-1.7245065E-02
+1.2098000E+02	+1.7701907E-02	-1.7030355E-02
+1.2104000E+02	+1.5420149E-02	-1.6283734E-02
+1.2110000E+02	+1.3420254E-02	-1.5057924E-02
+1.2116000E+02	+1.1804418E-02	-1.3431192E-02
+1.2122000E+02	+1.0654089E-02	-1.1503142E-02
+1.2128000E+02	+1.0025628E-02	-9.3893791E-03
+1.2134000E+02	+9.9473260E-03	-7.2153127E-03
+1.2140000E+02	+1.0417907E-02	-5.1094545E-03
+1.2146000E+02	+1.1406631E-02	-3.1965547E-03
+1.2152000E+02	+1.2854940E-02	-1.5909413E-03
+1.2158000E+02	+1.4679608E-02	-3.9042142E-04
+1.2164000E+02	+1.6777188E-02	+3.2892937E-04
+1.2170000E+02	+1.9029548E-02	+5.1682029E-04
+1.2176000E+02	+2.1310169E-02	+1.5142010E-04
+1.2182000E+02	+2.3490908E-02	-7.5948430E-04
+1.2188000E+02	+2.5448818E-02	-2.1789079E-03
+1.2194000E+02	+2.7072711E-02	-4.0426413E-03
+1.2200000E+02	+2.8269092E-02	-6.2626740E-03
+1.2206000E+02	+2.8967123E-02	-8.7318867E-03
+1.2212000E+02	+2.9122420E-02	-1.1329744E-02
+1.2218000E+02	+2.8719408E-02	-1.3928732E-02
+1.2224000E+02	+2.7772171E-02	-1.6401131E-02
+1.2230000E+02	+2.6323691E-02	-1.8625814E-02
+1.2236000E+02	+2.4443587E-02	-2.0494718E-02
+1.2242000E+02	+2.2224417E-02	-2.1918567E-02
+1.2248000E+02	+1.9776760E-02	-2.2831662E-02
+1.2254000E+02	+1.7223349E-02	-2.3195356E-02
+1.2260000E+02	+1.4692537E-02	-2.3000155E-02
+1.2266000E+02	+1.2311500E-02	-2.2266217E-02
+1.2272000E+02	+1.0199451E-02	-2.1042308E-02
+1.2278000E+02	+8.4613161E-03	-1.9403236E-02
+1.2284000E+02	+7.1821325E-03	-1.7445879E-02
+1.2290000E+02	+6.4225337E-03	-1.5284070E-02
+1.2296000E+02	+6.2154876E-03	-1.3042562E-02
+1.2302000E+02	+6.5645375E-03	-1.0850405E-02
+1.2308000E+02	+7.4435673E-03	-8.8341087E-03
+1.2314000E+02	+8.7981764E-03	-7.1109082E-03
+1.2320000E+02	+1.0548522E-02	-5.7825441E-03
+1.2326000E+02	+1.2593533E-02	-4.9298396E-03
+1.2332000E+02	+1.4816248E-02	-4.6083825E-03
+1.2338000E+02	+1.7089996E-02	-4.8455517E-03
+1.2344000E+02	+1.9285111E-02	-5.6390199E-03
+1.2350000E+02	+2.1275785E-02	-6.9568413E-03
+1.2356000E+02	+2.2946762E-02	-8.7390961E-03
+1.2362000E+02	+2.4199460E-02	-1.0901028E-02
+1.2368000E+02	+2.4957212E-02	-1.3337496E-02
+1.2374000E+02	+2.5169363E-02	-1.5928511E-02
+1.2380000E+02	+2.4814013E-02	-1.8545561E-02
+1.2386000E+02	+2.3899216E-02	-2.1058409E-02
+1.2392000E+02	+2.2462592E-02	-2.3341985E-02
+1.2398000E+02	+2.0569414E-02	-2.5283007E-02
+1.2404000E+02	+1.8309187E-02	-2.6786001E-02
+1.2410000E+02	+1.5790975E-02	-2.7778385E-02
+1.2416000E+02	+1.3137658E-02	-2.8214369E-02
+1.2422000E+02	+1.0479469E-02	-2.8077394E-02
+1.2428000E+02	+7.9471096E-03	-2.7381098E-02
+1.2434000E+02	+5.6648687E-03	-2.6168650E-02
+1.2440000E+02	+3.7439945E-03	-2.4510525E-02
+1.2446000E+02	+2.2768490E-03	-2.2500848E-02
+1.2452000E+02	+1.3319222E-03	-2.0252468E-02
+1.2458000E+02	+9.5020229E-04	-1.7891033E-02
+1.2464000E+02	+1.1429365E-03	-1.5548401E-02
+1.2470000E+02	+1.8909447E-03	-1.3355675E-02
+1.2476000E+02	+3.1455872E-03	-1.1436289E-02
+1.2482000E+02	+4.8312354E-03	-9.8994626E-03
+1.2488000E+02	+6.8492098E-03	-8.8344039E-03
+1.2494000E+02	+9.0829097E-03	-8.3055524E-03
+1.2500000E+02	+1.1403925E-02	-8.3491020E-03
+1.2506000E+02	+1.3678783E-02	-8.9710196E-03
+1.2512000E+02	+1.5775954E-02	-1.0146640E-02
+1.2518000E+02	+1.7572813E-02	-1.1821877E-02
+1.2524000E+02	+1.8962119E-02	-1.3915983E-02
+1.2530000E+02	+1.9857712E-02	-1.6325725E-02
+1.2536000E+02	+2.0199120E-02	-1.8930750E-02
+1.2542000E+02	+1.9954827E-02	-2.1599879E-02
+1.2548000E+02	+1.9124040E-02	-2.4197951E-02
+1.2554000E+02	+1.7736798E-02	-2.6592955E-02
+1.2560000E+02	+1.5852524E-02	-2.8662968E-02
+1.2566000E+02	+1.3557026E-02	-3.0302610E-02
+1.2572000E+02	+1.0957977E-02	-3.1428635E-02
+1.2578000E+02	+8.1794560E-03	-3.1984393E-02
+1.2584000E+02	+5.3554042E-03	-3.1942897E-02
+1.2590000E+02	+2.6226570E-03	-3.1308349E-02
+1.2596000E+02	+1.1373979E-04	-3.0116031E-02
+1.2602000E+02	-2.0500722E-03	-2.8430568E-02
+1.2608000E+02	-3.7651714E-03	-2.6342653E-02
+1.2614000E+02	-4.9511367E-03	-2.3964360E-02
+1.2620000E+02	-5.5550388E-03	-2.1423379E-02
+1.2626000E+02	-5.5542868E-03	-1.8856362E-02
+1.2632000E+02	-4.9579791E-03	-1.6401786E-02
+1.2638000E+02	-3.8065151E-03	-1.4192719E-02
+1.2644000E+02	-2.1696342E-03	-1.2349810E-02
+1.2650000E+02	-1.4283504E-04	-1.0974932E-02
+1.2656000E+02	+2.1574707E-03	-1.0145751E-02
+1.2662000E+02	+4.6000038E-03	-9.9115819E-03
+1.2668000E+02	+7.0454162E-03	-1.0290671E-02
+1.2674000E+02	+9.3535446E-03	-1.1269122E-02
+1.2680000E+02	+1.1390749E-02	-1.2801482E-02
+1.2686000E+02	+1.3036918E-02	-1.4812985E-02
+1.2692000E+02	+1.4191827E-02	-1.7203329E-02
+1.2698000E+02	+1.4780430E-02	-1.9851813E-02
+1.2704000E+02	+1.4756939E-02	-2.2623552E-02
+1.2710000E+02	+1.4107309E-02	-2.5376460E-02
+1.2716000E+02	+1.2850108E-02	-2.7968630E-02
+1.2722000E+02	+1.1035731E-02	-3.0265752E-02
+1.2728000E+02	+8.7439055E-03	-3.2148153E-02
+1.2734000E+02	+6.0796412E-03	-3.3517096E-02
+1.2740000E+02	+3.1678756E-03	-3.4300048E-02
+1.2746000E+02	+1.4711416E-04	-3.4454569E-02
+1.2752000E+02	-2.8378668E-03	-3.3970658E-02
+1.2758000E+02	-5.6433310E-03	-3.2871444E-02
+1.2764000E+02	-8.1342561E-03	-3.1212123E-02
+1.2770000E+02	-1.0191317E-02	-2.9077243E-02
+1.2776000E+02	-1.1717192E-02	-2.6576446E-02
+1.2782000E+02	-1.2641720E-02	-2.3838876E-02
+1.2788000E+02	-1.2925708E-02	-2.1006556E-02
+1.2794000E+02	-1.2563110E-02	-1.8227058E-02
+1.2800000E+02	-1.1581489E-02	-1.5645878E-02
+1.2806000E+02	-1.0040779E-02	-1.3398829E-02
+1.2812000E+02	-8.0303093E-03	-1.1604956E-02
+1.2817999E+02	-5.6643044E-03	-1.0360270E-02
+1.2824001E+02	-3.0761159E-03	-9.7326105E-03
+1.2830000E+02	-4.1134699E-04	-9.7580189E-03
+1.2836000E+02	+2.1796077E-03	-1.0438683E-02
+1.2842000E+02	+4.5493739E-03	-1.1742644E-02
+1.2848000E+02	+6.5612313E-03	-1.3605286E-02
+1.2853999E+02	+8.0962740E-03	-1.5932513E-02
+1.2860001E+02	+9.0596825E-03	-1.8605469E-02
+1.2866000E+02	+9.3857376E-03	-2.1486562E-02
+1.2872000E+02	+9.0414295E-03	-2.4426498E-02
+1.2878000E+02	+8.0282968E-03	-2.7271949E-02
+1.2884000E+02	+6.3825352E-03	-2.9873485E-02
+1.2889999E+02	+4.1733892E-03	-3.2093290E-02
+1.2896001E+02	+1.4996544E-03	-3.3812407E-02
+1.2902000E+02	-1.5152009E-03	-3.4936953E-02
+1.2908000E+02	-4.7293180E-03	-3.5403144E-02
+1.2914000E+02	-7.9896627E-03	-3.5180733E-02
+1.2920000E+02	-1.1139877E-02	-3.4274787E-02
+1.2925999E+02	-1.4028310E-02	-3.2725610E-02
+1.2932001E+02	-1.6515920E-02	-3.0606851E-02
+1.2938000E+02	-1.8483473E-02	-2.8021917E-02
+1.2944000E+02	-1.9837823E-02	-2.5098801E-02
+1.2950000E+02	-2.0516928E-02	-2.1983575E-02
+1.2956000E+02	-2.0493088E-02	-1.8833056E-02
+1.2962000E+02	-1.9774709E-02	-1.5806684E-02
+1.2967999E+02	-1.8405998E-02	-1.3058383E-02
+1.2974001E+02	-1.6464924E-02	-1.0728585E-02
+1.2980000E+02	-1.4059370E-02	-8.9369230E-03
+1.2986000E+02	-1.1321796E-02	-7.7759377E-03
+1.2992000E+02	-8.4025143E-03	-7.3061818E-03
+1.2998000E+02	-5.4620989E-03	-7.5528962E-03
+1.3003999E+02	-2.6631821E-03	-8.5045164E-03
+1.3010001E+02	-1.6208878E-04	-1.0113044E-02
+1.3016000E+02	+1.8992277E-03	-1.2296305E-02
+1.3022000E+02	+3.4005537E-03	-1.4941962E-02
+1.3028000E+02	+4.2497343E-03	-1.7913112E-02
+1.3034000E+02	+4.3875603E-03	-2.1055160E-02
+1.3039999E+02	+3.7909935E-03	-2.4203662E-02
+1.3046001E+02	+2.4746340E-03	-2.7192675E-02
+1.3052000E+02	+4.9011636E-04	-2.9863290E-02
+1.3058000E+02	-2.0763173E-03	-3.2071810E-02
+1.3064000E+02	-5.1079202E-03	-3.3697203E-02
+1.3070000E+02	-8.4633678E-03	-3.4647442E-02
+1.3075999E+02	-1.1983760E-02	-3.4864396E-02
+1.3082001E+02	-1.5500681E-02	-3.4327015E-02
+1.3088000E+02	-1.8844754E-02	-3.3052646E-02
+1.3094000E+02	-2.1854291E-02	-3.1096352E-02
+1.3100000E+02	-2.4383653E-02	-2.8548339E-02
+1.3106000E+02	-2.6310734E-02	-2.5529578E-02
+1.3112000E+02	-2.7543372E-02	-2.2185808E-02
+1.3117999E+02	-2.8024258E-02	-1.8680194E-02
+1.3124001E+02	-2.7734064E-02	-1.5185189E-02
+1.3130000E+02	-2.6692636E-02	-1.1873695E-02
+1.3136000E+02	-2.4958292E-02	-8.9103188E-03
+1.3142000E+02	-2.2625022E-02	-6.4428495E-03
+1.3148000E+02	-1.9817939E-02	-4.5946906E-03
+1.3153999E+02	-1.6687095E-02	-3.4583609E-03
+1.3160001E+02	-1.3399986E-02	-3.0906028E-03
+1.3166000E+02	-1.0133129E-02	-3.5092682E-03
+1.3172000E+02	-7.0631164E-03	-4.6921689E-03
+1.3178000E+02	-4.3576416E-03	-6.5779537E-03
+1.3184000E+02	-2.1668931E-03	-9.0689762E-03
+1.3189999E+02	-6.1580335E-04	-1.2036043E-02
+1.3196001E+02	+2.0245170E-04	-1.5324783E-02
+1.3202000E+02	+2.3142117E-04	-1.8763332E-02
+1.3208000E+02	-5.4556609E-04	-2.2170966E-02
+1.3214000E+02	-2.1042388E-03	-2.5367219E-02
+1.3220000E+02	-4.3804133E-03	-2.8181054E-02
+1.3225999E+02	-7.2729718E-03	-3.0459592E-02
+1.3232001E+02	-1.0648736E-02	-3.2076016E-02
+1.3238000E+02	-1.4349057E-02	-3.2936137E-02
+1.3244000E+02	-1.8197674E-02	-3.2983400E-02
+1.3250000E+02	-2.2009540E-02	-3.2201972E-02
+1.3256000E+02	-2.5600148E-02	-3.0617837E-02
+1.3262000E+02	-2.8794849E-02	-2.8297698E-02
+1.3267999E+02	-3.1437784E-02	-2.5345916E-02
+1.3274001E+02	-3.3399895E-02	-2.1899423E-02
+1.3280000E+02	-3.4585595E-02	-1.8121019E-02
+1.3286000E+02	-3.4937844E-02	-1.4191318E-02
+1.3292000E+02	-3.4441229E-02	-1.0299728E-02
+1.3298000E+02	-3.3123069E-02	-6.6349106E-03
+1.3303999E+02	-3.1052262E-02	-3.3752897E-03
+1.3310001E+02	-2.8336080E-02	-6.7994866E-04
+1.3316000E+02	-2.5114996E-02	+1.3195004E-03
+1.3322000E+02	-2.1555817E-02	+2.5257496E-03
+1.3328000E+02	-1.7843420E-02	+2.8808834E-03
+1.3334000E+02	-1.4171563E-02	+2.3695973E-03
+1.3339999E+02	-1.0733155E-02	+1.0201759E-03
+1.3346001E+02	-7.7105588E-03	-1.0966096E-03
+1.3352000E+02	-5.2663251E-03	-3.8708290E-03
+1.3358000E+02	-3.5348865E-03	-7.1586687E-03
+1.3364000E+02	-2.6156262E-03	-1.0789467E-02
+1.3370000E+02	-2.5676545E-03	-1.4574119E-02
+1.3375999E+02	-3.4065803E-03	-1.8314481E-02
+1.3382001E+02	-5.1034805E-03	-2.1813275E-02
+1.3388000E+02	-7.5860298E-03	-2.4883995E-02
+1.3394000E+02	-1.0741934E-02	-2.7360348E-02
+1.3400000E+02	-1.4424240E-02	-2.9104736E-02
+1.3406000E+02	-1.8458566E-02	-3.0015321E-02
+1.3412000E+02	-2.2651648E-02	-3.0031376E-02
+1.3417999E+02	-2.6800919E-02	-2.9136557E-02
+1.3424001E+02	-3.0704599E-02	-2.7360028E-02
+1.3430000E+02	-3.4171835E-02	-2.4775235E-02
+1.3436000E+02	-3.7032310E-02	-2.1496542E-02
+1.3442000E+02	-3.9144885E-02	-1.7673720E-02
+1.3448000E+02	-4.0404875E-02	-1.3484681E-02
+1.3453999E+02	-4.0749483E-02	-9.1267275E-03
+1.3460001E+02	-4.0161181E-02	-4.8068454E-03
+1.3466000E+02	-3.8668897E-02	-7.3137460E-04
+1.3472000E+02	-3.6346812E-02	+2.9043362E-03
+1.3478000E+02	-3.3310935E-02	+5.9256731E-03
+1.3484000E+02	-2.9713569E-02	+8.1876768E-03
+1.3489999E+02	-2.5735907E-02	+9.5824031E-03
+1.3496001E+02	-2.1579161E-02	+1.0044558E-02
+1.3502000E+02	-1.7454654E-02	+9.5550269E-03
+1.3508000E+02	-1.3573320E-02	+8.1420457E-03
+1.3514000E+02	-1.0135208E-02	+5.8801165E-03
+1.3520000E+02	-7.3194294E-03	+2.8865440E-03
+1.3525999E+02	-5.2751200E-03	-6.8415550E-04
+1.3532001E+02	-4.1138353E-03	-4.6477229E-03
+1.3538000E+02	-3.9037790E-03	-8.7991701E-03
+1.3544000E+02	-4.6661594E-03	-1.2922850E-02
+1.3550000E+02	-6.3738595E-03	-1.6803129E-02
+1.3556000E+02	-8.9524919E-03	-2.0235104E-02
+1.3562000E+02	-1.2283872E-02	-2.3034859E-02
+1.3567999E+02	-1.6211584E-02	-2.5048712E-02
+1.3574001E+02	-2.0548536E-02	-2.6161028E-02
+1.3580000E+02	-2.5086122E-02	-2.6300188E-02
+1.3586000E+02	-2.9604414E-02	-2.5442358E-02
+1.3592000E+02	-3.3882998E-02	-2.3612980E-02
+1.3598000E+02	-3.7711922E-02	-2.0885756E-02
+1.3603999E+02	-4.0902145E-02	-1.7379323E-02
+1.3610001E+02	-4.3295059E-02	-1.3251536E-02
+1.3616000E+02	-4.4770457E-02	-8.6919405E-03
+1.3622000E+02	-4.5252722E-02	-3.9125583E-03
+1.3628000E+02	-4.4714835E-02	+8.6254143E-04
+1.3634000E+02	-4.3179922E-02	+5.4081739E-03
+1.3639999E+02	-4.0720444E-02	+9.5092272E-03
+1.3646001E+02	-3.7454832E-02	+1.2971340E-02
+1.3652000E+02	-3.3541910E-02	+1.5630580E-02
+1.3658000E+02	-2.9173264E-02	+1.7361747E-02
+1.3664000E+02	-2.4563938E-02	+1.8084735E-02
+1.3670000E+02	-1.9941987E-02	+1.7768700E-02
+1.3675999E+02	-1.5537238E-02	+1.6433908E-02
+1.3682001E+02	-1.1570011E-02	+1.4150914E-02
+1.3688000E+02	-8.2401950E-03	+1.1037421E-02
+1.3694000E+02	-5.7172906E-03	+7.2526732E-03
+1.3700000E+02	-4.1319178E-03	+2.9898344E-03
+1.3706000E+02	-3.5691743E-03	-1.5333386E-03
+1.3712000E+02	-4.0642270E-03	-6.0850941E-03
+1.3717999E+02	-5.6003327E-03	-1.0431024E-02
+1.3724001E+02	-8.1093889E-03	-1.4345573E-02
+1.3730000E+02	-1.1475066E-02	-1.7623164E-02
+1.3736000E+02	-1.5538230E-02	-2.0088410E-02
+1.3742000E+02	-2.0104598E-02	-2.1604858E-02
+1.3748000E+02	-2.4954088E-02	-2.2081912E-02
+1.3753999E+02	-2.9851502E-02	-2.1479443E-02
+1.3760001E+02	-3.4557983E-02	-1.9810041E-02
+1.3766000E+02	-3.8842715E-02	-1.7138654E-02
+1.3772000E+02	-4.2494271E-02	-1.3579609E-02
+1.3778000E+02	-4.5331072E-02	-9.2912614E-03
+1.3784000E+02	-4.7210407E-02	-4.4684415E-03
+1.3789999E+02	-4.8035603E-02	+6.6689652E-04
+1.3796001E+02	-4.7760967E-02	+5.8764755E-03
+1.3802000E+02	-4.6394229E-02	+1.0917175E-02
+1.3808000E+02	-4.3996405E-02	+1.5553036E-02
+1.3814000E+02	-4.0679064E-02	+1.9566702E-02
+1.3820000E+02	-3.6599100E-02	+2.2770153E-02
+1.3825999E+02	-3.1951223E-02	+2.5014065E-02
+1.3832001E+02	-2.6958657E-02	+2.6195187E-02
+1.3838000E+02	-2.1862337E-02	+2.6261639E-02
+1.3844000E+02	-1.6909242E-02	+2.5215602E-02
+1.3850000E+02	-1.2340399E-02	+2.3113459E-02
+1.3856000E+02	-8.3790440E-03	+2.0063270E-02
+1.3862000E+02	-5.2197371E-03	+1.6219690E-02
+1.3867999E+02	-3.0187641E-03	+1.1776648E-02
+1.3874001E+02	-1.8863431E-03	+6.9580311E-03
+1.3880000E+02	-1.8811150E-03	+2.0069238E-03
+1.3886000E+02	-3.0070844E-03	-2.8261561E-03
+1.3892000E+02	-5.2132173E-03	-7.2954055E-03
+1.3898000E+02	-8.3957193E-03	-1.1171713E-02
+1.3903999E+02	-1.2402887E-02	-1.4253837E-02
+1.3910001E+02	-1.7042294E-02	-1.6378304E-02
+1.3916000E+02	-2.2089994E-02	-1.7427465E-02
+1.3922000E+02	-2.7301289E-02	-1.7335363E-02
+1.3928000E+02	-3.2422505E-02	-1.6091144E-02
+1.3934000E+02	-3.7203278E-02	-1.3739730E-02
+1.3939999E+02	-4.1408718E-02	-1.0379872E-02
+1.3946001E+02	-4.4830795E-02	-6.1595258E-03
+1.3952000E+02	-4.7298558E-02	-1.2688222E-03
+1.3958000E+02	-4.8686482E-02	+4.0689283E-03
+1.3964000E+02	-4.8920739E-02	+9.6080257E-03
+1.3970000E+02	-4.7982875E-02	+1.5092130E-02
+1.3975999E+02	-4.5910936E-02	+2.0266624E-02
+1.3982001E+02	-4.2797711E-02	+2.4891006E-02
+1.3988000E+02	-3.8786560E-02	+2.8750397E-02
+1.3994000E+02	-3.4064434E-02	+3.1666204E-02
+1.4000000E+02	-2.8853193E-02	+3.3504616E-02
+1.4006000E+02	-2.3398820E-02	+3.4183368E-02
+1.4012000E+02	-1.7959751E-02	+3.3675741E-02
+1.4017999E+02	-1.2794346E-02	+3.2012068E-02
+1.4024001E+02	-8.1485286E-03	+2.9278366E-02
+1.4030000E+02	-4.2438414E-03	+2.5612382E-02
+1.4036000E+02	-1.2667496E-03	+2.1197071E-02
+1.4042000E+02	+6.4042729E-04	+1.6251890E-02
+1.4048000E+02	+1.3864642E-03	+1.1022356E-02
+1.4053999E+02	+9.3575445E-04	+5.7682763E-03
+1.4060001E+02	-6.8986753E-04	+7.5130782E-04
+1.4066000E+02	-3.4120402E-03	-3.7776222E-03
+1.4072000E+02	-7.0995148E-03	-7.5903814E-03
+1.4078000E+02	-1.1574345E-02	-1.0492643E-02
+1.4084000E+02	-1.6620327E-02	-1.2333269E-02
+1.4089999E+02	-2.1993300E-02	-1.3011652E-02
+1.4096001E+02	-2.7432779E-02	-1.2482645E-02
+1.4102000E+02	-3.2674439E-02	-1.0758816E-02
+1.4108000E+02	-3.7462737E-02	-7.9099452E-03
+1.4114000E+02	-4.1563176E-02	-4.0598051E-03
+1.4120000E+02	-4.4773556E-02	+6.1965722E-04
+1.4125999E+02	-4.6933718E-02	+5.9165331E-03
+1.4132001E+02	-4.7933236E-02	+1.1588983E-02
+1.4138000E+02	-4.7716789E-02	+1.7376669E-02
+1.4144000E+02	-4.6286866E-02	+2.3013340E-02
+1.4150000E+02	-4.3703754E-02	+2.8239371E-02
+1.4156000E+02	-4.0082701E-02	+3.2814253E-02
+1.4162000E+02	-3.5588484E-02	+3.6528032E-02
+1.4167999E+02	-3.0427661E-02	+3.9211418E-02
+1.4174001E+02	-2.4838699E-02	+4.0743839E-02
+1.4180000E+02	-1.9080702E-02	+4.1059259E-02
+1.4186000E+02	-1.3421037E-02	+4.0149368E-02
+1.4192000E+02	-8.1226919E-03	+3.8064014E-02
+1.4198000E+02	-3.4316757E-03	+3.4908894E-02
+1.4203999E+02	+4.3460072E-04	+3.0840551E-02
+1.4210001E+02	+3.2977515E-03	+2.6058977E-02
+1.4216000E+02	+5.0268751E-03	+2.0798124E-02
+1.4222000E+02	+5.5447947E-03	+1.5314818E-02
+1.4228000E+02	+4.8317537E-03	+9.8765790E-03
+1.4234000E+02	+2.9263587E-03	+4.7489307E-03
+1.4239999E+02	-7.6232413E-05	+1.8280462E-04
+1.4246001E+02	-4.0288055E-03	-3.5973478E-03
+1.4252000E+02	-8.7390617E-03	-6.4041950E-03
+1.4258000E+02	-1.3978729E-02	-8.0963979E-03
+1.4264000E+02	-1.9494344E-02	-8.5853040E-03
+1.4270000E+02	-2.5019277E-02	-7.8391163E-03
+1.4275999E+02	-3.0286321E-02	-5.8843954E-03
+1.4282001E+02	-3.5040312E-02	-2.8048153E-03
+1.4288000E+02	-3.9050203E-02	+1.2628473E-03
+1.4294000E+02	-4.2119935E-02	+6.1351890E-03
+1.4300000E+02	-4.4097703E-02	+1.1590796E-02
+1.4306000E+02	-4.4883028E-02	+1.7380819E-02
+1.4312000E+02	-4.4431556E-02	+2.3240585E-02
+1.4317999E+02	-4.2757008E-02	+2.8902223E-02
+1.4324001E+02	-3.9930549E-02	+3.4107130E-02
+1.4330000E+02	-3.6077358E-02	+3.8618252E-02
+1.4336000E+02	-3.1370718E-02	+4.2231161E-02
+1.4342000E+02	-2.6023818E-02	+4.4783611E-02
+1.4348000E+02	-2.0279586E-02	+4.6163168E-02
+1.4353999E+02	-1.4399427E-02	+4.6312384E-02
+1.4360001E+02	-8.6507974E-03	+4.5231432E-02
+1.4366000E+02	-3.2946498E-03	+4.2978011E-02
+1.4372000E+02	+1.4266638E-03	+3.9664563E-02
+1.4378000E+02	+5.3009065E-03	+3.5452936E-02
+1.4384000E+02	+8.1556803E-03	+3.0546673E-02
+1.4389999E+02	+9.8665217E-03	+2.5181448E-02
+1.4396001E+02	+1.0362586E-02	+1.9613978E-02
+1.4402000E+02	+9.6298875E-03	+1.4109968E-02
+1.4408000E+02	+7.7118217E-03	+8.9316871E-03
+1.4414000E+02	+4.7070123E-03	+4.3257233E-03
+1.4420000E+02	+7.6459645E-04	+5.1150913E-04
+1.4425999E+02	-3.9228527E-03	-2.3288508E-03
+1.4432001E+02	-9.1284029E-03	-4.0589850E-03
+1.4438000E+02	-1.4601434E-02	-4.5944778E-03
+1.4444000E+02	-2.0079346E-02	-3.9067050E-03
+1.4450000E+02	-2.5299836E-02	-2.0239577E-03
+1.4456000E+02	-3.0013083E-02	+9.6996478E-04
+1.4462000E+02	-3.3993311E-02	+4.9398453E-03
+1.4467999E+02	-3.7049241E-02	+9.7054858E-03
+1.4474001E+02	-3.9032824E-02	+1.5050165E-02
+1.4480000E+02	-3.9846014E-02	+2.0730874E-02
+1.4486000E+02	-3.9445102E-02	+2.6489604E-02
+1.4492000E+02	-3.7842609E-02	+3.2065392E-02
+1.4498000E+02	-3.5106510E-02	+3.7206355E-02
+1.4503999E+02	-3.1356838E-02	+4.1681409E-02
+1.4510001E+02	-2.6760004E-02	+4.5290772E-02
+1.4516000E+02	-2.1520946E-02	+4.7875147E-02
+1.4522000E+02	-1.5873414E-02	+4.9322907E-02
+1.4528000E+02	-1.0069227E-02	+4.9575038E-02
+1.4534000E+02	-4.3664430E-03	+4.8627675E-02
+1.4539999E+02	+9.8244660E-04	+4.6532020E-02
+1.4546001E+02	+5.7421983E-03	+4.3391787E-02
+1.4552000E+02	+9.7055258E-03	+3.9358165E-02
+1.4558000E+02	+1.2702533E-02	+3.4622677E-02
+1.4564000E+02	+1.4608302E-02	+2.9408192E-02
+1.4570000E+02	+1.5348485E-02	+2.3958519E-02
+1.4575999E+02	+1.4902426E-02	+1.8527159E-02
+1.4582001E+02	+1.3303847E-02	+1.3365602E-02
+1.4588000E+02	+1.0639065E-02	+8.7118223E-03
+1.4594000E+02	+7.0427386E-03	+4.7794548E-03
+1.4600000E+02	+2.6914678E-03	+1.7481443E-03
+1.4606000E+02	-2.2045078E-03	-2.4449112E-04
+1.4612000E+02	-7.4110925E-03	-1.1089155E-03
+1.4617999E+02	-1.2681155E-02	-8.0749736E-04
+1.4624001E+02	-1.7765878E-02	+6.4406253E-04
+1.4630000E+02	-2.2426104E-02	+3.1777588E-03
+1.4636000E+02	-2.6443172E-02	+6.6766697E-03
+1.4642000E+02	-2.9628756E-02	+1.0980589E-02
+1.4648000E+02	-3.1833235E-02	+1.5893565E-02
+1.4653999E+02	-3.2952245E-02	+2.1193011E-02
+1.4660001E+02	-3.2931164E-02	+2.6639994E-02
+1.4666000E+02	-3.1767249E-02	+3.1990152E-02
+1.4672000E+02	-2.9509386E-02	+3.7004858E-02
+1.4678000E+02	-2.6255658E-02	+4.1461911E-02
+1.4684000E+02	-2.2148406E-02	+4.5165535E-02
+1.4689999E+02	-1.7367655E-02	+4.7955025E-02
+1.4696001E+02	-1.2122628E-02	+4.9711771E-02
+1.4702000E+02	-6.6421218E-03	+5.0364308E-02
+1.4708000E+02	-1.1640686E-03	+4.9891185E-02
+1.4714000E+02	+4.0752743E-03	+4.8321623E-02
+1.4720000E+02	+8.8518960E-03	+4.5733754E-02
+1.4725999E+02	+1.2964063E-02	+4.2250786E-02
+1.4732001E+02	+1.6241184E-02	+3.8035132E-02
+1.4738000E+02	+1.8551243E-02	+3.3280801E-02
+1.4744000E+02	+1.9806366E-02	+2.8204460E-02
+1.4750000E+02	+1.9966496E-02	+2.3035552E-02
+1.4756000E+02	+1.9040700E-02	+1.8005930E-02
+1.4762000E+02	+1.7086452E-02	+1.3339470E-02
+1.4767999E+02	+1.4206625E-02	+9.2421426E-03
+1.4774001E+02	+1.0544519E-02	+5.8929678E-03
+1.4780000E+02	+6.2771630E-03	+3.4362704E-03
+1.4786000E+02	+1.6071248E-03	+1.9755419E-03
+1.4792000E+02	-3.2467137E-03	+1.5691947E-03
+1.4798000E+02	-8.0590202E-03	+2.2283527E-03
+1.4803999E+02	-1.2608072E-02	+3.9167837E-03
+1.4810001E+02	-1.6685551E-02	+6.5529193E-03
+1.4816000E+02	-2.0105654E-02	+1.0013871E-02
+1.4822000E+02	-2.2713108E-02	+1.4141238E-02
+1.4828000E+02	-2.4389742E-02	+1.8748449E-02
+1.4834000E+02	-2.5059380E-02	+2.3629244E-02
+1.4839999E+02	-2.4690779E-02	+2.8566945E-02
+1.4846001E+02	-2.3298617E-02	+3.3344097E-02
+1.4852000E+02	-2.0942384E-02	+3.7752073E-02
+1.4858000E+02	-1.7723374E-02	+4.1600082E-02
+1.4864000E+02	-1.3779808E-02	+4.4723440E-02
+1.4870000E+02	-9.2804320E-03	+4.6990495E-02
+1.4875999E+02	-4.4167782E-03	+4.8308093E-02
+1.4882001E+02	+6.0524920E-04	+4.8625246E-02
+1.4888000E+02	+5.5748182E-03	+4.7934934E-02
+1.4894000E+02	+1.0285045E-02	+4.6274018E-02
+1.4900000E+02	+1.4542232E-02	+4.3721151E-02
+1.4906000E+02	+1.8174101E-02	+4.0392946E-02
+1.4912000E+02	+2.1036973E-02	+3.6438547E-02
+1.4917999E+02	+2.3021800E-02	+3.2032795E-02
+1.4924001E+02	+2.4058441E-02	+2.7368456E-02
+1.4930000E+02	+2.4118444E-02	+2.2647580E-02
+1.4936000E+02	+2.3215696E-02	+1.8072799E-02
+1.4942000E+02	+2.1405438E-02	+1.3838533E-02
+1.4948000E+02	+1.8781487E-02	+1.0122692E-02
+1.4953999E+02	+1.5471770E-02	+7.0791780E-03
+1.4960001E+02	+1.1632474E-02	+4.8315777E-03
+1.4966000E+02	+7.4410597E-03	+3.4681244E-03
+1.4972000E+02	+3.0884275E-03	+3.0383179E-03
+1.4978000E+02	-1.2293746E-03	+3.5511996E-03
+1.4984000E+02	-5.3195930E-03	+4.9753934E-03
+1.4989999E+02	-9.0009430E-03	+7.2408603E-03
+1.4996001E+02	-1.2111208E-02	+1.0242295E-02
+1.5002000E+02	-1.4513957E-02	+1.3843944E-02
+1.5008000E+02	-1.6104037E-02	+1.7885722E-02
+1.5014000E+02	-1.6811728E-02	+2.2190226E-02
+1.5020000E+02	-1.6605359E-02	+2.6570406E-02
+1.5025999E+02	-1.5492196E-02	+3.0837605E-02
+1.5032001E+02	-1.3517749E-02	+3.4809530E-02
+1.5038000E+02	-1.0763521E-02	+3.8317833E-02
+1.5044000E+02	-7.3431754E-03	+4.1215092E-02
+1.5050000E+02	-3.3974212E-03	+4.3380756E-02
+1.5056000E+02	+9.1216271E-04	+4.4725992E-02
+1.5062000E+02	+5.4099509E-03	+4.5197006E-02
+1.5067999E+02	+9.9139893E-03	+4.4777036E-02
+1.5074001E+02	+1.4243534E-02	+4.3486603E-02
+1.5080000E+02	+1.8226454E-02	+4.1382410E-02
+1.5086000E+02	+2.1706562E-02	+3.8554516E-02
+1.5092000E+02	+2.4549732E-02	+3.5122383E-02
+1.5098000E+02	+2.6649382E-02	+3.1229608E-02
+1.5103999E+02	+2.7930634E-02	+2.7037716E-02
+1.5110001E+02	+2.8353075E-02	+2.2719396E-02
+1.5116000E+02	+2.7912144E-02	+1.8451195E-02
+1.5122000E+02	+2.6639026E-02	+1.4406251E-02
+1.5128000E+02	+2.4599060E-02	+1.0747169E-02
+1.5134000E+02	+2.1888752E-02	+7.6194117E-03
+1.5139999E+02	+1.8631564E-02	+5.1454734E-03
+1.5146001E+02	+1.4972648E-02	+3.4200328E-03
+1.5152000E+02	+1.1072704E-02	+2.5062826E-03
+1.5158000E+02	+7.1013067E-03	+2.4335841E-03
+1.5164000E+02	+3.2298942E-03	+3.1965103E-03
+1.5170000E+02	-3.7523848E-04	+4.7553121E-03
+1.5175999E+02	-3.5596958E-03	+7.0377789E-03
+1.5182001E+02	-6.1871856E-03	+9.9423872E-03
+1.5188000E+02	-8.1449617E-03	+1.3342625E-02
+1.5194000E+02	-9.3482723E-03	+1.7092275E-02
+1.5200000E+02	-9.7435964E-03	+2.1031503E-02
+1.5206000E+02	-9.3107373E-03	+2.4993362E-02
+1.5212000E+02	-8.0633555E-03	+2.8810667E-02
+1.5217999E+02	-6.0483199E-03	+3.2322727E-02
+1.5224001E+02	-3.3436434E-03	+3.5381824E-02
+1.5230000E+02	-5.5180375E-05	+3.7859153E-02
+1.5236000E+02	+3.6877617E-03	+3.9649948E-02
+1.5242000E+02	+7.7377385E-03	+4.0677603E-02
+1.5248000E+02	+1.1935228E-02	+4.0896703E-02
+1.5253999E+02	+1.6115017E-02	+4.0294722E-02
+1.5260001E+02	+2.0112954E-02	+3.8892478E-02
+1.5266000E+02	+2.3772564E-02	+3.6743149E-02
+1.5272000E+02	+2.6951307E-02	+3.3930123E-02
+1.5278000E+02	+2.9526325E-02	+3.0563522E-02
+1.5284000E+02	+3.1399373E-02	+2.6775748E-02
+1.5289999E+02	+3.2500722E-02	+2.2716107E-02
+1.5296001E+02	+3.2791939E-02	+1.8544782E-02
+1.5302000E+02	+3.2267440E-02	+1.4426362E-02
+1.5308000E+02	+3.0954681E-02	+1.0523197E-02
+1.5314000E+02	+2.8913058E-02	+6.9888728E-03
+1.5320000E+02	+2.6231511E-02	+3.9619980E-03
+1.5325999E+02	+2.3024958E-02	+1.5606118E-03
+1.5332001E+02	+1.9429676E-02	-1.2259802E-04
+1.5338000E+02	+1.5597830E-02	-1.0240636E-03
+1.5344000E+02	+1.1691335E-02	-1.1119460E-03
+1.5350000E+02	+7.8753456E-03	-3.8747594E-04
+1.5356000E+02	+4.3115751E-03	+1.1150320E-03
+1.5362000E+02	+1.1517511E-03	+3.3294924E-03
+1.5367999E+02	-1.4685547E-03	+6.1606453E-03
+1.5374001E+02	-3.4354599E-03	+9.4878338E-03
+1.5380000E+02	-4.6614548E-03	+1.3169816E-02
+1.5386000E+02	-5.0890460E-03	+1.7050432E-02
+1.5392000E+02	-4.6931771E-03	+2.0964891E-02
+1.5398000E+02	-3.4823839E-03	+2.4746422E-02
+1.5403999E+02	-1.4985673E-03	+2.8233076E-02
+1.5410001E+02	+1.1845537E-03	+3.1274304E-02
+1.5416000E+02	+4.4643129E-03	+3.3737164E-02
+1.5422000E+02	+8.2131857E-03	+3.5511814E-02
+1.5428000E+02	+1.2283818E-02	+3.6516100E-02
+1.5434000E+02	+1.6515005E-02	+3.6699064E-02
+1.5439999E+02	+2.0738179E-02	+3.6043145E-02
+1.5446001E+02	+2.4784267E-02	+3.4565136E-02
+1.5452000E+02	+2.8490676E-02	+3.2315608E-02
+1.5458000E+02	+3.1707920E-02	+2.9377079E-02
+1.5464000E+02	+3.4305856E-02	+2.5860749E-02
+1.5470000E+02	+3.6179185E-02	+2.1902135E-02
+1.5475999E+02	+3.7251893E-02	+1.7655604E-02
+1.5482001E+02	+3.7480533E-02	+1.3288137E-02
+1.5488000E+02	+3.6856256E-02	+8.9725098E-03
+1.5494000E+02	+3.5405349E-02	+4.8801918E-03
+1.5500000E+02	+3.3188358E-02	+1.1742513E-03
+1.5506000E+02	+3.0297818E-02	-1.9974431E-03
+1.5512000E+02	+2.6854573E-02	-4.5084446E-03
+1.5517999E+02	+2.3002960E-02	-6.2590991E-03
+1.5524001E+02	+1.8904949E-02	-7.1808486E-03
+1.5530000E+02	+1.4733519E-02	-7.2392719E-03
+1.5536000E+02	+1.0665527E-02	-6.4357170E-03
+1.5542000E+02	+6.8743490E-03	-4.8074694E-03
+1.5548000E+02	+3.5226473E-03	-2.4264099E-03
+1.5553999E+02	+7.5549702E-04	+6.0378195E-04
+1.5560001E+02	-1.3057713E-03	+4.1517704E-03
+1.5566000E+02	-2.5687974E-03	+8.0638984E-03
+1.5572000E+02	-2.9742219E-03	+1.2170493E-02
+1.5578000E+02	-2.4983701E-03	+1.6292887E-02
+1.5584000E+02	-1.1544473E-03	+2.0250874E-02
+1.5589999E+02	+1.0078092E-03	+2.3870254E-02
+1.5596001E+02	+3.9040288E-03	+2.6990222E-02
+1.5602000E+02	+7.4185496E-03	+2.9470174E-02
+1.5608000E+02	+1.1409147E-02	+3.1195765E-02
+1.5614000E+02	+1.5712904E-02	+3.2083854E-02
+1.5620000E+02	+2.0152947E-02	+3.2086171E-02
+1.5625999E+02	+2.4545873E-02	+3.1191550E-02
+1.5632001E+02	+2.8709473E-02	+2.9426524E-02
+1.5638000E+02	+3.2470442E-02	+2.6854439E-02
+1.5644000E+02	+3.5671767E-02	+2.3572899E-02
+1.5650000E+02	+3.8179427E-02	+1.9709783E-02
+1.5656000E+02	+3.9888192E-02	+1.5417947E-02
+1.5662000E+02	+4.0726211E-02	+1.0868838E-02
+1.5667999E+02	+4.0658154E-02	+6.2452862E-03
+1.5674001E+02	+3.9686892E-02	+1.7337602E-03
+1.5680000E+02	+3.7853457E-02	-2.4835386E-03
+1.5686000E+02	+3.5235442E-02	-6.2364489E-03
+1.5692000E+02	+3.1943802E-02	-9.3741324E-03
+1.5698000E+02	+2.8118208E-02	-1.1771549E-02
+1.5703999E+02	+2.3921182E-02	-1.3334858E-02
+1.5710001E+02	+1.9531194E-02	-1.4005495E-02
+1.5716000E+02	+1.5135075E-02	-1.3762737E-02
+1.5722000E+02	+1.0920087E-02	-1.2624660E-02
+1.5728000E+02	+7.0658755E-03	-1.0647425E-02
+1.5734000E+02	+3.7368136E-03	-7.9229372E-03
+1.5739999E+02	+1.0749409E-03	-4.5749363E-03
+1.5746001E+02	-8.0613449E-04	-7.5374090E-04
+1.5752000E+02	-1.8261088E-03	+3.3701777E-03
+1.5758000E+02	-1.9414314E-03	+7.6134885E-03
+1.5764000E+02	-1.1471744E-03	+1.1787853E-02
+1.5770000E+02	+5.2276882E-04	+1.5708005E-02
+1.5775999E+02	+2.9971609E-03	+1.9199681E-02
+1.5782001E+02	+6.1704991E-03	+2.2107085E-02
+1.5788000E+02	+9.9075921E-03	+2.4299562E-02
+1.5794000E+02	+1.4049385E-02	+2.5677143E-02
+1.5800000E+02	+1.8419847E-02	+2.6174806E-02
+1.5806000E+02	+2.2833539E-02	+2.5765169E-02
+1.5812000E+02	+2.7103625E-02	+2.4459602E-02
+1.5817999E+02	+3.1049863E-02	+2.2307608E-02
+1.5824001E+02	+3.4506328E-02	+1.9394593E-02
+1.5830000E+02	+3.7328523E-02	+1.5838083E-02
+1.5836000E+02	+3.9399453E-02	+1.1782538E-02
+1.5842000E+02	+4.0634573E-02	+7.3930663E-03
+1.5848000E+02	+4.0985245E-02	+2.8482149E-03
+1.5853999E+02	+4.0440682E-02	-1.6677394E-03
+1.5860001E+02	+3.9028190E-02	-5.9727458E-03
+1.5866000E+02	+3.6811784E-02	-9.8947724E-03
+1.5872000E+02	+3.3889238E-02	-1.3279143E-02
+1.5878000E+02	+3.0387657E-02	-1.5995048E-02
+1.5884000E+02	+2.6457842E-02	-1.7941019E-02
+1.5889999E+02	+2.2267617E-02	-1.9049052E-02
+1.5896001E+02	+1.7994545E-02	-1.9287283E-02
+1.5902000E+02	+1.3818193E-02	-1.8661059E-02
+1.5908000E+02	+9.9124340E-03	-1.7212406E-02
+1.5914000E+02	+6.4380560E-03	-1.5017884E-02
+1.5920000E+02	+3.5359678E-03	-1.2185008E-02
+1.5925999E+02	+1.3213682E-03	-8.8473232E-03
+1.5932001E+02	-1.2091223E-04	-5.1584304E-03
+1.5938000E+02	-7.3974585E-04	-1.2851955E-03
+1.5944000E+02	-5.1949755E-04	+2.5995360E-03
+1.5950000E+02	+5.1970658E-04	+6.3243988E-03
+1.5956000E+02	+2.3232729E-03	+9.7268159E-03
+1.5962000E+02	+4.8049069E-03	+1.2659827E-02
+1.5967999E+02	+7.8507084E-03	+1.4998159E-02
+1.5974001E+02	+1.1324404E-02	+1.6643282E-02
+1.5980000E+02	+1.5073469E-02	+1.7527210E-02
+1.5986000E+02	+1.8935865E-02	+1.7614981E-02
+1.5992000E+02	+2.2747075E-02	+1.6905613E-02
+1.5998000E+02	+2.6347138E-02	+1.5431630E-02
+1.6003999E+02	+2.9587362E-02	+1.3257127E-02
+1.6010001E+02	+3.2336444E-02	+1.0474520E-02
+1.6016000E+02	+3.4485742E-02	+7.2001321E-03
+1.6022000E+02	+3.5953447E-02	+3.5688421E-03
+1.6028000E+02	+3.6687531E-02	-2.7196814E-04
+1.6034000E+02	+3.6667399E-02	-4.1688750E-03
+1.6039999E+02	+3.5904109E-02	-7.9690060E-03
+1.6046001E+02	+3.4439247E-02	-1.1526459E-02
+1.6052000E+02	+3.2342542E-02	-1.4708292E-02
+1.6058000E+02	+2.9708300E-02	-1.7399803E-02
+1.6064000E+02	+2.6650924E-02	-1.9508952E-02
+1.6070000E+02	+2.3299623E-02	-2.0969631E-02
+1.6075999E+02	+1.9792691E-02	-2.1743838E-02
+1.6082001E+02	+1.6271509E-02	-2.1822533E-02
+1.6088000E+02	+1.2874573E-02	-2.1225277E-02
+1.6094000E+02	+9.7318599E-03	-1.9998657E-02
+1.6100000E+02	+6.9596553E-03	-1.8213622E-02
+1.6106000E+02	+4.6561491E-03	-1.5961874E-02
+1.6112000E+02	+2.8979429E-03	-1.3351481E-02
+1.6117999E+02	+1.7375191E-03	-1.0501963E-02
+1.6124001E+02	+1.2018593E-03	-7.5390493E-03
+1.6130000E+02	+1.2921460E-03	-4.5893509E-03
+1.6136000E+02	+1.9845583E-03	-1.7751998E-03
+1.6142000E+02	+3.2320733E-03	+7.9016574E-04
+1.6148000E+02	+4.9671661E-03	+3.0068469E-03
+1.6153999E+02	+7.1052448E-03	+4.7918172E-03
+1.6160001E+02	+9.5486538E-03	+6.0816254E-03
+1.6166000E+02	+1.2191048E-02	+6.8341764E-03
+1.6172000E+02	+1.4921926E-02	+7.0295720E-03
+1.6178000E+02	+1.7631145E-02	+6.6700107E-03
+1.6184000E+02	+2.0213204E-02	+5.7788002E-03
+1.6189999E+02	+2.2571137E-02	+4.3985653E-03
+1.6196001E+02	+2.4619892E-02	+2.5887794E-03
+1.6202000E+02	+2.6289046E-02	+4.2274196E-04
+1.6208000E+02	+2.7524810E-02	-2.0158226E-03
+1.6214000E+02	+2.8291289E-02	-4.6363967E-03
+1.6220000E+02	+2.8570946E-02	-7.3453556E-03
+1.6225999E+02	+2.8364362E-02	-1.0049571E-02
+1.6232001E+02	+2.7689327E-02	-1.2659764E-02
+1.6238000E+02	+2.6579296E-02	-1.5093526E-02
+1.6244000E+02	+2.5081418E-02	-1.7277880E-02
+1.6250000E+02	+2.3254141E-02	-1.9151326E-02
+1.6256000E+02	+2.1164624E-02	-2.0665351E-02
+1.6262000E+02	+1.8885970E-02	-2.1785341E-02
+1.6267999E+02	+1.6494503E-02	-2.2490989E-02
+1.6274001E+02	+1.4067091E-02	-2.2776142E-02
+1.6280000E+02	+1.1678678E-02	-2.2648215E-02
+1.6286000E+02	+9.4000679E-03	-2.2127232E-02
+1.6292000E+02	+7.2960481E-03	-2.1244487E-02
+1.6298000E+02	+5.4237740E-03	-2.0041050E-02
+1.6303999E+02	+3.8315253E-03	-1.8566079E-02
+1.6310001E+02	+2.5579073E-03	-1.6875036E-02
+1.6316000E+02	+1.6311944E-03	-1.5027902E-02
+1.6322000E+02	+1.0691537E-03	-1.3087433E-02
+1.6328000E+02	+8.7894569E-04	-1.1117472E-02
+1.6334000E+02	+1.0574481E-03	-9.1813654E-03
+1.6339999E+02	+1.5915756E-03	-7.3404922E-03
+1.6346001E+02	+2.4588804E-03	-5.6529264E-03
+1.6352000E+02	+3.6282009E-03	-4.1721975E-03
+1.6358000E+02	+5.0604693E-03	-2.9461733E-03
+1.6364000E+02	+6.7095836E-03	-2.0160412E-03
+1.6370000E+02	+8.5233776E-03	-1.4153884E-03
+1.6375999E+02	+1.0444697E-02	-1.1693685E-03
+1.6382001E+02	+1.2412571E-02	-1.2939735E-03
+1.6388000E+02	+1.4363509E-02	-1.7954112E-03
+1.6394000E+02	+1.6232887E-02	-2.6696187E-03
+1.6400000E+02	+1.7956518E-02	-3.9019340E-03
+1.6406000E+02	+1.9472254E-02	-5.4669660E-03
+1.6412000E+02	+2.0721765E-02	-7.3287035E-03
+1.6417999E+02	+2.1652341E-02	-9.4408998E-03
+1.6424001E+02	+2.2218717E-02	-1.1747770E-02
+1.6430000E+02	+2.2384895E-02	-1.4185038E-02
+1.6436000E+02	+2.2125825E-02	-1.6681358E-02
+1.6442000E+02	+2.1428937E-02	-1.9160053E-02
+1.6448000E+02	+2.0295370E-02	-2.1541294E-02
+1.6453999E+02	+1.8740892E-02	-2.3744497E-02
+1.6460001E+02	+1.6796339E-02	-2.5691045E-02
+1.6466000E+02	+1.4507553E-02	-2.7307177E-02
+1.6472000E+02	+1.1934754E-02	-2.8526930E-02
+1.6478000E+02	+9.1514103E-03	-2.9295025E-02
+1.6484000E+02	+6.2422385E-03	-2.9569682E-02
+1.6489999E+02	+3.3008428E-03	-2.9325016E-02
+1.6496001E+02	+4.2676280E-04	-2.8553039E-02
+1.6502000E+02	-2.2780597E-03	-2.7265105E-02
+1.6508000E+02	-4.7130971E-03	-2.5492651E-02
+1.6514000E+02	-6.7832405E-03	-2.3287171E-02
+1.6520000E+02	-8.4029417E-03	-2.0719346E-02
+1.6525999E+02	-9.5001962E-03	-1.7877305E-02
+1.6532001E+02	-1.0020168E-02	-1.4864076E-02
+1.6538000E+02	-9.9284463E-03	-1.1794161E-02
+1.6544000E+02	-9.2134979E-03	-8.7894881E-03
+1.6550000E+02	-7.8883646E-03	-5.9747449E-03
+1.6556000E+02	-5.9913700E-03	-3.4723601E-03
+1.6562000E+02	-3.5857824E-03	-1.3972665E-03
+1.6567999E+02	-7.5837545E-04	+1.4828633E-04
+1.6574001E+02	+2.3831197E-03	+1.0796307E-03
+1.6580000E+02	+5.7136044E-03	+1.3340833E-03
+1.6586000E+02	+9.0951417E-03	+8.7459956E-04
+1.6592000E+02	+1.2382287E-02	-3.0753587E-04
+1.6598000E+02	+1.5427975E-02	-2.1911149E-03
+1.6603999E+02	+1.8089771E-02	-4.7246795E-03
+1.6610001E+02	+2.0236190E-02	-7.8275120E-03
+1.6616000E+02	+2.1752793E-02	-1.1391963E-02
+1.6622000E+02	+2.2547795E-02	-1.5287085E-02
+1.6628000E+02	+2.2556903E-02	-1.9363433E-02
+1.6634000E+02	+2.1747077E-02	-2.3458891E-02
+1.6639999E+02	+2.0119099E-02	-2.7405297E-02
+1.6646001E+02	+1.7708695E-02	-3.1035559E-02
+1.6652000E+02	+1.4586116E-02	-3.4191009E-02
+1.6658000E+02	+1.0854186E-02	-3.6728613E-02
+1.6664000E+02	+6.6448567E-03	-3.8527753E-02
+1.6670000E+02	+2.1142478E-03	-3.9496213E-02
+1.6675999E+02	-2.5635159E-03	-3.9575059E-02
+1.6682001E+02	-7.2034155E-03	-3.8742214E-02
+1.6688000E+02	-1.1617411E-02	-3.7014462E-02
+1.6694000E+02	-1.5622685E-02	-3.4447752E-02
+1.6700000E+02	-1.9049907E-02	-3.1135753E-02
+1.6706000E+02	-2.1750979E-02	-2.7206667E-02
+1.6712000E+02	-2.3606239E-02	-2.2818370E-02
+1.6717999E+02	-2.4530374E-02	-1.8152149E-02
+1.6724001E+02	-2.4477044E-02	-1.3405138E-02
+1.6730000E+02	-2.3441808E-02	-8.7819286E-03
+1.6736000E+02	-2.1463200E-02	-4.4856025E-03
+1.6742000E+02	-1.8621925E-02	-7.0865022E-04
+1.6748000E+02	-1.5038096E-02	+2.3758418E-03
+1.6753999E+02	-1.0866612E-02	+4.6222867E-03
+1.6760001E+02	-6.2908917E-03	+5.9196143E-03
+1.6766000E+02	-1.5151569E-03	+6.1968584E-03
+1.6772000E+02	+3.2443444E-03	+5.4270155E-03
+1.6778000E+02	+7.7688606E-03	+3.6289680E-03
+1.6784000E+02	+1.1846893E-02	+8.6735480E-04
+1.6789999E+02	+1.5283807E-02	-2.7496612E-03
+1.6796001E+02	+1.7910821E-02	-7.0746392E-03
+1.6802000E+02	+1.9592945E-02	-1.1926969E-02
+1.6808000E+02	+2.0235486E-02	-1.7100591E-02
+1.6814000E+02	+1.9788802E-02	-2.2372982E-02
+1.6820000E+02	+1.8251026E-02	-2.7515000E-02
+1.6825999E+02	+1.5668707E-02	-3.2301188E-02
+1.6832001E+02	+1.2135103E-02	-3.6520001E-02
+1.6838000E+02	+7.7864723E-03	-3.9983511E-02
+1.6844000E+02	+2.7961752E-03	-4.2536132E-02
+1.6850000E+02	-2.6328410E-03	-4.4061940E-02
+1.6856000E+02	-8.2770847E-03	-4.4490237E-02
+1.6862000E+02	-1.3902548E-02	-4.3799073E-02
+1.6867999E+02	-1.9275345E-02	-4.2016529E-02
+1.6874001E+02	-2.4172341E-02	-3.9219722E-02
+1.6880000E+02	-2.8391505E-02	-3.5531521E-02
+1.6886000E+02	-3.1761128E-02	-3.1115107E-02
+1.6892000E+02	-3.4147952E-02	-2.6166681E-02
+1.6898000E+02	-3.5463374E-02	-2.0906519E-02
+1.6903999E+02	-3.5667621E-02	-1.5568952E-02
+1.6910001E+02	-3.4771822E-02	-1.0391547E-02
+1.6916000E+02	-3.2837503E-02	-5.6042410E-03
+1.6922000E+02	-2.9973950E-02	-1.4185830E-03
+1.6928000E+02	-2.6333138E-02	+1.9819839E-03
+1.6934000E+02	-2.2102823E-02	+4.4507231E-03
+1.6939999E+02	-1.7497841E-02	+5.8844169E-03
+1.6946001E+02	-1.2750192E-02	+6.2281904E-03
+1.6952000E+02	-8.0982614E-03	+5.4781130E-03
+1.6958000E+02	-3.7757820E-03	+3.6813745E-03
+1.6964000E+02	-9.6530789E-07	+9.3411416E-04
+1.6970000E+02	+3.0336170E-03	-2.6230526E-03
+1.6975999E+02	+5.1699509E-03	-6.8115741E-03
+1.6982001E+02	+6.2918849E-03	-1.1423264E-02
+1.6988000E+02	+6.3304626E-03	-1.6229976E-02
+1.6994000E+02	+5.2670348E-03	-2.0994185E-02
+1.7000000E+02	+3.1340641E-03	-2.5479967E-02
