+1.1000000E+02	-6.5004903E-01	+6.8210822E-01
+1.1006000E+02	-5.3530866E-01	+7.7525961E-01
+1.1012000E+02	-4.0760499E-01	+8.4918201E-01
+1.1018000E+02	-2.7014437E-01	+9.0214717E-01
+1.1024000E+02	-1.2634842E-01	+9.3295789E-01
+1.1030000E+02	+2.0233819E-02	+9.4097221E-01
+1.1036000E+02	+1.6601515E-01	+9.2611188E-01
+1.1042000E+02	+3.0745798E-01	+8.8885784E-01
+1.1048000E+02	+4.4116139E-01	+8.3023143E-01
+1.1054000E+02	+5.6394207E-01	+7.5176221E-01
+1.1060000E+02	+6.7290813E-01	+6.5544534E-01
+1.1066000E+02	+7.6552570E-01	+5.4368627E-01
+1.1072000E+02	+8.3967495E-01	+4.1923818E-01
+1.1078000E+02	+8.9369559E-01	+2.8513184E-01
+1.1084000E+02	+9.2641973E-01	+1.4459944E-01
+1.1090000E+02	+9.3719369E-01	+9.9538744E-04
+1.1096000E+02	+9.2588598E-01	-1.4228393E-01
+1.1102000E+02	+8.9288414E-01	-2.8188056E-01
+1.1108000E+02	+8.3907831E-01	-4.1455263E-01
+1.1114000E+02	+7.6583451E-01	-5.3724831E-01
+1.1120000E+02	+6.7495692E-01	-6.4717335E-01
+1.1126000E+02	+5.6864053E-01	-7.4185258E-01
+1.1132000E+02	+4.4941649E-01	-8.1918228E-01
+1.1138000E+02	+3.2008991E-01	-8.7747324E-01
+1.1144000E+02	+1.8367438E-01	-9.1548449E-01
+1.1150000E+02	+4.3318190E-02	-9.3244606E-01
+1.1156000E+02	-9.7763576E-02	-9.2807060E-01
+1.1162000E+02	-2.3636413E-01	-9.0255451E-01
+1.1168000E+02	-3.6935735E-01	-8.5656846E-01
+1.1174000E+02	-4.9376422E-01	-7.9123777E-01
+1.1180000E+02	-6.0681856E-01	-7.0811230E-01
+1.1186000E+02	-7.0602506E-01	-6.0912955E-01
+1.1192000E+02	-7.8921372E-01	-4.9656603E-01
+1.1198000E+02	-8.5458207E-01	-3.7298706E-01
+1.1204000E+02	-9.0073287E-01	-2.4118660E-01
+1.1210000E+02	-9.2670196E-01	-1.0412440E-01
+1.1216000E+02	-9.3197459E-01	+3.5139497E-02
+1.1222000E+02	-9.1649449E-01	+1.7351121E-01
+1.1228000E+02	-8.8066173E-01	+3.0793184E-01
+1.1234000E+02	-8.2532066E-01	+4.3544346E-01
+1.1240000E+02	-7.5173938E-01	+5.5325162E-01
+1.1246000E+02	-6.6158056E-01	+6.5878570E-01
+1.1252000E+02	-5.5686140E-01	+7.4975336E-01
+1.1258000E+02	-4.3991083E-01	+8.2418835E-01
+1.1264000E+02	-3.1331536E-01	+8.8049233E-01
+1.1270000E+02	-1.7986314E-01	+9.1746664E-01
+1.1276000E+02	-4.2483125E-02	+9.3433738E-01
+1.1282000E+02	+9.5819645E-02	+9.3077028E-01
+1.1288000E+02	+2.3202848E-01	+9.0687621E-01
+1.1294000E+02	+3.6318135E-01	+8.6320686E-01
+1.1300000E+02	+4.8643336E-01	+8.0074209E-01
+1.1306000E+02	+5.9911913E-01	+7.2086638E-01
+1.1312000E+02	+6.9880915E-01	+6.2533808E-01
+1.1318000E+02	+7.8336221E-01	+5.1624984E-01
+1.1324000E+02	+8.5096985E-01	+3.9598247E-01
+1.1330000E+02	+9.0019530E-01	+2.6715225E-01
+1.1336000E+02	+9.3000311E-01	+1.3255349E-01
+1.1342000E+02	+9.3977970E-01	-4.9025216E-03
+1.1348000E+02	+9.2934573E-01	-1.4225090E-01
+1.1354000E+02	+8.9895844E-01	-2.7653772E-01
+1.1360000E+02	+8.4930360E-01	-4.0488395E-01
+1.1366000E+02	+7.8148025E-01	-5.2454609E-01
+1.1372000E+02	+6.9697356E-01	-6.3297838E-01
+1.1378000E+02	+5.9762317E-01	-7.2788221E-01
+1.1384000E+02	+4.8557934E-01	-8.0725896E-01
+1.1390000E+02	+3.6325753E-01	-8.6944848E-01
+1.1396000E+02	+2.3328269E-01	-9.1316521E-01
+1.1402000E+02	+9.8434567E-02	-9.3752235E-01
+1.1408000E+02	-3.8416412E-02	-9.4204998E-01
+1.1414000E+02	-1.7436771E-01	-9.2670196E-01
+1.1420000E+02	-3.0655098E-01	-8.9185405E-01
+1.1426000E+02	-4.3218863E-01	-8.3829397E-01
+1.1432000E+02	-5.4865617E-01	-7.6720142E-01
+1.1438000E+02	-6.5353525E-01	-6.8012005E-01
+1.1444000E+02	-7.4466330E-01	-5.7892275E-01
+1.1450000E+02	-8.2017863E-01	-4.6576875E-01
+1.1456000E+02	-8.7855709E-01	-3.4305599E-01
+1.1462000E+02	-9.1863996E-01	-2.1336921E-01
+1.1468000E+02	-9.3965751E-01	-7.9424225E-02
+1.1474000E+02	-9.4124049E-01	+5.5991236E-02
+1.1480000E+02	-9.2342466E-01	+1.9007508E-01
+1.1486000E+02	-8.8664681E-01	+3.2006931E-01
+1.1492000E+02	-8.3173150E-01	+4.4331747E-01
+1.1498000E+02	-7.5987148E-01	+5.5731779E-01
+1.1504000E+02	-6.7259926E-01	+6.5977383E-01
+1.1510000E+02	-5.7175195E-01	+7.4863976E-01
+1.1516000E+02	-4.5943224E-01	+8.2215917E-01
+1.1522000E+02	-3.3796194E-01	+8.7889820E-01
+1.1528000E+02	-2.0983410E-01	+9.1777205E-01
+1.1534000E+02	-7.7658907E-02	+9.3806362E-01
+1.1540000E+02	+5.5887666E-02	+9.3943381E-01
+1.1546000E+02	+1.8811725E-01	+9.2192537E-01
+1.1552000E+02	+3.1638798E-01	+8.8595837E-01
+1.1558000E+02	+4.3815026E-01	+8.3231848E-01
+1.1564000E+02	+5.5100065E-01	+7.6213807E-01
+1.1570000E+02	+6.5272707E-01	+6.7687005E-01
+1.1576000E+02	+7.4134845E-01	+5.7825911E-01
+1.1582000E+02	+8.1515574E-01	+4.6830127E-01
+1.1588000E+02	+8.7273979E-01	+3.4920534E-01
+1.1594000E+02	+9.1301787E-01	+2.2334740E-01
+1.1600000E+02	+9.3525153E-01	+9.3223430E-02
+1.1606000E+02	+9.3905896E-01	-3.8600169E-02
+1.1612000E+02	+9.2441905E-01	-1.6953661E-01
+1.1618000E+02	+8.9166993E-01	-2.9702875E-01
+1.1624000E+02	+8.4149963E-01	-4.1859832E-01
+1.1630000E+02	+7.7493101E-01	-5.3189272E-01
+1.1636000E+02	+6.9329941E-01	-6.3472968E-01
+1.1642000E+02	+5.9822595E-01	-7.2513801E-01
+1.1648000E+02	+4.9158436E-01	-8.0139399E-01
+1.1654000E+02	+3.7546465E-01	-8.6205298E-01
+1.1660000E+02	+2.5213030E-01	-9.0597588E-01
+1.1666000E+02	+1.2397728E-01	-9.3234891E-01
+1.1672000E+02	-6.5155183E-03	-9.4069815E-01
+1.1678000E+02	-1.3683142E-01	-9.3089664E-01
+1.1684000E+02	-2.6446545E-01	-9.0316582E-01
+1.1690000E+02	-3.8697162E-01	-8.5806918E-01
+1.1696000E+02	-5.0200778E-01	-7.9650116E-01
+1.1702000E+02	-6.0738319E-01	-7.1966851E-01
+1.1708000E+02	-7.0109606E-01	-6.2906587E-01
+1.1714000E+02	-7.8137314E-01	-5.2644688E-01
+1.1720000E+02	-8.4670186E-01	-4.1378978E-01
+1.1726000E+02	-8.9585876E-01	-2.9325929E-01
+1.1732000E+02	-9.2793161E-01	-1.6716397E-01
+1.1738000E+02	-9.4233537E-01	-3.7912793E-02
+1.1744000E+02	-9.3882328E-01	+9.2031561E-02
+1.1750000E+02	-9.1748941E-01	+2.2019956E-01
+1.1756000E+02	-8.7876600E-01	+3.4416226E-01
+1.1762000E+02	-8.2341456E-01	+4.6157670E-01
+1.1768000E+02	-7.5251007E-01	+5.7023042E-01
+1.1774000E+02	-6.6741854E-01	+6.6808385E-01
+1.1780000E+02	-5.6977123E-01	+7.5330698E-01
+1.1786000E+02	-4.6143243E-01	+8.2431459E-01
+1.1792000E+02	-3.4446222E-01	+8.7979442E-01
+1.1798000E+02	-2.2107682E-01	+9.1873217E-01
+1.1804000E+02	-9.3606830E-02	+9.4042814E-01
+1.1810000E+02	+3.5548560E-02	+9.4450986E-01
+1.1816000E+02	+1.6396637E-01	+9.3093699E-01
+1.1822000E+02	+2.8924680E-01	+9.0000099E-01
+1.1828000E+02	+4.0905738E-01	+8.5231757E-01
+1.1834000E+02	+5.2117640E-01	+7.8881371E-01
+1.1840000E+02	+6.2353534E-01	+7.1070808E-01
+1.1846000E+02	+7.1425599E-01	+6.1948687E-01
+1.1852000E+02	+7.9168415E-01	+5.1687402E-01
+1.1858000E+02	+8.5441953E-01	+4.0479806E-01
+1.1864000E+02	+9.0134102E-01	+2.8535438E-01
+1.1870000E+02	+9.3162441E-01	+1.6076536E-01
+1.1876000E+02	+9.4475657E-01	+3.3338450E-02
+1.1882000E+02	+9.4054288E-01	-9.4577342E-02
+1.1888000E+02	+9.1910821E-01	-2.2063492E-01
+1.1894000E+02	+8.8089263E-01	-3.4253243E-01
+1.1900000E+02	+8.2664138E-01	-4.5805496E-01
+1.1906000E+02	+7.5738859E-01	-5.6511474E-01
+1.1912000E+02	+6.7443663E-01	-6.6178823E-01
+1.1918000E+02	+5.7933038E-01	-7.4634969E-01
+1.1924000E+02	+4.7382760E-01	-8.1730133E-01
+1.1930000E+02	+3.5986522E-01	-8.7339878E-01
+1.1936000E+02	+2.3952417E-01	-9.1367143E-01
+1.1942000E+02	+1.1498945E-01	-9.3743825E-01
+1.1948000E+02	-1.1488791E-02	-9.4431770E-01
+1.1954000E+02	-1.3763599E-01	-9.3423241E-01
+1.1960000E+02	-2.6119414E-01	-9.0740907E-01
+1.1966000E+02	-3.7996158E-01	-8.6437100E-01
+1.1972000E+02	-4.9183184E-01	-8.0592853E-01
+1.1978000E+02	-5.9482980E-01	-7.3316187E-01
+1.1984000E+02	-6.8714708E-01	-6.4740008E-01
+1.1990000E+02	-7.6717097E-01	-5.5019695E-01
+1.1996000E+02	-8.3351201E-01	-4.4330245E-01
+1.2002000E+02	-8.8502848E-01	-3.2862946E-01
+1.2008000E+02	-9.2084354E-01	-2.0822100E-01
+1.2014000E+02	-9.4035918E-01	-8.4213667E-02
+1.2020000E+02	-9.4326603E-01	+4.1201085E-02
+1.2026000E+02	-9.2954689E-01	+1.6581461E-01
+1.2032000E+02	-8.9947516E-01	+2.8743967E-01
+1.2038000E+02	-8.5360950E-01	+4.0394807E-01
+1.2044000E+02	-7.9278255E-01	+5.1330823E-01
+1.2050000E+02	-7.1808523E-01	+6.1361885E-01
+1.2056000E+02	-6.3084692E-01	+7.0314211E-01
+1.2062000E+02	-5.3261238E-01	+7.8033304E-01
+1.2068000E+02	-4.2511219E-01	+8.4386498E-01
+1.2074000E+02	-3.1023392E-01	+8.9265275E-01
+1.2080000E+02	-1.8998891E-01	+9.2586958E-01
+1.2086000E+02	-6.6475481E-02	+9.4296139E-01
+1.2092000E+02	+5.8155708E-02	+9.4365507E-01
+1.2098000E+02	+1.8173955E-01	+9.2796230E-01
+1.2104000E+02	+3.0213574E-01	+8.9617866E-01
+1.2110000E+02	+4.1726276E-01	+8.4887761E-01
+1.2116000E+02	+5.2513582E-01	+7.8689981E-01
+1.2122000E+02	+6.2390035E-01	+7.1133757E-01
+1.2128000E+02	+7.1186328E-01	+6.2351531E-01
+1.2134000E+02	+7.8752238E-01	+5.2496642E-01
+1.2140000E+02	+8.4959108E-01	+4.1740495E-01
+1.2146000E+02	+8.9702070E-01	+3.0269682E-01
+1.2152000E+02	+9.2901719E-01	+1.8282624E-01
+1.2158000E+02	+9.4505429E-01	+5.9861071E-02
+1.2164000E+02	+9.4488174E-01	-6.4082794E-02
+1.2170000E+02	+9.2852861E-01	-1.8687837E-01
+1.2176000E+02	+8.9630151E-01	-3.0642429E-01
+1.2182000E+02	+8.4877861E-01	-4.2068076E-01
+1.2188000E+02	+7.8679848E-01	-5.2770460E-01
+1.2194000E+02	+7.1144474E-01	-6.2568223E-01
+1.2200000E+02	+6.2402582E-01	-7.1296018E-01
+1.2206000E+02	+5.2605259E-01	-7.8807294E-01
+1.2212000E+02	+4.1921055E-01	-8.4976709E-01
+1.2218000E+02	+3.0533063E-01	-8.9702159E-01
+1.2224000E+02	+1.8635747E-01	-9.2906451E-01
+1.2230000E+02	+6.4314775E-02	-9.4538480E-01
+1.2236000E+02	-5.8727961E-02	-9.4573933E-01
+1.2242000E+02	-1.8069312E-01	-9.3015635E-01
+1.2248000E+02	-2.9952747E-01	-8.9893258E-01
+1.2254000E+02	-4.1323948E-01	-8.5262752E-01
+1.2260000E+02	-5.1992995E-01	-7.9205245E-01
+1.2266000E+02	-6.1782670E-01	-7.1825457E-01
+1.2272000E+02	-7.0531023E-01	-6.3249922E-01
+1.2278000E+02	-7.8094161E-01	-5.3624713E-01
+1.2284000E+02	-8.4348685E-01	-4.3112734E-01
+1.2290000E+02	-8.9193290E-01	-3.1891191E-01
+1.2296000E+02	-9.2550647E-01	-2.0148271E-01
+1.2302000E+02	-9.4368368E-01	-8.0801830E-02
+1.2308000E+02	-9.4619811E-01	+4.1123539E-02
+1.2314000E+02	-9.3304318E-01	+1.6227205E-01
+1.2320000E+02	-9.0447062E-01	+2.8064403E-01
+1.2326000E+02	-8.6098576E-01	+3.9429283E-01
+1.2332000E+02	-8.0333704E-01	+5.0135571E-01
+1.2338000E+02	-7.3250252E-01	+6.0008621E-01
+1.2344000E+02	-6.4967346E-01	+6.8888009E-01
+1.2350000E+02	-5.5623263E-01	+7.6630139E-01
+1.2356000E+02	-4.5373136E-01	+8.3110470E-01
+1.2362000E+02	-3.4386384E-01	+8.8225514E-01
+1.2368000E+02	-2.2843876E-01	+9.1894317E-01
+1.2374000E+02	-1.0934905E-01	+9.4059718E-01
+1.2380000E+02	+1.1458753E-02	+9.4689173E-01
+1.2386000E+02	+1.3201518E-01	+9.3775129E-01
+1.2392000E+02	+2.5036195E-01	+9.1335082E-01
+1.2398000E+02	+3.6458087E-01	+8.7411189E-01
+1.2404000E+02	+4.7282678E-01	+8.2069463E-01
+1.2410000E+02	+5.7335526E-01	+7.5398678E-01
+1.2416000E+02	+6.6455120E-01	+6.7508823E-01
+1.2422000E+02	+7.4495399E-01	+5.8529252E-01
+1.2428000E+02	+8.1328070E-01	+4.8606595E-01
+1.2434000E+02	+8.6844581E-01	+3.7902302E-01
+1.2440000E+02	+9.0957826E-01	+2.6590031E-01
+1.2446000E+02	+9.3603432E-01	+1.4852834E-01
+1.2452000E+02	+9.4740778E-01	+2.8801765E-02
+1.2458000E+02	+9.4353580E-01	-9.1351070E-02
+1.2464000E+02	+9.2450035E-01	-2.0999911E-01
+1.2470000E+02	+8.9062667E-01	-3.2523966E-01
+1.2476000E+02	+8.4247720E-01	-4.3522859E-01
+1.2482000E+02	+7.8084189E-01	-5.3820992E-01
+1.2488000E+02	+7.0672536E-01	-6.3254362E-01
+1.2494000E+02	+6.2132961E-01	-7.1673191E-01
+1.2500000E+02	+5.2603436E-01	-7.8944212E-01
+1.2506000E+02	+4.2237473E-01	-8.4952819E-01
+1.2512000E+02	+3.1201652E-01	-8.9604855E-01
+1.2518000E+02	+1.9672793E-01	-9.2828000E-01
+1.2524000E+02	+7.8352399E-02	-9.4572932E-01
+1.2530000E+02	-4.1222811E-02	-9.4813979E-01
+1.2536000E+02	-1.6009432E-01	-9.3549508E-01
+1.2542000E+02	-2.7637607E-01	-9.0801841E-01
+1.2548000E+02	-3.8822725E-01	-8.6616814E-01
+1.2554000E+02	-4.9388233E-01	-8.1062996E-01
+1.2560000E+02	-5.9167928E-01	-7.4230433E-01
+1.2566000E+02	-6.8008429E-01	-6.6229278E-01
+1.2572000E+02	-7.5771731E-01	-5.7187784E-01
+1.2578000E+02	-8.2337153E-01	-4.7250360E-01
+1.2584000E+02	-8.7603402E-01	-3.6575016E-01
+1.2590000E+02	-9.1489875E-01	-2.5331095E-01
+1.2596000E+02	-9.3937969E-01	-1.3696216E-01
+1.2602000E+02	-9.4911873E-01	-1.8536976E-02
+1.2608000E+02	-9.4399029E-01	+1.0010518E-01
+1.2614000E+02	-9.2410225E-01	+2.1710663E-01
+1.2620000E+02	-8.8979292E-01	+3.3064193E-01
+1.2626000E+02	-8.4162486E-01	+4.3894601E-01
+1.2632000E+02	-7.8037512E-01	+5.4034013E-01
+1.2638000E+02	-7.0702171E-01	+6.3325936E-01
+1.2644000E+02	-6.2272805E-01	+7.1627545E-01
+1.2650000E+02	-5.2882320E-01	+7.8811878E-01
+1.2656000E+02	-4.2678085E-01	+8.4769642E-01
+1.2662000E+02	-3.1819567E-01	+8.9410931E-01
+1.2668000E+02	-2.0475896E-01	+9.2666441E-01
+1.2674000E+02	-8.8230565E-02	+9.4488484E-01
+1.2680000E+02	+2.9587077E-02	+9.4851565E-01
+1.2686000E+02	+1.4687774E-01	+9.3752718E-01
+1.2692000E+02	+2.6183811E-01	+9.1211438E-01
+1.2698000E+02	+3.7270680E-01	+8.7269247E-01
+1.2704000E+02	+4.7778952E-01	+8.1989038E-01
+1.2710000E+02	+5.7548642E-01	+7.5453937E-01
+1.2716000E+02	+6.6431361E-01	+6.7766041E-01
+1.2722000E+02	+7.4292773E-01	+5.9044713E-01
+1.2728000E+02	+8.1014401E-01	+4.9424759E-01
+1.2734000E+02	+8.6495417E-01	+3.9054307E-01
+1.2740000E+02	+9.0654159E-01	+2.8092521E-01
+1.2746000E+02	+9.3429196E-01	+1.6707160E-01
+1.2752000E+02	+9.4780284E-01	+5.0719958E-02
+1.2758000E+02	+9.4688833E-01	-6.6358060E-02
+1.2764000E+02	+9.3158174E-01	-1.8238384E-01
+1.2770000E+02	+9.0213394E-01	-2.9559863E-01
+1.2776000E+02	+8.5900974E-01	-4.0428990E-01
+1.2782000E+02	+8.0287898E-01	-5.0681716E-01
+1.2788000E+02	+7.3460722E-01	-6.0163647E-01
+1.2794000E+02	+6.5524173E-01	-6.8732327E-01
+1.2800000E+02	+5.6599456E-01	-7.6259381E-01
+1.2806000E+02	+4.6822497E-01	-8.2632369E-01
+1.2812000E+02	+3.6341822E-01	-8.7756491E-01
+1.2817999E+02	+2.5316218E-01	-9.1555959E-01
+1.2824001E+02	+1.3912416E-01	-9.3975043E-01
+1.2830000E+02	+2.3025773E-02	-9.4978935E-01
+1.2836000E+02	-9.3384609E-02	-9.4554180E-01
+1.2842000E+02	-2.0835692E-01	-9.2708832E-01
+1.2848000E+02	-3.2016572E-01	-8.9472288E-01
+1.2853999E+02	-4.2713690E-01	-8.4894770E-01
+1.2860001E+02	-5.2767211E-01	-7.9046571E-01
+1.2866000E+02	-6.2027299E-01	-7.2016853E-01
+1.2872000E+02	-7.0356280E-01	-6.3912386E-01
+1.2878000E+02	-7.7630806E-01	-5.4855704E-01
+1.2884000E+02	-8.3743513E-01	-4.4983447E-01
+1.2889999E+02	-8.8604647E-01	-3.4444100E-01
+1.2896001E+02	-9.2143410E-01	-2.3395772E-01
+1.2902000E+02	-9.4308877E-01	-1.2003829E-01
+1.2908000E+02	-9.5070744E-01	-4.3836148E-03
+1.2914000E+02	-9.4419718E-01	+1.1128355E-01
+1.2920000E+02	-9.2367524E-01	+2.2524454E-01
+1.2925999E+02	-8.8946706E-01	+3.3581063E-01
+1.2932001E+02	-8.4210080E-01	+4.4134739E-01
+1.2938000E+02	-7.8229779E-01	+5.4030001E-01
+1.2944000E+02	-7.1096247E-01	+6.3121438E-01
+1.2950000E+02	-6.2916672E-01	+7.1276045E-01
+1.2956000E+02	-5.3813457E-01	+7.8374892E-01
+1.2962000E+02	-4.3922311E-01	+8.4315073E-01
+1.2967999E+02	-3.3390105E-01	+8.9010960E-01
+1.2974001E+02	-2.2372824E-01	+9.2395532E-01
+1.2980000E+02	-1.1033059E-01	+9.4421190E-01
+1.2986000E+02	+4.6227640E-03	+9.5060414E-01
+1.2992000E+02	+1.1944445E-01	+9.4306099E-01
+1.2998000E+02	+2.3245463E-01	+9.2171538E-01
+1.3003999E+02	+3.4200320E-01	+8.8690150E-01
+1.3010001E+02	+4.4649598E-01	+8.3914918E-01
+1.3016000E+02	+5.4441714E-01	+7.7917552E-01
+1.3022000E+02	+6.3435006E-01	+7.0787334E-01
+1.3028000E+02	+7.1499801E-01	+6.2629771E-01
+1.3034000E+02	+7.8520256E-01	+5.3565025E-01
+1.3039999E+02	+8.4395993E-01	+4.3726096E-01
+1.3046001E+02	+8.9043397E-01	+3.3256844E-01
+1.3052000E+02	+9.2396903E-01	+2.2309907E-01
+1.3058000E+02	+9.4409770E-01	+1.1044456E-01
+1.3064000E+02	+9.5054692E-01	-3.7611956E-03
+1.3070000E+02	+9.4324207E-01	-1.1786564E-01
+1.3075999E+02	+9.2230636E-01	-2.3022139E-01
+1.3082001E+02	+8.8805944E-01	-3.3920982E-01
+1.3088000E+02	+8.4101111E-01	-4.4326431E-01
+1.3094000E+02	+7.8185529E-01	-5.4089141E-01
+1.3100000E+02	+7.1145648E-01	-6.3069522E-01
+1.3106000E+02	+6.3084102E-01	-7.1139210E-01
+1.3112000E+02	+5.4117876E-01	-7.8183323E-01
+1.3117999E+02	+4.4376728E-01	-8.4101856E-01
+1.3124001E+02	+3.4001246E-01	-8.8811129E-01
+1.3130000E+02	+2.3140870E-01	-9.2244899E-01
+1.3136000E+02	+1.1951821E-01	-9.4355303E-01
+1.3142000E+02	+5.9465626E-03	-9.5113510E-01
+1.3148000E+02	-1.0767943E-01	-9.4510096E-01
+1.3153999E+02	-2.1973497E-01	-9.2555088E-01
+1.3160001E+02	-3.2861966E-01	-8.9277828E-01
+1.3166000E+02	-4.3278190E-01	-8.4726483E-01
+1.3172000E+02	-5.3073943E-01	-7.8967339E-01
+1.3178000E+02	-6.2110174E-01	-7.2083825E-01
+1.3184000E+02	-7.0258874E-01	-6.4175236E-01
+1.3189999E+02	-7.7404934E-01	-5.5355293E-01
+1.3196001E+02	-8.3447695E-01	-4.5750582E-01
+1.3202000E+02	-8.8302416E-01	-3.5498542E-01
+1.3208000E+02	-9.1901428E-01	-2.4745649E-01
+1.3214000E+02	-9.4195056E-01	-1.3645165E-01
+1.3220000E+02	-9.5152253E-01	-2.3550591E-02
+1.3225999E+02	-9.4761020E-01	+8.9643821E-02
+1.3232001E+02	-9.3028545E-01	+2.0152733E-01
+1.3238000E+02	-8.9980990E-01	+3.1051740E-01
+1.3244000E+02	-8.5663098E-01	+4.1507643E-01
+1.3250000E+02	-8.0137527E-01	+5.1373237E-01
+1.3256000E+02	-7.3483866E-01	+6.0509986E-01
+1.3262000E+02	-6.5797448E-01	+6.8790013E-01
+1.3267999E+02	-5.7187951E-01	+7.6097769E-01
+1.3274001E+02	-4.7777832E-01	+8.2331729E-01
+1.3280000E+02	-3.7700599E-01	+8.7405640E-01
+1.3286000E+02	-2.7098668E-01	+9.1249877E-01
+1.3292000E+02	-1.6121642E-01	+9.3812215E-01
+1.3298000E+02	-4.9238574E-02	+9.5058513E-01
+1.3303999E+02	+6.3374057E-02	+9.4973207E-01
+1.3310001E+02	+1.7504631E-01	+9.3559361E-01
+1.3316000E+02	+2.8421772E-01	+9.0838635E-01
+1.3322000E+02	+3.8936833E-01	+8.6850858E-01
+1.3328000E+02	+4.8903626E-01	+8.1653494E-01
+1.3334000E+02	+5.8184147E-01	+7.5320601E-01
+1.3339999E+02	+6.6650200E-01	+6.7941904E-01
+1.3346001E+02	+7.4185085E-01	+5.9621519E-01
+1.3352000E+02	+8.0685490E-01	+5.0476259E-01
+1.3358000E+02	+8.6062586E-01	+4.0634158E-01
+1.3364000E+02	+9.0243310E-01	+3.0232596E-01
+1.3370000E+02	+9.3171328E-01	+1.9416369E-01
+1.3375999E+02	+9.4807720E-01	+8.3356924E-02
+1.3382001E+02	+9.5131481E-01	-2.8559016E-02
+1.3388000E+02	+9.4139755E-01	-1.4003676E-01
+1.3394000E+02	+9.1847813E-01	-2.4953815E-01
+1.3400000E+02	+8.8288796E-01	-3.5555539E-01
+1.3406000E+02	+8.3513188E-01	-4.5663139E-01
+1.3412000E+02	+7.7588135E-01	-5.5137992E-01
+1.3417999E+02	+7.0596397E-01	-6.3850421E-01
+1.3424001E+02	+6.2635261E-01	-7.1681440E-01
+1.3430000E+02	+5.3815132E-01	-7.8524357E-01
+1.3436000E+02	+4.4257987E-01	-8.4286225E-01
+1.3442000E+02	+3.4095752E-01	-8.8889045E-01
+1.3448000E+02	+2.3468369E-01	-9.2270833E-01
+1.3453999E+02	+1.2521903E-01	-9.4386417E-01
+1.3460001E+02	+1.4066597E-02	-9.5208007E-01
+1.3466000E+02	-9.7250380E-02	-9.4725585E-01
+1.3472000E+02	-2.0720917E-01	-9.2946953E-01
+1.3478000E+02	-3.1430709E-01	-8.9897633E-01
+1.3484000E+02	-4.1708323E-01	-8.5620475E-01
+1.3489999E+02	-5.1413822E-01	-8.0175000E-01
+1.3496001E+02	-6.0415149E-01	-7.3636657E-01
+1.3502000E+02	-6.8590230E-01	-6.6095620E-01
+1.3508000E+02	-7.5828356E-01	-5.7655686E-01
+1.3514000E+02	-8.2031769E-01	-4.8432672E-01
+1.3520000E+02	-8.7116992E-01	-3.8552970E-01
+1.3525999E+02	-9.1015911E-01	-2.8151652E-01
+1.3532001E+02	-9.3676645E-01	-1.7370726E-01
+1.3538000E+02	-9.5064306E-01	-6.3570514E-02
+1.3544000E+02	-9.5161331E-01	+4.7394767E-02
+1.3550000E+02	-9.3967772E-01	+1.5768194E-01
+1.3556000E+02	-9.1501188E-01	+2.6579574E-01
+1.3562000E+02	-8.7796402E-01	+3.7027323E-01
+1.3567999E+02	-8.2904947E-01	+4.6970409E-01
+1.3574001E+02	-7.6894355E-01	+5.6274796E-01
+1.3580000E+02	-6.9847214E-01	+6.4815426E-01
+1.3586000E+02	-6.1859894E-01	+7.2477853E-01
+1.3592000E+02	-5.3041351E-01	+7.9159689E-01
+1.3598000E+02	-4.3511578E-01	+8.4771955E-01
+1.3603999E+02	-3.3399746E-01	+8.9240426E-01
+1.3610001E+02	-2.2842725E-01	+9.2506307E-01
+1.3616000E+02	-1.1983067E-01	+9.4527191E-01
+1.3622000E+02	-9.6710380E-03	+9.5277482E-01
+1.3628000E+02	+1.0057127E-01	+9.4748724E-01
+1.3634000E+02	+2.0941758E-01	+9.2949605E-01
+1.3639999E+02	+3.1541112E-01	+8.9905858E-01
+1.3646001E+02	+4.1713667E-01	+8.5659814E-01
+1.3652000E+02	+5.1323885E-01	+8.0269748E-01
+1.3658000E+02	+6.0244066E-01	+7.3809129E-01
+1.3664000E+02	+6.8356007E-01	+6.6365528E-01
+1.3670000E+02	+7.5552499E-01	+5.8039445E-01
+1.3675999E+02	+8.1738752E-01	+4.8942876E-01
+1.3682001E+02	+8.6833632E-01	+3.9197880E-01
+1.3688000E+02	+9.0770620E-01	+2.8934839E-01
+1.3694000E+02	+9.3498749E-01	+1.8290772E-01
+1.3700000E+02	+9.4983143E-01	+7.4074671E-02
+1.3706000E+02	+9.5205492E-01	-3.5703827E-02
+1.3712000E+02	+9.4164222E-01	-1.4497107E-01
+1.3717999E+02	+9.1874468E-01	-2.5227982E-01
+1.3724001E+02	+8.8367838E-01	-3.5621110E-01
+1.3730000E+02	+8.3691961E-01	-4.5539328E-01
+1.3736000E+02	+7.7909815E-01	-5.4851943E-01
+1.3742000E+02	+7.1098864E-01	-6.3436484E-01
+1.3748000E+02	+6.3350058E-01	-7.1180254E-01
+1.3753999E+02	+5.4766494E-01	-7.7981812E-01
+1.3760001E+02	+4.5462167E-01	-8.3752286E-01
+1.3766000E+02	+3.5560352E-01	-8.8416511E-01
+1.3772000E+02	+2.5192049E-01	-9.1913968E-01
+1.3778000E+02	+1.4494196E-01	-9.4199586E-01
+1.3784000E+02	+3.6079291E-02	-9.5244277E-01
+1.3789999E+02	-7.3234193E-02	-9.5035338E-01
+1.3796001E+02	-1.8156072E-01	-9.3576545E-01
+1.3802000E+02	-2.8747699E-01	-9.0888083E-01
+1.3808000E+02	-3.8959372E-01	-8.7006265E-01
+1.3814000E+02	-4.8657289E-01	-8.1983036E-01
+1.3820000E+02	-5.7714635E-01	-7.5885272E-01
+1.3825999E+02	-6.6013104E-01	-6.8793821E-01
+1.3832001E+02	-7.3444557E-01	-6.0802495E-01
+1.3838000E+02	-7.9912329E-01	-5.2016789E-01
+1.3844000E+02	-8.5332561E-01	-4.2552426E-01
+1.3850000E+02	-8.9635223E-01	-3.2533881E-01
+1.3856000E+02	-9.2765003E-01	-2.2092742E-01
+1.3862000E+02	-9.4682080E-01	-1.1365844E-01
+1.3867999E+02	-9.5362538E-01	-4.9362173E-03
+1.3874001E+02	-9.4798660E-01	+1.0381840E-01
+1.3880000E+02	-9.2999023E-01	+2.1118574E-01
+1.3886000E+02	-8.9988309E-01	+3.1576774E-01
+1.3892000E+02	-8.5806984E-01	+4.1620442E-01
+1.3898000E+02	-8.0510688E-01	+5.1119256E-01
+1.3903999E+02	-7.4169499E-01	+5.9950149E-01
+1.3910001E+02	-6.6867012E-01	+6.7999053E-01
+1.3916000E+02	-5.8699119E-01	+7.5162274E-01
+1.3922000E+02	-4.9772769E-01	+8.1347793E-01
+1.3928000E+02	-4.0204599E-01	+8.6476481E-01
+1.3934000E+02	-3.0119276E-01	+9.0483093E-01
+1.3939999E+02	-1.9648033E-01	+9.3316996E-01
+1.3946001E+02	-8.9267291E-02	+9.4942862E-01
+1.3952000E+02	+1.9057471E-02	+9.5341092E-01
+1.3958000E+02	+1.2709391E-01	+9.4507921E-01
+1.3964000E+02	+2.3344842E-01	+9.2455512E-01
+1.3970000E+02	+3.3675164E-01	+8.9211720E-01
+1.3975999E+02	+4.3567625E-01	+8.4819657E-01
+1.3982001E+02	+5.2895403E-01	+7.9337156E-01
+1.3988000E+02	+6.1539149E-01	+7.2835928E-01
+1.3994000E+02	+6.9388568E-01	+6.5400612E-01
+1.4000000E+02	+7.6343733E-01	+5.7127690E-01
+1.4006000E+02	+8.2316315E-01	+4.8124194E-01
+1.4012000E+02	+8.7230808E-01	+3.8506293E-01
+1.4017999E+02	+9.1025305E-01	+2.8397822E-01
+1.4024001E+02	+9.3652356E-01	+1.7928679E-01
+1.4030000E+02	+9.5079476E-01	+7.2331399E-02
+1.4036000E+02	+9.5289540E-01	-3.5518434E-02
+1.4042000E+02	+9.4280982E-01	-1.4288393E-01
+1.4048000E+02	+9.2067796E-01	-2.4839464E-01
+1.4053999E+02	+8.8679248E-01	-3.5070565E-01
+1.4060001E+02	+8.4159559E-01	-4.4851479E-01
+1.4066000E+02	+7.8567284E-01	-5.4057902E-01
+1.4072000E+02	+7.1974510E-01	-6.2572980E-01
+1.4078000E+02	+6.4466017E-01	-7.0288825E-01
+1.4084000E+02	+5.6138074E-01	-7.7107847E-01
+1.4089999E+02	+4.7097224E-01	-8.2943958E-01
+1.4096001E+02	+3.7458989E-01	-8.7723655E-01
+1.4102000E+02	+2.7346334E-01	-9.1386962E-01
+1.4108000E+02	+1.6888097E-01	-9.3888140E-01
+1.4114000E+02	+6.2173381E-02	-9.5196241E-01
+1.4120000E+02	-4.5303084E-02	-9.5295542E-01
+1.4125999E+02	-1.5218398E-01	-9.4185615E-01
+1.4132001E+02	-2.5711399E-01	-9.1881436E-01
+1.4138000E+02	-3.5876396E-01	-8.8413078E-01
+1.4144000E+02	-4.5584789E-01	-8.3825356E-01
+1.4150000E+02	-5.4713970E-01	-7.8177214E-01
+1.4156000E+02	-6.3148773E-01	-7.1540976E-01
+1.4162000E+02	-7.0782948E-01	-6.4001399E-01
+1.4167999E+02	-7.7520603E-01	-5.5654556E-01
+1.4174001E+02	-8.3277249E-01	-4.6606681E-01
+1.4180000E+02	-8.7980986E-01	-3.6972612E-01
+1.4186000E+02	-9.1573268E-01	-2.6874581E-01
+1.4192000E+02	-9.4009751E-01	-1.6440398E-01
+1.4198000E+02	-9.5260710E-01	-5.8020007E-02
+1.4203999E+02	-9.5311481E-01	+4.9063459E-02
+1.4210001E+02	-9.4162524E-01	+1.5549645E-01
+1.4216000E+02	-9.1829443E-01	+2.5994000E-01
+1.4222000E+02	-8.8342756E-01	+3.6108202E-01
+1.4228000E+02	-8.3747411E-01	+4.5765415E-01
+1.4234000E+02	-7.8102249E-01	+5.4844815E-01
+1.4239999E+02	-7.1479237E-01	+6.3233018E-01
+1.4246001E+02	-6.3962388E-01	+7.0825529E-01
+1.4252000E+02	-5.5646861E-01	+7.7528006E-01
+1.4258000E+02	-4.6637625E-01	+8.3257449E-01
+1.4264000E+02	-3.7048119E-01	+8.7943196E-01
+1.4270000E+02	-2.6998886E-01	+9.1527742E-01
+1.4275999E+02	-1.6615924E-01	+9.3967456E-01
+1.4282001E+02	-6.0292050E-02	+9.5233089E-01
+1.4288000E+02	+4.6290115E-02	+9.5310068E-01
+1.4294000E+02	+1.5225834E-01	+9.4198656E-01
+1.4300000E+02	+2.5629345E-01	+9.1913891E-01
+1.4306000E+02	+3.5710254E-01	+8.8485372E-01
+1.4312000E+02	+4.5343491E-01	+8.3956867E-01
+1.4317999E+02	+5.4409832E-01	+7.8385699E-01
+1.4324001E+02	+6.2797165E-01	+7.1842045E-01
+1.4330000E+02	+7.0402080E-01	+6.4407992E-01
+1.4336000E+02	+7.7130938E-01	+5.6176543E-01
+1.4342000E+02	+8.2901090E-01	+4.7250423E-01
+1.4348000E+02	+8.7641871E-01	+3.7740770E-01
+1.4353999E+02	+9.1295469E-01	+2.7765808E-01
+1.4360001E+02	+9.3817502E-01	+1.7449325E-01
+1.4366000E+02	+9.5177668E-01	+6.9191799E-02
+1.4372000E+02	+9.5360023E-01	-3.6943071E-02
+1.4378000E+02	+9.4363165E-01	-1.4259939E-01
+1.4384000E+02	+9.2200243E-01	-2.4647257E-01
+1.4389999E+02	+8.8898742E-01	-3.4728155E-01
+1.4396001E+02	+8.4500194E-01	-4.4378433E-01
+1.4402000E+02	+7.9059541E-01	-5.3479344E-01
+1.4408000E+02	+7.2644591E-01	-6.1918992E-01
+1.4414000E+02	+6.5334976E-01	-6.9593799E-01
+1.4420000E+02	+5.7221365E-01	-7.6409650E-01
+1.4425999E+02	+4.8404178E-01	-8.2283133E-01
+1.4432001E+02	+3.8992429E-01	-8.7142509E-01
+1.4438000E+02	+2.9102367E-01	-9.0928596E-01
+1.4444000E+02	+1.8855955E-01	-9.3595463E-01
+1.4450000E+02	+8.3795145E-02	-9.5111042E-01
+1.4456000E+02	-2.1980548E-02	-9.5457435E-01
+1.4462000E+02	-1.2746650E-01	-9.4631153E-01
+1.4467999E+02	-2.3136714E-01	-9.2643142E-01
+1.4474001E+02	-3.3240741E-01	-8.9518607E-01
+1.4480000E+02	-4.2934847E-01	-8.5296738E-01
+1.4486000E+02	-5.2100462E-01	-8.0030113E-01
+1.4492000E+02	-6.0625559E-01	-7.3784107E-01
+1.4498000E+02	-6.8406135E-01	-6.6636032E-01
+1.4503999E+02	-7.5347465E-01	-5.8674204E-01
+1.4510001E+02	-8.1365246E-01	-4.9996743E-01
+1.4516000E+02	-8.6386597E-01	-4.0710443E-01
+1.4522000E+02	-9.0351009E-01	-3.0929396E-01
+1.4528000E+02	-9.3210948E-01	-2.0773564E-01
+1.4534000E+02	-9.4932479E-01	-1.0367315E-01
+1.4539999E+02	-9.5495647E-01	+1.6209952E-03
+1.4546001E+02	-9.4894665E-01	+1.0686192E-01
+1.4552000E+02	-9.3137974E-01	+2.1076658E-01
+1.4558000E+02	-9.0248036E-01	+3.1207126E-01
+1.4564000E+02	-8.6261153E-01	+4.0954506E-01
+1.4570000E+02	-8.1226861E-01	+5.0200707E-01
+1.4575999E+02	-7.5207365E-01	+5.8833861E-01
+1.4582001E+02	-6.8276691E-01	+6.6749716E-01
+1.4588000E+02	-6.0519814E-01	+7.3852926E-01
+1.4594000E+02	-5.2031630E-01	+8.0058175E-01
+1.4600000E+02	-4.2915571E-01	+8.5291165E-01
+1.4606000E+02	-3.3282650E-01	+8.9489424E-01
+1.4612000E+02	-2.3249866E-01	+9.2603165E-01
+1.4617999E+02	-1.2938860E-01	+9.4595712E-01
+1.4624001E+02	-2.4744401E-02	+9.5444000E-01
+1.4630000E+02	+8.0168836E-02	+9.5138776E-01
+1.4636000E+02	+1.8408549E-01	+9.3684715E-01
+1.4642000E+02	+2.8575334E-01	+9.1100270E-01
+1.4648000E+02	+3.8394886E-01	+8.7417513E-01
+1.4653999E+02	+4.7749197E-01	+8.2681614E-01
+1.4660001E+02	+5.6526011E-01	+7.6950401E-01
+1.4666000E+02	+6.4620107E-01	+7.0293522E-01
+1.4672000E+02	+7.1934617E-01	+6.2791699E-01
+1.4678000E+02	+7.8382128E-01	+5.4535663E-01
+1.4684000E+02	+8.3885694E-01	+4.5625135E-01
+1.4689999E+02	+8.8379800E-01	+3.6167556E-01
+1.4696001E+02	+9.1811073E-01	+2.6276818E-01
+1.4702000E+02	+9.4138932E-01	+1.6071920E-01
+1.4708000E+02	+9.5336068E-01	+5.6755066E-02
+1.4714000E+02	+9.5388734E-01	-4.7875829E-02
+1.4720000E+02	+9.4296920E-01	-1.5191816E-01
+1.4725999E+02	+9.2074317E-01	-2.5412461E-01
+1.4732001E+02	+8.8748181E-01	-3.5327095E-01
+1.4738000E+02	+8.4358954E-01	-4.4817039E-01
+1.4744000E+02	+7.8959763E-01	-5.3768891E-01
+1.4750000E+02	+7.2615874E-01	-6.2075591E-01
+1.4756000E+02	+6.5403718E-01	-6.9638115E-01
+1.4762000E+02	+5.7410163E-01	-7.6366282E-01
+1.4767999E+02	+4.8731232E-01	-8.2180136E-01
+1.4774001E+02	+3.9471266E-01	-8.7010568E-01
+1.4780000E+02	+2.9741269E-01	-9.0800482E-01
+1.4786000E+02	+1.9657890E-01	-9.3505186E-01
+1.4792000E+02	+9.3418129E-02	-9.5093083E-01
+1.4798000E+02	-1.0835343E-02	-9.5545948E-01
+1.4803999E+02	-1.1493608E-01	-9.4859189E-01
+1.4810001E+02	-2.1764281E-01	-9.3041795E-01
+1.4816000E+02	-3.1773031E-01	-9.0116340E-01
+1.4822000E+02	-4.1400877E-01	-8.6118495E-01
+1.4828000E+02	-5.0533336E-01	-8.1096798E-01
+1.4834000E+02	-5.9062135E-01	-7.5111872E-01
+1.4839999E+02	-6.6886342E-01	-6.8235689E-01
+1.4846001E+02	-7.3913473E-01	-6.0550845E-01
+1.4852000E+02	-8.0060703E-01	-5.2149355E-01
+1.4858000E+02	-8.5255915E-01	-4.3131587E-01
+1.4864000E+02	-8.9438266E-01	-3.3605146E-01
+1.4870000E+02	-9.2559123E-01	-2.3683444E-01
+1.4875999E+02	-9.4582474E-01	-1.3484384E-01
+1.4882001E+02	-9.5485389E-01	-3.1289984E-02
+1.4888000E+02	-9.5258218E-01	+7.2600439E-02
+1.4894000E+02	-9.3904698E-01	+1.7559920E-01
+1.4900000E+02	-9.1441834E-01	+2.7649012E-01
+1.4906000E+02	-8.7899727E-01	+3.7408379E-01
+1.4912000E+02	-8.3321071E-01	+4.6723235E-01
+1.4917999E+02	-7.7760792E-01	+5.5484122E-01
+1.4924001E+02	-7.1285206E-01	+6.3588309E-01
+1.4930000E+02	-6.3971341E-01	+7.0940912E-01
+1.4936000E+02	-5.5905885E-01	+7.7456021E-01
+1.4942000E+02	-4.7184339E-01	+8.3057672E-01
+1.4948000E+02	-3.7909591E-01	+8.7680727E-01
+1.4953999E+02	-2.8191119E-01	+9.1271549E-01
+1.4960001E+02	-1.8143225E-01	+9.3788707E-01
+1.4966000E+02	-7.8841485E-02	+9.5203364E-01
+1.4972000E+02	+2.4657512E-02	+9.5499611E-01
+1.4978000E+02	+1.2784903E-01	+9.4674641E-01
+1.4984000E+02	+2.2952437E-01	+9.2738783E-01
+1.4989999E+02	+3.2849279E-01	+8.9715302E-01
+1.4996001E+02	+4.2359620E-01	+8.5640186E-01
+1.5002000E+02	+5.1372188E-01	+8.0561739E-01
+1.5008000E+02	+5.9781808E-01	+7.4539816E-01
+1.5014000E+02	+6.7490202E-01	+6.7645437E-01
+1.5020000E+02	+7.4407488E-01	+5.9959680E-01
+1.5025999E+02	+8.0453068E-01	+5.1572800E-01
+1.5032001E+02	+8.5556597E-01	+4.2583245E-01
+1.5038000E+02	+8.9658779E-01	+3.3096442E-01
+1.5044000E+02	+9.2712045E-01	+2.3223571E-01
+1.5050000E+02	+9.4681156E-01	+1.3080247E-01
+1.5056000E+02	+9.5543581E-01	+2.7851814E-02
+1.5062000E+02	+9.5289725E-01	-7.5412102E-02
+1.5067999E+02	+9.3923110E-01	-1.7778236E-01
+1.5074001E+02	+9.1460234E-01	-2.7806333E-01
+1.5080000E+02	+8.7930441E-01	-3.7508476E-01
+1.5086000E+02	+8.3375502E-01	-4.6771550E-01
+1.5092000E+02	+7.7849191E-01	-5.5487680E-01
+1.5098000E+02	+7.1416551E-01	-6.3555479E-01
+1.5103999E+02	+6.4153183E-01	-7.0881248E-01
+1.5110001E+02	+5.6144309E-01	-7.7380061E-01
+1.5116000E+02	+4.7483802E-01	-8.2976747E-01
+1.5122000E+02	+3.8272920E-01	-8.7606752E-01
+1.5128000E+02	+2.8619370E-01	-9.1216910E-01
+1.5134000E+02	+1.8635781E-01	-9.3765980E-01
+1.5139999E+02	+8.4385097E-02	-9.5225173E-01
+1.5146001E+02	-1.8537903E-02	-9.5578432E-01
+1.5152000E+02	-1.2121483E-01	-9.4822580E-01
+1.5158000E+02	-2.2245462E-01	-9.2967349E-01
+1.5164000E+02	-3.2108453E-01	-9.0035206E-01
+1.5170000E+02	-4.1596398E-01	-8.6061072E-01
+1.5175999E+02	-5.0599736E-01	-8.1091923E-01
+1.5182001E+02	-5.9014773E-01	-7.5186145E-01
+1.5188000E+02	-6.6744655E-01	-6.8412888E-01
+1.5194000E+02	-7.3700774E-01	-6.0851151E-01
+1.5200000E+02	-7.9803467E-01	-5.2588952E-01
+1.5206000E+02	-8.4983093E-01	-4.3722215E-01
+1.5212000E+02	-8.9180684E-01	-3.4353703E-01
+1.5217999E+02	-9.2348754E-01	-2.4591765E-01
+1.5224001E+02	-9.4451648E-01	-1.4549141E-01
+1.5230000E+02	-9.5466024E-01	-4.3415681E-02
+1.5236000E+02	-9.5381045E-01	+5.9134182E-02
+1.5242000E+02	-9.4198495E-01	+1.6097933E-01
+1.5248000E+02	-9.1932702E-01	+2.6095068E-01
+1.5253999E+02	-8.8610417E-01	+3.5790148E-01
+1.5260001E+02	-8.4270418E-01	+4.5072088E-01
+1.5266000E+02	-7.8963119E-01	+5.3834653E-01
+1.5272000E+02	-7.2749913E-01	+6.1977679E-01
+1.5278000E+02	-6.5702468E-01	+6.9408125E-01
+1.5284000E+02	-5.7901984E-01	+7.6041174E-01
+1.5289999E+02	-4.9438167E-01	+8.1801230E-01
+1.5296001E+02	-4.0408263E-01	+8.6622638E-01
+1.5302000E+02	-3.0915928E-01	+9.0450585E-01
+1.5308000E+02	-2.1070027E-01	+9.3241596E-01
+1.5314000E+02	-1.0983391E-01	+9.4964105E-01
+1.5320000E+02	-7.7162012E-03	+9.5598727E-01
+1.5325999E+02	+9.4483875E-02	+9.5138592E-01
+1.5332001E+02	+1.9559589E-01	+9.3589294E-01
+1.5338000E+02	+2.9446313E-01	+9.0968925E-01
+1.5344000E+02	+3.8995498E-01	+8.7307829E-01
+1.5350000E+02	+4.8097950E-01	+8.2648236E-01
+1.5356000E+02	+5.6649661E-01	+7.7043813E-01
+1.5362000E+02	+6.4553028E-01	+7.0559019E-01
+1.5367999E+02	+7.1717811E-01	+6.3268363E-01
+1.5374001E+02	+7.8062403E-01	+5.5255568E-01
+1.5380000E+02	+8.3514589E-01	+4.6612570E-01
+1.5386000E+02	+8.8012439E-01	+3.7438482E-01
+1.5392000E+02	+9.1505003E-01	+2.7838418E-01
+1.5398000E+02	+9.3952900E-01	+1.7922311E-01
+1.5403999E+02	+9.5328760E-01	+7.8035980E-02
+1.5410001E+02	+9.5617521E-01	-2.4020575E-02
+1.5416000E+02	+9.4816548E-01	-1.2578118E-01
+1.5422000E+02	+9.2935735E-01	-2.2608522E-01
+1.5428000E+02	+8.9997292E-01	-3.2378998E-01
+1.5434000E+02	+8.6035478E-01	-4.1778409E-01
+1.5439999E+02	+8.1096220E-01	-5.0699991E-01
+1.5446001E+02	+7.5236523E-01	-5.9042597E-01
+1.5452000E+02	+6.8523777E-01	-6.6711819E-01
+1.5458000E+02	+6.1035025E-01	-7.3621076E-01
+1.5464000E+02	+5.2855992E-01	-7.9692572E-01
+1.5470000E+02	+4.4080105E-01	-8.4858131E-01
+1.5475999E+02	+3.4807435E-01	-8.9060020E-01
+1.5482001E+02	+2.5143489E-01	-9.2251486E-01
+1.5488000E+02	+1.5197997E-01	-9.4397312E-01
+1.5494000E+02	+5.0837874E-02	-9.5474166E-01
+1.5500000E+02	-5.0846756E-02	-9.5470828E-01
+1.5506000E+02	-1.5192451E-01	-9.4388282E-01
+1.5512000E+02	-2.5125593E-01	-9.2239660E-01
+1.5517999E+02	-3.4772107E-01	-8.9050090E-01
+1.5524001E+02	-4.4023570E-01	-8.4856367E-01
+1.5530000E+02	-5.2776009E-01	-7.9706478E-01
+1.5536000E+02	-6.0931271E-01	-7.3659116E-01
+1.5542000E+02	-6.8397999E-01	-6.6782933E-01
+1.5548000E+02	-7.5092703E-01	-5.9155798E-01
+1.5553999E+02	-8.0940568E-01	-5.0863898E-01
+1.5560001E+02	-8.5876375E-01	-4.2000771E-01
+1.5566000E+02	-8.9845139E-01	-3.2666278E-01
+1.5572000E+02	-9.2802745E-01	-2.2965446E-01
+1.5578000E+02	-9.4716406E-01	-1.3007370E-01
+1.5584000E+02	-9.5565075E-01	-2.9038796E-02
+1.5589999E+02	-9.5339572E-01	+7.2315626E-02
+1.5596001E+02	-9.4042772E-01	+1.7285237E-01
+1.5602000E+02	-9.1689521E-01	+2.7144304E-01
+1.5608000E+02	-8.8306487E-01	+3.6698201E-01
+1.5614000E+02	-8.3931828E-01	+4.5839843E-01
+1.5620000E+02	-7.8614891E-01	+5.4466665E-01
+1.5625999E+02	-7.2415513E-01	+6.2481982E-01
+1.5632001E+02	-6.5403396E-01	+6.9795966E-01
+1.5638000E+02	-5.7657439E-01	+7.6326668E-01
+1.5644000E+02	-4.9264693E-01	+8.2000905E-01
+1.5650000E+02	-4.0319496E-01	+8.6755192E-01
+1.5656000E+02	-3.0922398E-01	+9.0536362E-01
+1.5662000E+02	-2.1178998E-01	+9.3302190E-01
+1.5667999E+02	-1.1198704E-01	+9.5021921E-01
+1.5674001E+02	-1.0936416E-02	+9.5676559E-01
+1.5680000E+02	+9.0227373E-02	+9.5259130E-01
+1.5686000E+02	+1.9036914E-01	+9.3774724E-01
+1.5692000E+02	+2.8836593E-01	+9.1240448E-01
+1.5698000E+02	+3.8311931E-01	+8.7685215E-01
+1.5703999E+02	+4.7356892E-01	+8.3149439E-01
+1.5710001E+02	+5.5870348E-01	+7.7684486E-01
+1.5716000E+02	+6.3757205E-01	+7.1352184E-01
+1.5722000E+02	+7.0929599E-01	+6.4224011E-01
+1.5728000E+02	+7.7307755E-01	+5.6380308E-01
+1.5734000E+02	+8.2820964E-01	+4.7909352E-01
+1.5739999E+02	+8.7408251E-01	+3.8906336E-01
+1.5746001E+02	+9.1019183E-01	+2.9472271E-01
+1.5752000E+02	+9.3614322E-01	+1.9712824E-01
+1.5758000E+02	+9.5165622E-01	+9.7371310E-02
+1.5764000E+02	+9.5656782E-01	-3.4344431E-03
+1.5770000E+02	+9.5083314E-01	-1.0416569E-01
+1.5775999E+02	+9.3452632E-01	-2.0370193E-01
+1.5782001E+02	+9.0783870E-01	-3.0093807E-01
+1.5788000E+02	+8.7107658E-01	-3.9479652E-01
+1.5794000E+02	+8.2465732E-01	-4.8423913E-01
+1.5800000E+02	+7.6910454E-01	-5.6827849E-01
+1.5806000E+02	+7.0504183E-01	-6.4598876E-01
+1.5812000E+02	+6.3318545E-01	-7.1651524E-01
+1.5817999E+02	+5.5433714E-01	-7.7908427E-01
+1.5824001E+02	+4.6937317E-01	-8.3301061E-01
+1.5830000E+02	+3.7923661E-01	-8.7770528E-01
+1.5836000E+02	+2.8492621E-01	-9.1268140E-01
+1.5842000E+02	+1.8748464E-01	-9.3755955E-01
+1.5848000E+02	+8.7988392E-02	-9.5207125E-01
+1.5853999E+02	-1.2464940E-02	-9.5606214E-01
+1.5860001E+02	-1.1276845E-01	-9.4949299E-01
+1.5866000E+02	-2.1181701E-01	-9.3244064E-01
+1.5872000E+02	-3.0852035E-01	-9.0509647E-01
+1.5878000E+02	-4.0181449E-01	-8.6776465E-01
+1.5884000E+02	-4.9067283E-01	-8.2085860E-01
+1.5889999E+02	-5.7411796E-01	-7.6489627E-01
+1.5896001E+02	-6.5123087E-01	-7.0049572E-01
+1.5902000E+02	-7.2116411E-01	-6.2836671E-01
+1.5908000E+02	-7.8314710E-01	-5.4930419E-01
+1.5914000E+02	-8.3649713E-01	-4.6418005E-01
+1.5920000E+02	-8.8062668E-01	-3.7393218E-01
+1.5925999E+02	-9.1504943E-01	-2.7955553E-01
+1.5932001E+02	-9.3938565E-01	-1.8209070E-01
+1.5938000E+02	-9.5336705E-01	-8.2612574E-02
+1.5944000E+02	-9.5683980E-01	+1.7780920E-02
+1.5950000E+02	-9.4976580E-01	+1.1798256E-01
+1.5956000E+02	-9.3222380E-01	+2.1688604E-01
+1.5962000E+02	-9.0440869E-01	+3.1339970E-01
+1.5967999E+02	-8.6662930E-01	+4.0645826E-01
+1.5974001E+02	-8.1930435E-01	+4.9503535E-01
+1.5980000E+02	-7.6295877E-01	+5.7815385E-01
+1.5986000E+02	-6.9821751E-01	+6.5489817E-01
+1.5992000E+02	-6.2579882E-01	+7.2442299E-01
+1.5998000E+02	-5.4650480E-01	+7.8596479E-01
+1.6003999E+02	-4.6121445E-01	+8.3884835E-01
+1.6010001E+02	-3.7087083E-01	+8.8249606E-01
+1.6016000E+02	-2.7647391E-01	+9.1643238E-01
+1.6022000E+02	-1.7906606E-01	+9.4029051E-01
+1.6028000E+02	-7.9722293E-02	+9.5381588E-01
+1.6034000E+02	+2.0462424E-02	+9.5686829E-01
+1.6039999E+02	+1.2038691E-01	+9.4942355E-01
+1.6046001E+02	+2.1895294E-01	+9.3157381E-01
+1.6052000E+02	+3.1508133E-01	+9.0352505E-01
+1.6058000E+02	+4.0771955E-01	+8.6559546E-01
+1.6064000E+02	+4.9585804E-01	+8.1821078E-01
+1.6070000E+02	+5.7853651E-01	+7.6189971E-01
+1.6075999E+02	+6.5485775E-01	+6.9728732E-01
+1.6082001E+02	+7.2399557E-01	+6.2508804E-01
+1.6088000E+02	+7.8520364E-01	+5.4609752E-01
+1.6094000E+02	+8.3782363E-01	+4.6118322E-01
+1.6100000E+02	+8.8129187E-01	+3.7127545E-01
+1.6106000E+02	+9.1514456E-01	+2.7735659E-01
+1.6112000E+02	+9.3902332E-01	+1.8045047E-01
+1.6117999E+02	+9.5267773E-01	+8.1611380E-02
+1.6124001E+02	+9.5596802E-01	-1.8087344E-02
+1.6130000E+02	+9.4886625E-01	-1.1756475E-01
+1.6136000E+02	+9.3145651E-01	-2.1574374E-01
+1.6142000E+02	+9.0393299E-01	-3.1156245E-01
+1.6148000E+02	+8.6659867E-01	-4.0398541E-01
+1.6153999E+02	+8.1986135E-01	-4.9201438E-01
+1.6160001E+02	+7.6422942E-01	-5.7469904E-01
+1.6166000E+02	+7.0030671E-01	-6.5114653E-01
+1.6172000E+02	+6.2878531E-01	-7.2053134E-01
+1.6178000E+02	+5.5043936E-01	-7.8210348E-01
+1.6184000E+02	+4.6611610E-01	-8.3519727E-01
+1.6189999E+02	+3.7672761E-01	-8.7923747E-01
+1.6196001E+02	+2.8324106E-01	-9.1374624E-01
+1.6202000E+02	+1.8666701E-01	-9.3834829E-01
+1.6208000E+02	+8.8051595E-02	-9.5277470E-01
+1.6214000E+02	-1.1537168E-02	-9.5686668E-01
+1.6220000E+02	-1.1101915E-01	-9.5057660E-01
+1.6225999E+02	-2.0931414E-01	-9.3397015E-01
+1.6232001E+02	-3.0535504E-01	-9.0722448E-01
+1.6238000E+02	-3.9809757E-01	-8.7062758E-01
+1.6244000E+02	-4.8653275E-01	-8.2457501E-01
+1.6250000E+02	-5.6969762E-01	-7.6956582E-01
+1.6256000E+02	-6.4668638E-01	-7.0619726E-01
+1.6262000E+02	-7.1666014E-01	-6.3515890E-01
+1.6267999E+02	-7.7885735E-01	-5.5722380E-01
+1.6274001E+02	-8.3260030E-01	-4.7324213E-01
+1.6280000E+02	-8.7730521E-01	-3.8412923E-01
+1.6286000E+02	-9.1248727E-01	-2.9085788E-01
+1.6292000E+02	-9.3776685E-01	-1.9444485E-01
+1.6298000E+02	-9.5287299E-01	-9.5942609E-02
+1.6303999E+02	-9.5764714E-01	+3.5758945E-03
+1.6310001E+02	-9.5204443E-01	+1.0302697E-01
+1.6316000E+02	-9.3613386E-01	+2.0132880E-01
+1.6322000E+02	-9.1009748E-01	+2.9741400E-01
+1.6328000E+02	-8.7422794E-01	+3.9024192E-01
+1.6334000E+02	-8.2892460E-01	+4.7880894E-01
+1.6339999E+02	-7.7468956E-01	+5.6216031E-01
+1.6346001E+02	-7.1212071E-01	+6.3940030E-01
+1.6352000E+02	-6.4190495E-01	+7.0970196E-01
+1.6358000E+02	-5.6481028E-01	+7.7231580E-01
+1.6364000E+02	-4.8167709E-01	+8.2657737E-01
+1.6370000E+02	-3.9340889E-01	+8.7191421E-01
+1.6375999E+02	-3.0096120E-01	+9.0785152E-01
+1.6382001E+02	-2.0533179E-01	+9.3401653E-01
+1.6388000E+02	-1.0754985E-01	+9.5014220E-01
+1.6394000E+02	-8.6644981E-03	+9.5606917E-01
+1.6400000E+02	+9.0266213E-02	+9.5174688E-01
+1.6406000E+02	+1.8818642E-01	+9.3723339E-01
+1.6412000E+02	+2.8405344E-01	+9.1269469E-01
+1.6417999E+02	+3.7684882E-01	+8.7840194E-01
+1.6424001E+02	+4.6558776E-01	+8.3472848E-01
+1.6430000E+02	+5.4933065E-01	+7.8214562E-01
+1.6436000E+02	+6.2719071E-01	+7.2121739E-01
+1.6442000E+02	+6.9834465E-01	+6.5259469E-01
+1.6448000E+02	+7.6203924E-01	+5.7700861E-01
+1.6453999E+02	+8.1760055E-01	+4.9526244E-01
+1.6460001E+02	+8.6443943E-01	+4.0822414E-01
+1.6466000E+02	+9.0205789E-01	+3.1681690E-01
+1.6472000E+02	+9.3005472E-01	+2.2201040E-01
+1.6478000E+02	+9.4812930E-01	+1.2481068E-01
+1.6484000E+02	+9.5608473E-01	+2.6249900E-02
+1.6489999E+02	+9.5383084E-01	-7.2624043E-02
+1.6496001E+02	+9.4138503E-01	-1.7075820E-01
+1.6502000E+02	+9.1887242E-01	-2.6710576E-01
+1.6508000E+02	+8.8652527E-01	-3.6063755E-01
+1.6514000E+02	+8.4468114E-01	-4.5035106E-01
+1.6520000E+02	+7.9377997E-01	-5.3528273E-01
+1.6525999E+02	+7.3435909E-01	-6.1451912E-01
+1.6532001E+02	+6.6704917E-01	-6.8720478E-01
+1.6538000E+02	+5.9256685E-01	-7.5255418E-01
+1.6544000E+02	+5.1170826E-01	-8.0985904E-01
+1.6550000E+02	+4.2533949E-01	-8.5849702E-01
+1.6556000E+02	+3.3438879E-01	-8.9793938E-01
+1.6562000E+02	+2.3983493E-01	-9.2775643E-01
+1.6567999E+02	+1.4269802E-01	-9.4762361E-01
+1.6574001E+02	+4.4026557E-02	-9.5732486E-01
+1.6580000E+02	-5.5112578E-02	-9.5675558E-01
+1.6586000E+02	-1.5364829E-01	-9.4592398E-01
+1.6592000E+02	-2.5051573E-01	-9.2495072E-01
+1.6598000E+02	-3.4466913E-01	-8.9406836E-01
+1.6603999E+02	-4.3509340E-01	-8.5361791E-01
+1.6610001E+02	-5.2081650E-01	-8.0404472E-01
+1.6616000E+02	-6.0091889E-01	-7.4589384E-01
+1.6622000E+02	-6.7454535E-01	-6.7980266E-01
+1.6628000E+02	-7.4091357E-01	-6.0649395E-01
+1.6634000E+02	-7.9932266E-01	-5.2676672E-01
+1.6639999E+02	-8.4916025E-01	-4.4148719E-01
+1.6646001E+02	-8.8990986E-01	-3.5157844E-01
+1.6652000E+02	-9.2115444E-01	-2.5800970E-01
+1.6658000E+02	-9.4258106E-01	-1.6178541E-01
+1.6664000E+02	-9.5398325E-01	-6.3934155E-02
+1.6670000E+02	-9.5526189E-01	+3.4503363E-02
+1.6675999E+02	-9.4642586E-01	+1.3248482E-01
+1.6682001E+02	-9.2758983E-01	+2.2897755E-01
+1.6688000E+02	-8.9897352E-01	+3.2296899E-01
+1.6694000E+02	-8.6089659E-01	+4.1347808E-01
+1.6700000E+02	-8.1377620E-01	+4.9956334E-01
+1.6706000E+02	-7.5812012E-01	+5.8033329E-01
+1.6712000E+02	-6.9452268E-01	+6.5495384E-01
+1.6717999E+02	-6.2365645E-01	+7.2265661E-01
+1.6724001E+02	-5.4626626E-01	+7.8274667E-01
+1.6730000E+02	-4.6316132E-01	+8.3460689E-01
+1.6736000E+02	-3.7520704E-01	+8.7770492E-01
+1.6742000E+02	-2.8331581E-01	+9.1159779E-01
+1.6748000E+02	-1.8844050E-01	+9.3593466E-01
+1.6753999E+02	-9.1561832E-02	+9.5046175E-01
+1.6760001E+02	+6.3169817E-03	+9.5502323E-01
+1.6766000E+02	+1.0418180E-01	+9.4956350E-01
+1.6772000E+02	+2.0101635E-01	+9.3412834E-01
+1.6778000E+02	+2.9581326E-01	+9.0886420E-01
+1.6784000E+02	+3.8758147E-01	+8.7401795E-01
+1.6789999E+02	+4.7535744E-01	+8.2993507E-01
+1.6796001E+02	+5.5821431E-01	+7.7705735E-01
+1.6802000E+02	+6.3527143E-01	+7.1591961E-01
+1.6808000E+02	+7.0570374E-01	+6.4714479E-01
+1.6814000E+02	+7.6875073E-01	+5.7143933E-01
+1.6820000E+02	+8.2372481E-01	+4.8958677E-01
+1.6825999E+02	+8.7002045E-01	+4.0244040E-01
+1.6832001E+02	+9.0712059E-01	+3.1091535E-01
+1.6838000E+02	+9.3460399E-01	+2.1597956E-01
+1.6844000E+02	+9.5215100E-01	+1.1864364E-01
+1.6850000E+02	+9.5954889E-01	+1.9950479E-02
+1.6856000E+02	+9.5669490E-01	-7.9036355E-02
+1.6862000E+02	+9.4359964E-01	-1.7724444E-01
+1.6867999E+02	+9.2038763E-01	-2.7360487E-01
+1.6874001E+02	+8.8729709E-01	-3.6706492E-01
+1.6880000E+02	+8.4467888E-01	-4.5660046E-01
+1.6886000E+02	+7.9299235E-01	-5.4122907E-01
+1.6892000E+02	+7.3280096E-01	-6.2002146E-01
+1.6898000E+02	+6.6476613E-01	-6.9211370E-01
+1.6903999E+02	+5.8963943E-01	-7.5671786E-01
+1.6910001E+02	+5.0825346E-01	-8.1313199E-01
+1.6916000E+02	+4.2151150E-01	-8.6074895E-01
+1.6922000E+02	+3.3037663E-01	-8.9906341E-01
+1.6928000E+02	+2.3585889E-01	-9.2767882E-01
+1.6934000E+02	+1.3900405E-01	-9.4631088E-01
+1.6939999E+02	+4.0877812E-02	-9.5479107E-01
+1.6946001E+02	-5.7444796E-02	-9.5306712E-01
+1.6952000E+02	-1.5489452E-01	-9.4120342E-01
+1.6958000E+02	-2.5042015E-01	-9.1937774E-01
+1.6964000E+02	-3.4300134E-01	-8.8787854E-01
+1.6970000E+02	-4.3166083E-01	-8.4709918E-01
+1.6975999E+02	-5.1547396E-01	-7.9753166E-01
+1.6982001E+02	-5.9358072E-01	-7.3975891E-01
+1.6988000E+02	-6.6519243E-01	-6.7444599E-01
+1.6994000E+02	-7.2960031E-01	-6.0233122E-01
+1.7000000E+02	-7.8618169E-01	-5.2421504E-01
