+1.1000000E+02	-6.5004826E-01	+6.8210828E-01
+1.1006000E+02	-5.3530765E-01	+7.7525967E-01
+1.1012000E+02	-4.0760395E-01	+8.4918201E-01
+1.1018000E+02	-2.7014318E-01	+9.0214700E-01
+1.1024000E+02	-1.2634726E-01	+9.3295759E-01
+1.1030000E+02	+2.0234931E-02	+9.4097173E-01
+1.1036000E+02	+1.6601597E-01	+9.2611134E-01
+1.1042000E+02	+3.0745894E-01	+8.8885725E-01
+1.1048000E+02	+4.4116202E-01	+8.3023065E-01
+1.1054000E+02	+5.6394255E-01	+7.5176144E-01
+1.1060000E+02	+6.7290848E-01	+6.5544444E-01
+1.1066000E+02	+7.6552594E-01	+5.4368526E-01
+1.1072000E+02	+8.3967507E-01	+4.1923729E-01
+1.1078000E+02	+8.9369547E-01	+2.8513098E-01
+1.1084000E+02	+9.2641950E-01	+1.4459865E-01
+1.1090000E+02	+9.3719333E-01	+9.9471246E-04
+1.1096000E+02	+9.2588556E-01	-1.4228447E-01
+1.1102000E+02	+8.9288366E-01	-2.8188094E-01
+1.1108000E+02	+8.3907783E-01	-4.1455293E-01
+1.1114000E+02	+7.6583397E-01	-5.3724843E-01
+1.1120000E+02	+6.7495650E-01	-6.4717335E-01
+1.1126000E+02	+5.6864011E-01	-7.4185246E-01
+1.1132000E+02	+4.4941604E-01	-8.1918198E-01
+1.1138000E+02	+3.2008976E-01	-8.7747282E-01
+1.1144000E+02	+1.8367431E-01	-9.1548407E-01
+1.1150000E+02	+4.3318171E-02	-9.3244565E-01
+1.1156000E+02	-9.7763523E-02	-9.2807013E-01
+1.1162000E+02	-2.3636401E-01	-9.0255404E-01
+1.1168000E+02	-3.6935717E-01	-8.5656798E-01
+1.1174000E+02	-4.9376360E-01	-7.9123759E-01
+1.1180000E+02	-6.0681790E-01	-7.0811218E-01
+1.1186000E+02	-7.0602441E-01	-6.0912955E-01
+1.1192000E+02	-7.8921312E-01	-4.9656636E-01
+1.1198000E+02	-8.5458136E-01	-3.7298748E-01
+1.1204000E+02	-9.0073234E-01	-2.4118713E-01
+1.1210000E+02	-9.2670137E-01	-1.0412522E-01
+1.1216000E+02	-9.3197423E-01	+3.5138153E-02
+1.1222000E+02	-9.1649443E-01	+1.7350984E-01
+1.1228000E+02	-8.8066173E-01	+3.0793071E-01
+1.1234000E+02	-8.2532096E-01	+4.3544212E-01
+1.1240000E+02	-7.5174016E-01	+5.5325019E-01
+1.1246000E+02	-6.6158134E-01	+6.5878439E-01
+1.1252000E+02	-5.5686271E-01	+7.4975222E-01
+1.1258000E+02	-4.3991232E-01	+8.2418740E-01
+1.1264000E+02	-3.1331697E-01	+8.8049150E-01
+1.1270000E+02	-1.7986485E-01	+9.1746616E-01
+1.1276000E+02	-4.2485122E-02	+9.3433714E-01
+1.1282000E+02	+9.5817640E-02	+9.3077040E-01
+1.1288000E+02	+2.3202674E-01	+9.0687656E-01
+1.1294000E+02	+3.6317930E-01	+8.6320764E-01
+1.1300000E+02	+4.8643145E-01	+8.0074322E-01
+1.1306000E+02	+5.9911764E-01	+7.2086769E-01
+1.1312000E+02	+6.9880790E-01	+6.2533969E-01
+1.1318000E+02	+7.8336114E-01	+5.1625174E-01
+1.1324000E+02	+8.5096902E-01	+3.9598456E-01
+1.1330000E+02	+9.0019494E-01	+2.6715446E-01
+1.1336000E+02	+9.3000305E-01	+1.3255574E-01
+1.1342000E+02	+9.3978000E-01	-4.9002962E-03
+1.1348000E+02	+9.2934650E-01	-1.4224878E-01
+1.1354000E+02	+8.9895958E-01	-2.7653569E-01
+1.1360000E+02	+8.4930521E-01	-4.0488172E-01
+1.1366000E+02	+7.8148198E-01	-5.2454454E-01
+1.1372000E+02	+6.9697553E-01	-6.3297713E-01
+1.1378000E+02	+5.9762496E-01	-7.2788155E-01
+1.1384000E+02	+4.8558158E-01	-8.0725837E-01
+1.1390000E+02	+3.6325943E-01	-8.6944842E-01
+1.1396000E+02	+2.3328505E-01	-9.1316533E-01
+1.1402000E+02	+9.8436885E-02	-9.3752295E-01
+1.1408000E+02	-3.8414199E-02	-9.4205087E-01
+1.1414000E+02	-1.7436610E-01	-9.2670310E-01
+1.1420000E+02	-3.0654913E-01	-8.9185554E-01
+1.1426000E+02	-4.3218744E-01	-8.3829558E-01
+1.1432000E+02	-5.4865515E-01	-7.6720321E-01
+1.1438000E+02	-6.5353423E-01	-6.8012220E-01
+1.1444000E+02	-7.4466288E-01	-5.7892472E-01
+1.1450000E+02	-8.2017857E-01	-4.6577078E-01
+1.1456000E+02	-8.7855732E-01	-3.4305802E-01
+1.1462000E+02	-9.1864049E-01	-2.1337117E-01
+1.1468000E+02	-9.3965846E-01	-7.9425871E-02
+1.1474000E+02	-9.4124162E-01	+5.5989951E-02
+1.1480000E+02	-9.2342609E-01	+1.9007376E-01
+1.1486000E+02	-8.8664824E-01	+3.2006839E-01
+1.1492000E+02	-8.3173329E-01	+4.4331661E-01
+1.1498000E+02	-7.5987309E-01	+5.5731738E-01
+1.1504000E+02	-6.7260098E-01	+6.5977365E-01
+1.1510000E+02	-5.7175368E-01	+7.4863982E-01
+1.1516000E+02	-4.5943391E-01	+8.2215935E-01
+1.1522000E+02	-3.3796355E-01	+8.7889868E-01
+1.1528000E+02	-2.0983522E-01	+9.1777283E-01
+1.1534000E+02	-7.7659883E-02	+9.3806452E-01
+1.1540000E+02	+5.5886377E-02	+9.3943483E-01
+1.1546000E+02	+1.8811701E-01	+9.2192644E-01
+1.1552000E+02	+3.1638789E-01	+8.8595939E-01
+1.1558000E+02	+4.3815029E-01	+8.3231944E-01
+1.1564000E+02	+5.5100077E-01	+7.6213902E-01
+1.1570000E+02	+6.5272665E-01	+6.7687160E-01
+1.1576000E+02	+7.4134886E-01	+5.7826000E-01
+1.1582000E+02	+8.1515622E-01	+4.6830204E-01
+1.1588000E+02	+8.7274039E-01	+3.4920603E-01
+1.1594000E+02	+9.1301852E-01	+2.2334798E-01
+1.1600000E+02	+9.3525219E-01	+9.3223847E-02
+1.1606000E+02	+9.3905967E-01	-3.8599897E-02
+1.1612000E+02	+9.2441970E-01	-1.6953647E-01
+1.1618000E+02	+8.9167058E-01	-2.9702878E-01
+1.1624000E+02	+8.4150028E-01	-4.1859844E-01
+1.1630000E+02	+7.7493155E-01	-5.3189296E-01
+1.1636000E+02	+6.9329989E-01	-6.3472998E-01
+1.1642000E+02	+5.9822625E-01	-7.2513843E-01
+1.1648000E+02	+4.9158457E-01	-8.0139434E-01
+1.1654000E+02	+3.7546483E-01	-8.6205339E-01
+1.1660000E+02	+2.5213042E-01	-9.0597630E-01
+1.1666000E+02	+1.2397733E-01	-9.3234932E-01
+1.1672000E+02	-6.5155206E-03	-9.4069850E-01
+1.1678000E+02	-1.3683167E-01	-9.3089700E-01
+1.1684000E+02	-2.6446596E-01	-9.0316600E-01
+1.1690000E+02	-3.8697171E-01	-8.5806924E-01
+1.1696000E+02	-5.0200832E-01	-7.9650122E-01
+1.1702000E+02	-6.0738337E-01	-7.1966857E-01
+1.1708000E+02	-7.0109624E-01	-6.2906581E-01
+1.1714000E+02	-7.8137326E-01	-5.2644676E-01
+1.1720000E+02	-8.4670216E-01	-4.1378963E-01
+1.1726000E+02	-8.9585888E-01	-2.9325911E-01
+1.1732000E+02	-9.2793167E-01	-1.6716376E-01
+1.1738000E+02	-9.4233549E-01	-3.7912570E-02
+1.1744000E+02	-9.3882322E-01	+9.2031784E-02
+1.1750000E+02	-9.1748923E-01	+2.2019999E-01
+1.1756000E+02	-8.7876576E-01	+3.4416243E-01
+1.1762000E+02	-8.2341427E-01	+4.6157688E-01
+1.1768000E+02	-7.5250942E-01	+5.7023090E-01
+1.1774000E+02	-6.6741818E-01	+6.6808397E-01
+1.1780000E+02	-5.6977117E-01	+7.5330693E-01
+1.1786000E+02	-4.6143234E-01	+8.2431442E-01
+1.1792000E+02	-3.4446216E-01	+8.7979424E-01
+1.1798000E+02	-2.2107679E-01	+9.1873205E-01
+1.1804000E+02	-9.3606815E-02	+9.4042796E-01
+1.1810000E+02	+3.5548553E-02	+9.4450963E-01
+1.1816000E+02	+1.6396676E-01	+9.3093663E-01
+1.1822000E+02	+2.8924695E-01	+9.0000063E-01
+1.1828000E+02	+4.0905744E-01	+8.5231715E-01
+1.1834000E+02	+5.2117658E-01	+7.8881323E-01
+1.1840000E+02	+6.2353551E-01	+7.1070760E-01
+1.1846000E+02	+7.1425605E-01	+6.1948639E-01
+1.1852000E+02	+7.9168403E-01	+5.1687360E-01
+1.1858000E+02	+8.5441947E-01	+4.0479761E-01
+1.1864000E+02	+9.0134078E-01	+2.8535396E-01
+1.1870000E+02	+9.3162411E-01	+1.6076498E-01
+1.1876000E+02	+9.4475621E-01	+3.3338096E-02
+1.1882000E+02	+9.4054252E-01	-9.4577640E-02
+1.1888000E+02	+9.1910774E-01	-2.2063518E-01
+1.1894000E+02	+8.8089222E-01	-3.4253258E-01
+1.1900000E+02	+8.2664096E-01	-4.5805508E-01
+1.1906000E+02	+7.5738811E-01	-5.6511480E-01
+1.1912000E+02	+6.7443621E-01	-6.6178817E-01
+1.1918000E+02	+5.7932997E-01	-7.4634951E-01
+1.1924000E+02	+4.7382703E-01	-8.1730115E-01
+1.1930000E+02	+3.5986507E-01	-8.7339854E-01
+1.1936000E+02	+2.3952387E-01	-9.1367114E-01
+1.1942000E+02	+1.1498919E-01	-9.3743795E-01
+1.1948000E+02	-1.1489012E-02	-9.4431740E-01
+1.1954000E+02	-1.3763595E-01	-9.3423212E-01
+1.1960000E+02	-2.6119405E-01	-9.0740865E-01
+1.1966000E+02	-3.7996146E-01	-8.6437070E-01
+1.1972000E+02	-4.9183169E-01	-8.0592817E-01
+1.1978000E+02	-5.9483004E-01	-7.3316151E-01
+1.1984000E+02	-6.8714726E-01	-6.4739972E-01
+1.1990000E+02	-7.6717085E-01	-5.5019689E-01
+1.1996000E+02	-8.3351195E-01	-4.4330215E-01
+1.2002000E+02	-8.8502848E-01	-3.2862920E-01
+1.2008000E+02	-9.2084336E-01	-2.0822096E-01
+1.2014000E+02	-9.4035900E-01	-8.4213428E-02
+1.2020000E+02	-9.4326591E-01	+4.1201305E-02
+1.2026000E+02	-9.2954677E-01	+1.6581480E-01
+1.2032000E+02	-8.9947504E-01	+2.8743964E-01
+1.2038000E+02	-8.5360944E-01	+4.0394825E-01
+1.2044000E+02	-7.9278225E-01	+5.1330835E-01
+1.2050000E+02	-7.1808487E-01	+6.1361897E-01
+1.2056000E+02	-6.3084692E-01	+7.0314223E-01
+1.2062000E+02	-5.3261203E-01	+7.8033316E-01
+1.2068000E+02	-4.2511177E-01	+8.4386510E-01
+1.2074000E+02	-3.1023353E-01	+8.9265287E-01
+1.2080000E+02	-1.8998846E-01	+9.2586976E-01
+1.2086000E+02	-6.6475265E-02	+9.4296151E-01
+1.2092000E+02	+5.8155712E-02	+9.4365507E-01
+1.2098000E+02	+1.8174000E-01	+9.2796236E-01
+1.2104000E+02	+3.0213618E-01	+8.9617866E-01
+1.2110000E+02	+4.1726300E-01	+8.4887761E-01
+1.2116000E+02	+5.2513629E-01	+7.8689969E-01
+1.2122000E+02	+6.2390077E-01	+7.1133739E-01
+1.2128000E+02	+7.1186358E-01	+6.2351525E-01
+1.2134000E+02	+7.8752267E-01	+5.2496612E-01
+1.2140000E+02	+8.4959137E-01	+4.1740462E-01
+1.2146000E+02	+8.9702100E-01	+3.0269647E-01
+1.2152000E+02	+9.2901742E-01	+1.8282579E-01
+1.2158000E+02	+9.4505441E-01	+5.9860583E-02
+1.2164000E+02	+9.4488186E-01	-6.4083315E-02
+1.2170000E+02	+9.2852861E-01	-1.8687896E-01
+1.2176000E+02	+8.9630151E-01	-3.0642483E-01
+1.2182000E+02	+8.4877855E-01	-4.2068133E-01
+1.2188000E+02	+7.8679824E-01	-5.2770519E-01
+1.2194000E+02	+7.1144438E-01	-6.2568277E-01
+1.2200000E+02	+6.2402534E-01	-7.1296072E-01
+1.2206000E+02	+5.2605206E-01	-7.8807336E-01
+1.2212000E+02	+4.1920996E-01	-8.4976733E-01
+1.2218000E+02	+3.0532998E-01	-8.9702171E-01
+1.2224000E+02	+1.8635681E-01	-9.2906457E-01
+1.2230000E+02	+6.4314321E-02	-9.4538474E-01
+1.2236000E+02	-5.8728859E-02	-9.4573927E-01
+1.2242000E+02	-1.8069376E-01	-9.3015617E-01
+1.2248000E+02	-2.9952806E-01	-8.9893222E-01
+1.2254000E+02	-4.1323981E-01	-8.5262710E-01
+1.2260000E+02	-5.1993060E-01	-7.9205191E-01
+1.2266000E+02	-6.1782724E-01	-7.1825391E-01
+1.2272000E+02	-7.0531040E-01	-6.3249880E-01
+1.2278000E+02	-7.8094196E-01	-5.3624624E-01
+1.2284000E+02	-8.4348679E-01	-4.3112683E-01
+1.2290000E+02	-8.9193279E-01	-3.1891122E-01
+1.2296000E+02	-9.2550623E-01	-2.0148221E-01
+1.2302000E+02	-9.4368345E-01	-8.0801129E-02
+1.2308000E+02	-9.4619781E-01	+4.1123979E-02
+1.2314000E+02	-9.3304271E-01	+1.6227242E-01
+1.2320000E+02	-9.0447015E-01	+2.8064457E-01
+1.2326000E+02	-8.6098522E-01	+3.9429286E-01
+1.2332000E+02	-8.0333644E-01	+5.0135589E-01
+1.2338000E+02	-7.3250222E-01	+6.0008615E-01
+1.2344000E+02	-6.4967287E-01	+6.8888009E-01
+1.2350000E+02	-5.5623204E-01	+7.6630116E-01
+1.2356000E+02	-4.5373118E-01	+8.3110440E-01
+1.2362000E+02	-3.4386367E-01	+8.8225484E-01
+1.2368000E+02	-2.2843844E-01	+9.1894281E-01
+1.2374000E+02	-1.0934877E-01	+9.4059682E-01
+1.2380000E+02	+1.1458747E-02	+9.4689131E-01
+1.2386000E+02	+1.3201512E-01	+9.3775094E-01
+1.2392000E+02	+2.5036186E-01	+9.1335052E-01
+1.2398000E+02	+3.6458072E-01	+8.7411153E-01
+1.2404000E+02	+4.7282663E-01	+8.2069433E-01
+1.2410000E+02	+5.7335508E-01	+7.5398660E-01
+1.2416000E+02	+6.6455084E-01	+6.7508811E-01
+1.2422000E+02	+7.4495375E-01	+5.8529252E-01
+1.2428000E+02	+8.1328046E-01	+4.8606598E-01
+1.2434000E+02	+8.6844563E-01	+3.7902313E-01
+1.2440000E+02	+9.0957808E-01	+2.6590052E-01
+1.2446000E+02	+9.3603414E-01	+1.4852858E-01
+1.2452000E+02	+9.4740778E-01	+2.8802007E-02
+1.2458000E+02	+9.4353580E-01	-9.1350824E-02
+1.2464000E+02	+9.2450047E-01	-2.0999889E-01
+1.2470000E+02	+8.9062685E-01	-3.2523942E-01
+1.2476000E+02	+8.4247738E-01	-4.3522838E-01
+1.2482000E+02	+7.8084219E-01	-5.3820980E-01
+1.2488000E+02	+7.0672572E-01	-6.3254362E-01
+1.2494000E+02	+6.2132996E-01	-7.1673197E-01
+1.2500000E+02	+5.2603471E-01	-7.8944218E-01
+1.2506000E+02	+4.2237526E-01	-8.4952843E-01
+1.2512000E+02	+3.1201705E-01	-8.9604890E-01
+1.2518000E+02	+1.9672826E-01	-9.2828041E-01
+1.2524000E+02	+7.8352436E-02	-9.4572979E-01
+1.2530000E+02	-4.1222382E-02	-9.4814032E-01
+1.2536000E+02	-1.6009420E-01	-9.3549567E-01
+1.2542000E+02	-2.7637601E-01	-9.0801901E-01
+1.2548000E+02	-3.8822728E-01	-8.6616874E-01
+1.2554000E+02	-4.9388266E-01	-8.1063050E-01
+1.2560000E+02	-5.9167969E-01	-7.4230486E-01
+1.2566000E+02	-6.8008476E-01	-6.6229326E-01
+1.2572000E+02	-7.5771785E-01	-5.7187825E-01
+1.2578000E+02	-8.2337242E-01	-4.7250357E-01
+1.2584000E+02	-8.7603462E-01	-3.6575040E-01
+1.2590000E+02	-9.1489947E-01	-2.5331092E-01
+1.2596000E+02	-9.3938047E-01	-1.3696182E-01
+1.2602000E+02	-9.4911939E-01	-1.8536536E-02
+1.2608000E+02	-9.4399095E-01	+1.0010548E-01
+1.2614000E+02	-9.2410278E-01	+2.1710698E-01
+1.2620000E+02	-8.8979334E-01	+3.3064279E-01
+1.2626000E+02	-8.4162527E-01	+4.3894672E-01
+1.2632000E+02	-7.8037536E-01	+5.4034084E-01
+1.2638000E+02	-7.0702183E-01	+6.3326007E-01
+1.2644000E+02	-6.2272811E-01	+7.1627635E-01
+1.2650000E+02	-5.2882314E-01	+7.8811944E-01
+1.2656000E+02	-4.2678067E-01	+8.4769702E-01
+1.2662000E+02	-3.1819540E-01	+8.9410996E-01
+1.2668000E+02	-2.0475839E-01	+9.2666507E-01
+1.2674000E+02	-8.8229708E-02	+9.4488531E-01
+1.2680000E+02	+2.9587993E-02	+9.4851601E-01
+1.2686000E+02	+1.4687845E-01	+9.3752742E-01
+1.2692000E+02	+2.6183882E-01	+9.1211438E-01
+1.2698000E+02	+3.7270734E-01	+8.7269247E-01
+1.2704000E+02	+4.7779045E-01	+8.1989020E-01
+1.2710000E+02	+5.7548690E-01	+7.5453913E-01
+1.2716000E+02	+6.6431433E-01	+6.7765999E-01
+1.2722000E+02	+7.4292827E-01	+5.9044665E-01
+1.2728000E+02	+8.1014436E-01	+4.9424699E-01
+1.2734000E+02	+8.6495447E-01	+3.9054245E-01
+1.2740000E+02	+9.0654171E-01	+2.8092459E-01
+1.2746000E+02	+9.3429202E-01	+1.6707096E-01
+1.2752000E+02	+9.4780278E-01	+5.0719343E-02
+1.2758000E+02	+9.4688815E-01	-6.6358648E-02
+1.2764000E+02	+9.3158144E-01	-1.8238439E-01
+1.2770000E+02	+9.0213370E-01	-2.9559907E-01
+1.2776000E+02	+8.5900933E-01	-4.0429029E-01
+1.2782000E+02	+8.0287856E-01	-5.0681752E-01
+1.2788000E+02	+7.3460680E-01	-6.0163677E-01
+1.2794000E+02	+6.5524125E-01	-6.8732345E-01
+1.2800000E+02	+5.6599402E-01	-7.6259381E-01
+1.2806000E+02	+4.6822447E-01	-8.2632363E-01
+1.2812000E+02	+3.6341771E-01	-8.7756491E-01
+1.2817999E+02	+2.5316167E-01	-9.1555941E-01
+1.2824001E+02	+1.3912413E-01	-9.3975025E-01
+1.2830000E+02	+2.3025770E-02	-9.4978917E-01
+1.2836000E+02	-9.3385048E-02	-9.4554162E-01
+1.2842000E+02	-2.0835732E-01	-9.2708802E-01
+1.2848000E+02	-3.2016563E-01	-8.9472264E-01
+1.2853999E+02	-4.2713684E-01	-8.4894764E-01
+1.2860001E+02	-5.2767205E-01	-7.9046559E-01
+1.2866000E+02	-6.2027287E-01	-7.2016835E-01
+1.2872000E+02	-7.0356297E-01	-6.3912362E-01
+1.2878000E+02	-7.7630800E-01	-5.4855692E-01
+1.2884000E+02	-8.3743501E-01	-4.4983441E-01
+1.2889999E+02	-8.8604641E-01	-3.4444097E-01
+1.2896001E+02	-9.2143404E-01	-2.3395772E-01
+1.2902000E+02	-9.4308877E-01	-1.2003829E-01
+1.2908000E+02	-9.5070744E-01	-4.3836148E-03
+1.2914000E+02	-9.4419718E-01	+1.1128355E-01
+1.2920000E+02	-9.2367530E-01	+2.2524455E-01
+1.2925999E+02	-8.8946712E-01	+3.3581066E-01
+1.2932001E+02	-8.4210080E-01	+4.4134739E-01
+1.2938000E+02	-7.8229785E-01	+5.4030007E-01
+1.2944000E+02	-7.1096259E-01	+6.3121450E-01
+1.2950000E+02	-6.2916678E-01	+7.1276045E-01
+1.2956000E+02	-5.3813463E-01	+7.8374904E-01
+1.2962000E+02	-4.3922317E-01	+8.4315085E-01
+1.2967999E+02	-3.3390111E-01	+8.9010978E-01
+1.2974001E+02	-2.2372828E-01	+9.2395550E-01
+1.2980000E+02	-1.1033060E-01	+9.4421202E-01
+1.2986000E+02	+4.6227649E-03	+9.5060438E-01
+1.2992000E+02	+1.1944493E-01	+9.4306111E-01
+1.2998000E+02	+2.3245466E-01	+9.2171550E-01
+1.3003999E+02	+3.4200326E-01	+8.8690162E-01
+1.3010001E+02	+4.4649625E-01	+8.3914930E-01
+1.3016000E+02	+5.4441750E-01	+7.7917558E-01
+1.3022000E+02	+6.3435036E-01	+7.0787334E-01
+1.3028000E+02	+7.1499825E-01	+6.2629771E-01
+1.3034000E+02	+7.8520286E-01	+5.3565025E-01
+1.3039999E+02	+8.4395999E-01	+4.3726087E-01
+1.3046001E+02	+8.9043415E-01	+3.3256835E-01
+1.3052000E+02	+9.2396921E-01	+2.2309893E-01
+1.3058000E+02	+9.4409776E-01	+1.1044440E-01
+1.3064000E+02	+9.5054704E-01	-3.7613735E-03
+1.3070000E+02	+9.4324213E-01	-1.1786584E-01
+1.3075999E+02	+9.2230636E-01	-2.3022160E-01
+1.3082001E+02	+8.8805950E-01	-3.3920985E-01
+1.3088000E+02	+8.4101117E-01	-4.4326434E-01
+1.3094000E+02	+7.8185499E-01	-5.4089183E-01
+1.3100000E+02	+7.1145648E-01	-6.3069522E-01
+1.3106000E+02	+6.3084102E-01	-7.1139210E-01
+1.3112000E+02	+5.4117876E-01	-7.8183329E-01
+1.3117999E+02	+4.4376689E-01	-8.4101874E-01
+1.3124001E+02	+3.4001246E-01	-8.8811129E-01
+1.3130000E+02	+2.3140870E-01	-9.2244899E-01
+1.3136000E+02	+1.1951821E-01	-9.4355303E-01
+1.3142000E+02	+5.9465626E-03	-9.5113510E-01
+1.3148000E+02	-1.0767943E-01	-9.4510096E-01
+1.3153999E+02	-2.1973497E-01	-9.2555088E-01
+1.3160001E+02	-3.2861963E-01	-8.9277816E-01
+1.3166000E+02	-4.3278188E-01	-8.4726477E-01
+1.3172000E+02	-5.3073943E-01	-7.8967333E-01
+1.3178000E+02	-6.2110168E-01	-7.2083813E-01
+1.3184000E+02	-7.0258874E-01	-6.4175218E-01
+1.3189999E+02	-7.7404922E-01	-5.5355281E-01
+1.3196001E+02	-8.3447689E-01	-4.5750558E-01
+1.3202000E+02	-8.8302404E-01	-3.5498539E-01
+1.3208000E+02	-9.1901433E-01	-2.4745625E-01
+1.3214000E+02	-9.4195044E-01	-1.3645163E-01
+1.3220000E+02	-9.5152241E-01	-2.3550361E-02
+1.3225999E+02	-9.4761014E-01	+8.9643814E-02
+1.3232001E+02	-9.3028539E-01	+2.0152731E-01
+1.3238000E+02	-8.9980984E-01	+3.1051740E-01
+1.3244000E+02	-8.5663092E-01	+4.1507640E-01
+1.3250000E+02	-8.0137521E-01	+5.1373237E-01
+1.3256000E+02	-7.3483860E-01	+6.0509980E-01
+1.3262000E+02	-6.5797448E-01	+6.8790013E-01
+1.3267999E+02	-5.7187945E-01	+7.6097763E-01
+1.3274001E+02	-4.7777829E-01	+8.2331723E-01
+1.3280000E+02	-3.7700596E-01	+8.7405634E-01
+1.3286000E+02	-2.7098665E-01	+9.1249871E-01
+1.3292000E+02	-1.6121641E-01	+9.3812209E-01
+1.3298000E+02	-4.9238570E-02	+9.5058507E-01
+1.3303999E+02	+6.3374057E-02	+9.4973201E-01
+1.3310001E+02	+1.7504631E-01	+9.3559355E-01
+1.3316000E+02	+2.8421769E-01	+9.0838629E-01
+1.3322000E+02	+3.8936833E-01	+8.6850852E-01
+1.3328000E+02	+4.8903623E-01	+8.1653488E-01
+1.3334000E+02	+5.8184147E-01	+7.5320596E-01
+1.3339999E+02	+6.6650194E-01	+6.7941898E-01
+1.3346001E+02	+7.4185067E-01	+5.9621519E-01
+1.3352000E+02	+8.0685478E-01	+5.0476259E-01
+1.3358000E+02	+8.6062580E-01	+4.0634161E-01
+1.3364000E+02	+9.0243298E-01	+3.0232602E-01
+1.3370000E+02	+9.3171322E-01	+1.9416375E-01
+1.3375999E+02	+9.4807714E-01	+8.3356999E-02
+1.3382001E+02	+9.5131475E-01	-2.8558930E-02
+1.3388000E+02	+9.4139749E-01	-1.4003666E-01
+1.3394000E+02	+9.1847813E-01	-2.4953802E-01
+1.3400000E+02	+8.8288784E-01	-3.5555521E-01
+1.3406000E+02	+8.3513188E-01	-4.5663124E-01
+1.3412000E+02	+7.7588135E-01	-5.5137980E-01
+1.3417999E+02	+7.0596385E-01	-6.3850409E-01
+1.3424001E+02	+6.2635273E-01	-7.1681428E-01
+1.3430000E+02	+5.3815126E-01	-7.8524345E-01
+1.3436000E+02	+4.4258004E-01	-8.4286213E-01
+1.3442000E+02	+3.4095770E-01	-8.8889027E-01
+1.3448000E+02	+2.3468366E-01	-9.2270821E-01
+1.3453999E+02	+1.2521948E-01	-9.4386405E-01
+1.3460001E+02	+1.4067051E-02	-9.5208001E-01
+1.3466000E+02	-9.7250149E-02	-9.4725585E-01
+1.3472000E+02	-2.0720893E-01	-9.2946953E-01
+1.3478000E+02	-3.1430709E-01	-8.9897645E-01
+1.3484000E+02	-4.1708323E-01	-8.5620481E-01
+1.3489999E+02	-5.1413780E-01	-8.0175006E-01
+1.3496001E+02	-6.0415119E-01	-7.3636669E-01
+1.3502000E+02	-6.8590230E-01	-6.6095638E-01
+1.3508000E+02	-7.5828326E-01	-5.7655704E-01
+1.3514000E+02	-8.2031769E-01	-4.8432696E-01
+1.3520000E+02	-8.7116981E-01	-3.8553014E-01
+1.3525999E+02	-9.1015899E-01	-2.8151676E-01
+1.3532001E+02	-9.3676645E-01	-1.7370749E-01
+1.3538000E+02	-9.5064306E-01	-6.3570969E-02
+1.3544000E+02	-9.5161343E-01	+4.7394540E-02
+1.3550000E+02	-9.3967783E-01	+1.5768172E-01
+1.3556000E+02	-9.1501212E-01	+2.6579559E-01
+1.3562000E+02	-8.7796426E-01	+3.7027308E-01
+1.3567999E+02	-8.2904953E-01	+4.6970391E-01
+1.3574001E+02	-7.6894397E-01	+5.6274766E-01
+1.3580000E+02	-6.9847250E-01	+6.4815414E-01
+1.3586000E+02	-6.1859936E-01	+7.2477835E-01
+1.3592000E+02	-5.3041399E-01	+7.9159671E-01
+1.3598000E+02	-4.3511584E-01	+8.4771973E-01
+1.3603999E+02	-3.3399752E-01	+8.9240444E-01
+1.3610001E+02	-2.2842729E-01	+9.2506325E-01
+1.3616000E+02	-1.1983091E-01	+9.4527203E-01
+1.3622000E+02	-9.6712671E-03	+9.5277500E-01
+1.3628000E+02	+1.0057128E-01	+9.4748741E-01
+1.3634000E+02	+2.0941763E-01	+9.2949635E-01
+1.3639999E+02	+3.1541097E-01	+8.9905894E-01
+1.3646001E+02	+4.1713655E-01	+8.5659826E-01
+1.3652000E+02	+5.1323867E-01	+8.0269772E-01
+1.3658000E+02	+6.0244060E-01	+7.3809153E-01
+1.3664000E+02	+6.8356019E-01	+6.6365552E-01
+1.3670000E+02	+7.5552499E-01	+5.8039463E-01
+1.3675999E+02	+8.1738770E-01	+4.8942897E-01
+1.3682001E+02	+8.6833650E-01	+3.9197895E-01
+1.3688000E+02	+9.0770638E-01	+2.8934851E-01
+1.3694000E+02	+9.3498766E-01	+1.8290783E-01
+1.3700000E+02	+9.4983155E-01	+7.4074768E-02
+1.3706000E+02	+9.5205510E-01	-3.5703760E-02
+1.3712000E+02	+9.4164240E-01	-1.4497101E-01
+1.3717999E+02	+9.1874480E-01	-2.5227976E-01
+1.3724001E+02	+8.8367844E-01	-3.5621110E-01
+1.3730000E+02	+8.3691972E-01	-4.5539331E-01
+1.3736000E+02	+7.7909827E-01	-5.4851949E-01
+1.3742000E+02	+7.1098900E-01	-6.3436490E-01
+1.3748000E+02	+6.3350070E-01	-7.1180260E-01
+1.3753999E+02	+5.4766500E-01	-7.7981818E-01
+1.3760001E+02	+4.5462176E-01	-8.3752304E-01
+1.3766000E+02	+3.5560358E-01	-8.8416523E-01
+1.3772000E+02	+2.5192052E-01	-9.1913980E-01
+1.3778000E+02	+1.4494221E-01	-9.4199586E-01
+1.3784000E+02	+3.6079295E-02	-9.5244288E-01
+1.3789999E+02	-7.3234208E-02	-9.5035350E-01
+1.3796001E+02	-1.8156075E-01	-9.3576556E-01
+1.3802000E+02	-2.8747702E-01	-9.0888095E-01
+1.3808000E+02	-3.8959354E-01	-8.7006277E-01
+1.3814000E+02	-4.8657295E-01	-8.1983042E-01
+1.3820000E+02	-5.7714641E-01	-7.5885278E-01
+1.3825999E+02	-6.6013116E-01	-6.8793827E-01
+1.3832001E+02	-7.3444569E-01	-6.0802507E-01
+1.3838000E+02	-7.9912335E-01	-5.2016795E-01
+1.3844000E+02	-8.5332572E-01	-4.2552432E-01
+1.3850000E+02	-8.9635217E-01	-3.2533902E-01
+1.3856000E+02	-9.2765009E-01	-2.2092743E-01
+1.3862000E+02	-9.4682091E-01	-1.1365845E-01
+1.3867999E+02	-9.5362550E-01	-4.9362178E-03
+1.3874001E+02	-9.4798672E-01	+1.0381819E-01
+1.3880000E+02	-9.2999035E-01	+2.1118577E-01
+1.3886000E+02	-8.9988321E-01	+3.1576779E-01
+1.3892000E+02	-8.5806996E-01	+4.1620448E-01
+1.3898000E+02	-8.0510700E-01	+5.1119244E-01
+1.3903999E+02	-7.4169511E-01	+5.9950155E-01
+1.3910001E+02	-6.6867024E-01	+6.7999059E-01
+1.3916000E+02	-5.8699125E-01	+7.5162274E-01
+1.3922000E+02	-4.9772775E-01	+8.1347805E-01
+1.3928000E+02	-4.0204608E-01	+8.6476499E-01
+1.3934000E+02	-3.0119279E-01	+9.0483099E-01
+1.3939999E+02	-1.9648036E-01	+9.3316996E-01
+1.3946001E+02	-8.9267306E-02	+9.4942880E-01
+1.3952000E+02	+1.9057475E-02	+9.5341104E-01
+1.3958000E+02	+1.2709393E-01	+9.4507933E-01
+1.3964000E+02	+2.3344845E-01	+9.2455524E-01
+1.3970000E+02	+3.3675167E-01	+8.9211732E-01
+1.3975999E+02	+4.3567631E-01	+8.4819669E-01
+1.3982001E+02	+5.2895409E-01	+7.9337168E-01
+1.3988000E+02	+6.1539155E-01	+7.2835934E-01
+1.3994000E+02	+6.9388580E-01	+6.5400618E-01
+1.4000000E+02	+7.6343745E-01	+5.7127702E-01
+1.4006000E+02	+8.2316321E-01	+4.8124203E-01
+1.4012000E+02	+8.7230814E-01	+3.8506296E-01
+1.4017999E+02	+9.1025317E-01	+2.8397828E-01
+1.4024001E+02	+9.3652368E-01	+1.7928682E-01
+1.4030000E+02	+9.5079482E-01	+7.2331421E-02
+1.4036000E+02	+9.5289546E-01	-3.5518415E-02
+1.4042000E+02	+9.4280994E-01	-1.4288393E-01
+1.4048000E+02	+9.2067808E-01	-2.4839464E-01
+1.4053999E+02	+8.8679254E-01	-3.5070565E-01
+1.4060001E+02	+8.4159565E-01	-4.4851482E-01
+1.4066000E+02	+7.8567290E-01	-5.4057896E-01
+1.4072000E+02	+7.1974522E-01	-6.2572980E-01
+1.4078000E+02	+6.4466023E-01	-7.0288831E-01
+1.4084000E+02	+5.6138074E-01	-7.7107853E-01
+1.4089999E+02	+4.7097230E-01	-8.2943964E-01
+1.4096001E+02	+3.7458989E-01	-8.7723660E-01
+1.4102000E+02	+2.7346337E-01	-9.1386962E-01
+1.4108000E+02	+1.6888098E-01	-9.3888146E-01
+1.4114000E+02	+6.2173389E-02	-9.5196253E-01
+1.4120000E+02	-4.5303088E-02	-9.5295548E-01
+1.4125999E+02	-1.5218399E-01	-9.4185621E-01
+1.4132001E+02	-2.5711399E-01	-9.1881442E-01
+1.4138000E+02	-3.5876399E-01	-8.8413084E-01
+1.4144000E+02	-4.5584792E-01	-8.3825362E-01
+1.4150000E+02	-5.4713970E-01	-7.8177220E-01
+1.4156000E+02	-6.3148779E-01	-7.1540982E-01
+1.4162000E+02	-7.0782959E-01	-6.4001405E-01
+1.4167999E+02	-7.7520609E-01	-5.5654567E-01
+1.4174001E+02	-8.3277255E-01	-4.6606687E-01
+1.4180000E+02	-8.7980992E-01	-3.6972639E-01
+1.4186000E+02	-9.1573274E-01	-2.6874584E-01
+1.4192000E+02	-9.4009757E-01	-1.6440399E-01
+1.4198000E+02	-9.5260721E-01	-5.8020014E-02
+1.4203999E+02	-9.5311487E-01	+4.9063463E-02
+1.4210001E+02	-9.4162530E-01	+1.5549645E-01
+1.4216000E+02	-9.1829449E-01	+2.5994003E-01
+1.4222000E+02	-8.8342762E-01	+3.6108205E-01
+1.4228000E+02	-8.3747417E-01	+4.5765418E-01
+1.4234000E+02	-7.8102255E-01	+5.4844820E-01
+1.4239999E+02	-7.1479237E-01	+6.3233018E-01
+1.4246001E+02	-6.3962388E-01	+7.0825529E-01
+1.4252000E+02	-5.5646861E-01	+7.7528006E-01
+1.4258000E+02	-4.6637625E-01	+8.3257449E-01
+1.4264000E+02	-3.7048119E-01	+8.7943196E-01
+1.4270000E+02	-2.6998886E-01	+9.1527742E-01
+1.4275999E+02	-1.6615924E-01	+9.3967456E-01
+1.4282001E+02	-6.0292050E-02	+9.5233089E-01
+1.4288000E+02	+4.6290115E-02	+9.5310068E-01
+1.4294000E+02	+1.5225834E-01	+9.4198656E-01
+1.4300000E+02	+2.5629321E-01	+9.1913885E-01
+1.4306000E+02	+3.5710233E-01	+8.8485372E-01
+1.4312000E+02	+4.5343488E-01	+8.3956861E-01
+1.4317999E+02	+5.4409814E-01	+7.8385705E-01
+1.4324001E+02	+6.2797165E-01	+7.1842045E-01
+1.4330000E+02	+7.0402080E-01	+6.4407998E-01
+1.4336000E+02	+7.7130920E-01	+5.6176555E-01
+1.4342000E+02	+8.2901084E-01	+4.7250426E-01
+1.4348000E+02	+8.7641871E-01	+3.7740779E-01
+1.4353999E+02	+9.1295463E-01	+2.7765819E-01
+1.4360001E+02	+9.3817502E-01	+1.7449339E-01
+1.4366000E+02	+9.5177662E-01	+6.9191940E-02
+1.4372000E+02	+9.5360029E-01	-3.6942918E-02
+1.4378000E+02	+9.4363171E-01	-1.4259921E-01
+1.4384000E+02	+9.2200243E-01	-2.4647240E-01
+1.4389999E+02	+8.8898760E-01	-3.4728140E-01
+1.4396001E+02	+8.4500206E-01	-4.4378421E-01
+1.4402000E+02	+7.9059577E-01	-5.3479326E-01
+1.4408000E+02	+7.2644591E-01	-6.1918986E-01
+1.4414000E+02	+6.5335000E-01	-6.9593799E-01
+1.4420000E+02	+5.7221371E-01	-7.6409644E-01
+1.4425999E+02	+4.8404184E-01	-8.2283133E-01
+1.4432001E+02	+3.8992456E-01	-8.7142509E-01
+1.4438000E+02	+2.9102394E-01	-9.0928596E-01
+1.4444000E+02	+1.8856004E-01	-9.3595469E-01
+1.4450000E+02	+8.3795615E-02	-9.5111054E-01
+1.4456000E+02	-2.1980554E-02	-9.5457458E-01
+1.4462000E+02	-1.2746653E-01	-9.4631177E-01
+1.4467999E+02	-2.3136677E-01	-9.2643172E-01
+1.4474001E+02	-3.3240706E-01	-8.9518642E-01
+1.4480000E+02	-4.2934817E-01	-8.5296780E-01
+1.4486000E+02	-5.2100474E-01	-8.0030131E-01
+1.4492000E+02	-6.0625541E-01	-7.3784155E-01
+1.4498000E+02	-6.8406159E-01	-6.6636074E-01
+1.4503999E+02	-7.5347459E-01	-5.8674240E-01
+1.4510001E+02	-8.1365269E-01	-4.9996758E-01
+1.4516000E+02	-8.6386627E-01	-4.0710458E-01
+1.4522000E+02	-9.0351039E-01	-3.0929404E-01
+1.4528000E+02	-9.3210983E-01	-2.0773572E-01
+1.4534000E+02	-9.4932514E-01	-1.0367319E-01
+1.4539999E+02	-9.5495683E-01	+1.6209958E-03
+1.4546001E+02	-9.4894701E-01	+1.0686219E-01
+1.4552000E+02	-9.3138003E-01	+2.1076666E-01
+1.4558000E+02	-9.0248060E-01	+3.1207135E-01
+1.4564000E+02	-8.6261183E-01	+4.0954539E-01
+1.4570000E+02	-8.1226891E-01	+5.0200748E-01
+1.4575999E+02	-7.5207359E-01	+5.8833897E-01
+1.4582001E+02	-6.8276674E-01	+6.6749746E-01
+1.4588000E+02	-6.0519826E-01	+7.3852956E-01
+1.4594000E+02	-5.2031600E-01	+8.0058223E-01
+1.4600000E+02	-4.2915541E-01	+8.5291189E-01
+1.4606000E+02	-3.3282614E-01	+8.9489460E-01
+1.4612000E+02	-2.3249826E-01	+9.2603195E-01
+1.4617999E+02	-1.2938841E-01	+9.4595730E-01
+1.4624001E+02	-2.4744404E-02	+9.5444012E-01
+1.4630000E+02	+8.0169290E-02	+9.5138788E-01
+1.4636000E+02	+1.8408595E-01	+9.3684715E-01
+1.4642000E+02	+2.8575379E-01	+9.1100270E-01
+1.4648000E+02	+3.8394931E-01	+8.7417507E-01
+1.4653999E+02	+4.7749236E-01	+8.2681608E-01
+1.4660001E+02	+5.6526029E-01	+7.6950383E-01
+1.4666000E+02	+6.4620125E-01	+7.0293510E-01
+1.4672000E+02	+7.1934628E-01	+6.2791675E-01
+1.4678000E+02	+7.8382140E-01	+5.4535651E-01
+1.4684000E+02	+8.3885700E-01	+4.5625117E-01
+1.4689999E+02	+8.8379800E-01	+3.6167535E-01
+1.4696001E+02	+9.1811073E-01	+2.6276800E-01
+1.4702000E+02	+9.4138926E-01	+1.6071902E-01
+1.4708000E+02	+9.5336062E-01	+5.6754902E-02
+1.4714000E+02	+9.5388728E-01	-4.7875959E-02
+1.4720000E+02	+9.4296902E-01	-1.5191823E-01
+1.4725999E+02	+9.2074299E-01	-2.5412467E-01
+1.4732001E+02	+8.8748157E-01	-3.5327098E-01
+1.4738000E+02	+8.4358948E-01	-4.4817033E-01
+1.4744000E+02	+7.8959745E-01	-5.3768885E-01
+1.4750000E+02	+7.2615856E-01	-6.2075579E-01
+1.4756000E+02	+6.5403706E-01	-6.9638097E-01
+1.4762000E+02	+5.7410115E-01	-7.6366287E-01
+1.4767999E+02	+4.8731223E-01	-8.2180125E-01
+1.4774001E+02	+3.9471263E-01	-8.7010556E-01
+1.4780000E+02	+2.9741266E-01	-9.0800470E-01
+1.4786000E+02	+1.9657888E-01	-9.3505174E-01
+1.4792000E+02	+9.3418121E-02	-9.5093071E-01
+1.4798000E+02	-1.0834887E-02	-9.5545936E-01
+1.4803999E+02	-1.1493606E-01	-9.4859177E-01
+1.4810001E+02	-2.1764234E-01	-9.3041795E-01
+1.4816000E+02	-3.1773028E-01	-9.0116328E-01
+1.4822000E+02	-4.1400832E-01	-8.6118501E-01
+1.4828000E+02	-5.0533336E-01	-8.1096792E-01
+1.4834000E+02	-5.9062123E-01	-7.5111860E-01
+1.4839999E+02	-6.6886312E-01	-6.8235701E-01
+1.4846001E+02	-7.3913437E-01	-6.0550857E-01
+1.4852000E+02	-8.0060697E-01	-5.2149355E-01
+1.4858000E+02	-8.5255909E-01	-4.3131605E-01
+1.4864000E+02	-8.9438266E-01	-3.3605143E-01
+1.4870000E+02	-9.2559117E-01	-2.3683442E-01
+1.4875999E+02	-9.4582462E-01	-1.3484405E-01
+1.4882001E+02	-9.5485383E-01	-3.1289980E-02
+1.4888000E+02	-9.5258212E-01	+7.2600439E-02
+1.4894000E+02	-9.3904698E-01	+1.7559920E-01
+1.4900000E+02	-9.1441840E-01	+2.7648988E-01
+1.4906000E+02	-8.7899721E-01	+3.7408376E-01
+1.4912000E+02	-8.3321089E-01	+4.6723214E-01
+1.4917999E+02	-7.7760786E-01	+5.5484104E-01
+1.4924001E+02	-7.1285230E-01	+6.3588291E-01
+1.4930000E+02	-6.3971341E-01	+7.0940900E-01
+1.4936000E+02	-5.5905920E-01	+7.7455997E-01
+1.4942000E+02	-4.7184336E-01	+8.3057666E-01
+1.4948000E+02	-3.7909627E-01	+8.7680709E-01
+1.4953999E+02	-2.8191158E-01	+9.1271526E-01
+1.4960001E+02	-1.8143268E-01	+9.3788695E-01
+1.4966000E+02	-7.8841485E-02	+9.5203364E-01
+1.4972000E+02	+2.4657058E-02	+9.5499611E-01
+1.4978000E+02	+1.2784903E-01	+9.4674641E-01
+1.4984000E+02	+2.2952437E-01	+9.2738783E-01
+1.4989999E+02	+3.2849279E-01	+8.9715302E-01
+1.4996001E+02	+4.2359582E-01	+8.5640210E-01
+1.5002000E+02	+5.1372188E-01	+8.0561745E-01
+1.5008000E+02	+5.9781778E-01	+7.4539852E-01
+1.5014000E+02	+6.7490178E-01	+6.7645478E-01
+1.5020000E+02	+7.4407464E-01	+5.9959722E-01
+1.5025999E+02	+8.0453068E-01	+5.1572829E-01
+1.5032001E+02	+8.5556602E-01	+4.2583278E-01
+1.5038000E+02	+8.9658791E-01	+3.3096480E-01
+1.5044000E+02	+9.2712063E-01	+2.3223603E-01
+1.5050000E+02	+9.4681168E-01	+1.3080274E-01
+1.5056000E+02	+9.5543593E-01	+2.7852090E-02
+1.5062000E+02	+9.5289749E-01	-7.5411864E-02
+1.5067999E+02	+9.3923146E-01	-1.7778215E-01
+1.5074001E+02	+9.1460270E-01	-2.7806318E-01
+1.5080000E+02	+8.7930477E-01	-3.7508464E-01
+1.5086000E+02	+8.3375537E-01	-4.6771550E-01
+1.5092000E+02	+7.7849233E-01	-5.5487680E-01
+1.5098000E+02	+7.1416599E-01	-6.3555491E-01
+1.5103999E+02	+6.4153230E-01	-7.0881265E-01
+1.5110001E+02	+5.6144351E-01	-7.7380079E-01
+1.5116000E+02	+4.7483823E-01	-8.2976782E-01
+1.5122000E+02	+3.8272938E-01	-8.7606794E-01
+1.5128000E+02	+2.8619382E-01	-9.1216946E-01
+1.5134000E+02	+1.8635812E-01	-9.3766016E-01
+1.5139999E+02	+8.4385142E-02	-9.5225221E-01
+1.5146001E+02	-1.8537911E-02	-9.5578474E-01
+1.5152000E+02	-1.2121489E-01	-9.4822627E-01
+1.5158000E+02	-2.2245495E-01	-9.2967391E-01
+1.5164000E+02	-3.2108486E-01	-9.0035236E-01
+1.5170000E+02	-4.1596416E-01	-8.6061114E-01
+1.5175999E+02	-5.0599760E-01	-8.1091958E-01
+1.5182001E+02	-5.9014797E-01	-7.5186163E-01
+1.5188000E+02	-6.6744715E-01	-6.8412894E-01
+1.5194000E+02	-7.3700833E-01	-6.0851139E-01
+1.5200000E+02	-7.9803497E-01	-5.2588952E-01
+1.5206000E+02	-8.4983116E-01	-4.3722209E-01
+1.5212000E+02	-8.9180726E-01	-3.4353691E-01
+1.5217999E+02	-9.2348790E-01	-2.4591748E-01
+1.5224001E+02	-9.4451678E-01	-1.4549123E-01
+1.5230000E+02	-9.5466042E-01	-4.3415461E-02
+1.5236000E+02	-9.5381057E-01	+5.9134647E-02
+1.5242000E+02	-9.4198489E-01	+1.6098003E-01
+1.5248000E+02	-9.1932696E-01	+2.6095116E-01
+1.5253999E+02	-8.8610411E-01	+3.5790172E-01
+1.5260001E+02	-8.4270424E-01	+4.5072109E-01
+1.5266000E+02	-7.8963125E-01	+5.3834671E-01
+1.5272000E+02	-7.2749883E-01	+6.1977696E-01
+1.5278000E+02	-6.5702444E-01	+6.9408137E-01
+1.5284000E+02	-5.7901984E-01	+7.6041174E-01
+1.5289999E+02	-4.9438125E-01	+8.1801242E-01
+1.5296001E+02	-4.0408218E-01	+8.6622649E-01
+1.5302000E+02	-3.0915925E-01	+9.0450579E-01
+1.5308000E+02	-2.1069936E-01	+9.3241602E-01
+1.5314000E+02	-1.0983367E-01	+9.4964093E-01
+1.5320000E+02	-7.7159726E-03	+9.5598727E-01
+1.5325999E+02	+9.4483875E-02	+9.5138574E-01
+1.5332001E+02	+1.9559588E-01	+9.3589282E-01
+1.5338000E+02	+2.9446307E-01	+9.0968913E-01
+1.5344000E+02	+3.8995492E-01	+8.7307823E-01
+1.5350000E+02	+4.8097947E-01	+8.2648236E-01
+1.5356000E+02	+5.6649655E-01	+7.7043808E-01
+1.5362000E+02	+6.4553022E-01	+7.0559013E-01
+1.5367999E+02	+7.1717811E-01	+6.3268358E-01
+1.5374001E+02	+7.8062397E-01	+5.5255568E-01
+1.5380000E+02	+8.3514589E-01	+4.6612573E-01
+1.5386000E+02	+8.8012439E-01	+3.7438485E-01
+1.5392000E+02	+9.1505009E-01	+2.7838427E-01
+1.5398000E+02	+9.3952906E-01	+1.7922318E-01
+1.5403999E+02	+9.5328772E-01	+7.8036048E-02
+1.5410001E+02	+9.5617527E-01	-2.4020521E-02
+1.5416000E+02	+9.4816560E-01	-1.2578115E-01
+1.5422000E+02	+9.2935747E-01	-2.2608519E-01
+1.5428000E+02	+8.9997303E-01	-3.2379001E-01
+1.5434000E+02	+8.6035496E-01	-4.1778418E-01
+1.5439999E+02	+8.1096238E-01	-5.0700003E-01
+1.5446001E+02	+7.5236541E-01	-5.9042609E-01
+1.5452000E+02	+6.8523794E-01	-6.6711837E-01
+1.5458000E+02	+6.1035043E-01	-7.3621100E-01
+1.5464000E+02	+5.2856004E-01	-7.9692596E-01
+1.5470000E+02	+4.4080117E-01	-8.4858161E-01
+1.5475999E+02	+3.4807423E-01	-8.9060050E-01
+1.5482001E+02	+2.5143450E-01	-9.2251521E-01
+1.5488000E+02	+1.5198001E-01	-9.4397336E-01
+1.5494000E+02	+5.0837889E-02	-9.5474195E-01
+1.5500000E+02	-5.0846770E-02	-9.5470846E-01
+1.5506000E+02	-1.5192498E-01	-9.4388306E-01
+1.5512000E+02	-2.5125617E-01	-9.2239678E-01
+1.5517999E+02	-3.4772158E-01	-8.9050096E-01
+1.5524001E+02	-4.4023579E-01	-8.4856373E-01
+1.5530000E+02	-5.2776015E-01	-7.9706484E-01
+1.5536000E+02	-6.0931283E-01	-7.3659110E-01
+1.5542000E+02	-6.8398035E-01	-6.6782910E-01
+1.5548000E+02	-7.5092739E-01	-5.9155786E-01
+1.5553999E+02	-8.0940610E-01	-5.0863886E-01
+1.5560001E+02	-8.5876399E-01	-4.2000753E-01
+1.5566000E+02	-8.9845145E-01	-3.2666260E-01
+1.5572000E+02	-9.2802745E-01	-2.2965425E-01
+1.5578000E+02	-9.4716412E-01	-1.3007323E-01
+1.5584000E+02	-9.5565075E-01	-2.9038338E-02
+1.5589999E+02	-9.5339566E-01	+7.2315849E-02
+1.5596001E+02	-9.4042766E-01	+1.7285259E-01
+1.5602000E+02	-9.1689497E-01	+2.7144319E-01
+1.5608000E+02	-8.8306457E-01	+3.6698240E-01
+1.5614000E+02	-8.3931816E-01	+4.5839858E-01
+1.5620000E+02	-7.8614879E-01	+5.4466677E-01
+1.5625999E+02	-7.2415477E-01	+6.2482011E-01
+1.5632001E+02	-6.5403384E-01	+6.9795972E-01
+1.5638000E+02	-5.7657397E-01	+7.6326668E-01
+1.5644000E+02	-4.9264684E-01	+8.2000899E-01
+1.5650000E+02	-4.0319490E-01	+8.6755192E-01
+1.5656000E+02	-3.0922395E-01	+9.0536350E-01
+1.5662000E+02	-2.1178949E-01	+9.3302178E-01
+1.5667999E+02	-1.1198657E-01	+9.5021904E-01
+1.5674001E+02	-1.0936186E-02	+9.5676547E-01
+1.5680000E+02	+9.0227589E-02	+9.5259118E-01
+1.5686000E+02	+1.9036911E-01	+9.3774712E-01
+1.5692000E+02	+2.8836590E-01	+9.1240436E-01
+1.5698000E+02	+3.8311946E-01	+8.7685204E-01
+1.5703999E+02	+4.7356907E-01	+8.3149421E-01
+1.5710001E+02	+5.5870342E-01	+7.7684474E-01
+1.5716000E+02	+6.3757217E-01	+7.1352166E-01
+1.5722000E+02	+7.0929605E-01	+6.4223987E-01
+1.5728000E+02	+7.7307761E-01	+5.6380284E-01
+1.5734000E+02	+8.2820952E-01	+4.7909340E-01
+1.5739999E+02	+8.7408251E-01	+3.8906318E-01
+1.5746001E+02	+9.1019177E-01	+2.9472253E-01
+1.5752000E+02	+9.3614310E-01	+1.9712804E-01
+1.5758000E+02	+9.5165616E-01	+9.7371124E-02
+1.5764000E+02	+9.5656759E-01	-3.4346229E-03
+1.5770000E+02	+9.5083296E-01	-1.0416585E-01
+1.5775999E+02	+9.3452609E-01	-2.0370209E-01
+1.5782001E+02	+9.0783846E-01	-3.0093822E-01
+1.5788000E+02	+8.7107635E-01	-3.9479664E-01
+1.5794000E+02	+8.2465708E-01	-4.8423919E-01
+1.5800000E+02	+7.6910424E-01	-5.6827855E-01
+1.5806000E+02	+7.0504153E-01	-6.4598870E-01
+1.5812000E+02	+6.3318533E-01	-7.1651518E-01
+1.5817999E+02	+5.5433679E-01	-7.7908415E-01
+1.5824001E+02	+4.6937284E-01	-8.3301049E-01
+1.5830000E+02	+3.7923649E-01	-8.7770504E-01
+1.5836000E+02	+2.8492612E-01	-9.1268116E-01
+1.5842000E+02	+1.8748435E-01	-9.3755931E-01
+1.5848000E+02	+8.7988354E-02	-9.5207083E-01
+1.5853999E+02	-1.2465162E-02	-9.5606172E-01
+1.5860001E+02	-1.1276864E-01	-9.4949263E-01
+1.5866000E+02	-2.1181692E-01	-9.3244028E-01
+1.5872000E+02	-3.0852023E-01	-9.0509617E-01
+1.5878000E+02	-4.0181434E-01	-8.6776429E-01
+1.5884000E+02	-4.9067265E-01	-8.2085830E-01
+1.5889999E+02	-5.7411730E-01	-7.6489609E-01
+1.5896001E+02	-6.5123063E-01	-7.0049542E-01
+1.5902000E+02	-7.2116351E-01	-6.2836665E-01
+1.5908000E+02	-7.8314650E-01	-5.4930425E-01
+1.5914000E+02	-8.3649689E-01	-4.6418011E-01
+1.5920000E+02	-8.8062638E-01	-3.7393230E-01
+1.5925999E+02	-9.1504902E-01	-2.7955589E-01
+1.5932001E+02	-9.3938535E-01	-1.8209109E-01
+1.5938000E+02	-9.5336688E-01	-8.2613014E-02
+1.5944000E+02	-9.5683968E-01	+1.7780690E-02
+1.5950000E+02	-9.4976562E-01	+1.1798231E-01
+1.5956000E+02	-9.3222386E-01	+2.1688578E-01
+1.5962000E+02	-9.0440881E-01	+3.1339923E-01
+1.5967999E+02	-8.6662930E-01	+4.0645802E-01
+1.5974001E+02	-8.1930435E-01	+4.9503517E-01
+1.5980000E+02	-7.6295906E-01	+5.7815361E-01
+1.5986000E+02	-6.9821787E-01	+6.5489805E-01
+1.5992000E+02	-6.2579924E-01	+7.2442293E-01
+1.5998000E+02	-5.4650533E-01	+7.8596485E-01
+1.6003999E+02	-4.6121457E-01	+8.3884859E-01
+1.6010001E+02	-3.7087089E-01	+8.8249618E-01
+1.6016000E+02	-2.7647400E-01	+9.1643256E-01
+1.6022000E+02	-1.7906611E-01	+9.4029075E-01
+1.6028000E+02	-7.9722315E-02	+9.5381612E-01
+1.6034000E+02	+2.0462429E-02	+9.5686853E-01
+1.6039999E+02	+1.2038695E-01	+9.4942385E-01
+1.6046001E+02	+2.1895343E-01	+9.3157405E-01
+1.6052000E+02	+3.1508142E-01	+9.0352523E-01
+1.6058000E+02	+4.0772006E-01	+8.6559552E-01
+1.6064000E+02	+4.9585837E-01	+8.1821078E-01
+1.6070000E+02	+5.7853687E-01	+7.6189959E-01
+1.6075999E+02	+6.5485817E-01	+6.9728714E-01
+1.6082001E+02	+7.2399610E-01	+6.2508774E-01
+1.6088000E+02	+7.8520399E-01	+5.4609716E-01
+1.6094000E+02	+8.3782387E-01	+4.6118277E-01
+1.6100000E+02	+8.8129193E-01	+3.7127489E-01
+1.6106000E+02	+9.1514468E-01	+2.7735597E-01
+1.6112000E+02	+9.3902326E-01	+1.8044983E-01
+1.6117999E+02	+9.5267749E-01	+8.1610717E-02
+1.6124001E+02	+9.5596766E-01	-1.8087987E-02
+1.6130000E+02	+9.4886577E-01	-1.1756534E-01
+1.6136000E+02	+9.3145585E-01	-2.1574424E-01
+1.6142000E+02	+9.0393227E-01	-3.1156284E-01
+1.6148000E+02	+8.6659783E-01	-4.0398568E-01
+1.6153999E+02	+8.1986040E-01	-4.9201453E-01
+1.6160001E+02	+7.6422852E-01	-5.7469898E-01
+1.6166000E+02	+7.0030576E-01	-6.5114629E-01
+1.6172000E+02	+6.2878436E-01	-7.2053087E-01
+1.6178000E+02	+5.5043858E-01	-7.8210288E-01
+1.6184000E+02	+4.6611559E-01	-8.3519644E-01
+1.6189999E+02	+3.7672716E-01	-8.7923652E-01
+1.6196001E+02	+2.8324074E-01	-9.1374516E-01
+1.6202000E+02	+1.8666679E-01	-9.3834710E-01
+1.6208000E+02	+8.8051483E-02	-9.5277351E-01
+1.6214000E+02	-1.1537153E-02	-9.5686549E-01
+1.6220000E+02	-1.1101810E-01	-9.5057553E-01
+1.6225999E+02	-2.0931344E-01	-9.3396902E-01
+1.6232001E+02	-3.0535424E-01	-9.0722352E-01
+1.6238000E+02	-3.9809668E-01	-8.7062681E-01
+1.6244000E+02	-4.8653176E-01	-8.2457429E-01
+1.6250000E+02	-5.6969619E-01	-7.6956540E-01
+1.6256000E+02	-6.4668500E-01	-7.0619714E-01
+1.6262000E+02	-7.1665913E-01	-6.3515878E-01
+1.6267999E+02	-7.7885586E-01	-5.5722421E-01
+1.6274001E+02	-8.3259892E-01	-4.7324273E-01
+1.6280000E+02	-8.7730396E-01	-3.8413021E-01
+1.6286000E+02	-9.1248626E-01	-2.9085857E-01
+1.6292000E+02	-9.3776596E-01	-1.9444607E-01
+1.6298000E+02	-9.5287234E-01	-9.5943704E-02
+1.6303999E+02	-9.5764679E-01	+3.5745231E-03
+1.6310001E+02	-9.5204437E-01	+1.0302558E-01
+1.6316000E+02	-9.3613392E-01	+2.0132720E-01
+1.6322000E+02	-9.1009760E-01	+2.9741287E-01
+1.6328000E+02	-8.7422830E-01	+3.9024085E-01
+1.6334000E+02	-8.2892537E-01	+4.7880781E-01
+1.6339999E+02	-7.7469051E-01	+5.6215954E-01
+1.6346001E+02	-7.1212155E-01	+6.3939977E-01
+1.6352000E+02	-6.4190584E-01	+7.0970160E-01
+1.6358000E+02	-5.6481165E-01	+7.7231544E-01
+1.6364000E+02	-4.8167846E-01	+8.2657725E-01
+1.6370000E+02	-3.9341018E-01	+8.7191427E-01
+1.6375999E+02	-3.0096224E-01	+9.0785176E-01
+1.6382001E+02	-2.0533283E-01	+9.3401694E-01
+1.6388000E+02	-1.0755084E-01	+9.5014280E-01
+1.6394000E+02	-8.6651882E-03	+9.5606989E-01
+1.6400000E+02	+9.0265602E-02	+9.5174760E-01
+1.6406000E+02	+1.8818590E-01	+9.3723422E-01
+1.6412000E+02	+2.8405324E-01	+9.1269553E-01
+1.6417999E+02	+3.7684849E-01	+8.7840277E-01
+1.6424001E+02	+4.6558771E-01	+8.3472937E-01
+1.6430000E+02	+5.4933065E-01	+7.8214633E-01
+1.6436000E+02	+6.2719101E-01	+7.2121811E-01
+1.6442000E+02	+6.9834495E-01	+6.5259534E-01
+1.6448000E+02	+7.6203966E-01	+5.7700920E-01
+1.6453999E+02	+8.1760097E-01	+4.9526292E-01
+1.6460001E+02	+8.6443979E-01	+4.0822443E-01
+1.6466000E+02	+9.0205836E-01	+3.1681713E-01
+1.6472000E+02	+9.3005520E-01	+2.2201060E-01
+1.6478000E+02	+9.4812965E-01	+1.2481080E-01
+1.6484000E+02	+9.5608509E-01	+2.6249982E-02
+1.6489999E+02	+9.5383126E-01	-7.2623998E-02
+1.6496001E+02	+9.4138533E-01	-1.7075825E-01
+1.6502000E+02	+9.1887259E-01	-2.6710585E-01
+1.6508000E+02	+8.8652545E-01	-3.6063763E-01
+1.6514000E+02	+8.4468132E-01	-4.5035112E-01
+1.6520000E+02	+7.9378009E-01	-5.3528285E-01
+1.6525999E+02	+7.3435944E-01	-6.1451882E-01
+1.6532001E+02	+6.6704929E-01	-6.8720484E-01
+1.6538000E+02	+5.9256732E-01	-7.5255412E-01
+1.6544000E+02	+5.1170850E-01	-8.0985898E-01
+1.6550000E+02	+4.2533997E-01	-8.5849702E-01
+1.6556000E+02	+3.3438906E-01	-8.9793938E-01
+1.6562000E+02	+2.3983541E-01	-9.2775655E-01
+1.6567999E+02	+1.4269848E-01	-9.4762373E-01
+1.6574001E+02	+4.4027250E-02	-9.5732504E-01
+1.6580000E+02	-5.5111911E-02	-9.5675582E-01
+1.6586000E+02	-1.5364785E-01	-9.4592422E-01
+1.6592000E+02	-2.5051531E-01	-9.2495114E-01
+1.6598000E+02	-3.4466881E-01	-8.9406884E-01
+1.6603999E+02	-4.3509313E-01	-8.5361832E-01
+1.6610001E+02	-5.2081627E-01	-8.0404526E-01
+1.6616000E+02	-6.0091877E-01	-7.4589443E-01
+1.6622000E+02	-6.7454541E-01	-6.7980325E-01
+1.6628000E+02	-7.4091357E-01	-6.0649461E-01
+1.6634000E+02	-7.9932255E-01	-5.2676755E-01
+1.6639999E+02	-8.4916049E-01	-4.4148785E-01
+1.6646001E+02	-8.8991016E-01	-3.5157907E-01
+1.6652000E+02	-9.2115480E-01	-2.5801030E-01
+1.6658000E+02	-9.4258159E-01	-1.6178596E-01
+1.6664000E+02	-9.5398378E-01	-6.3934423E-02
+1.6670000E+02	-9.5526248E-01	+3.4502927E-02
+1.6675999E+02	-9.4642651E-01	+1.3248447E-01
+1.6682001E+02	-9.2759067E-01	+2.2897704E-01
+1.6688000E+02	-8.9897412E-01	+3.2296899E-01
+1.6694000E+02	-8.6089742E-01	+4.1347814E-01
+1.6700000E+02	-8.1377697E-01	+4.9956349E-01
+1.6706000E+02	-7.5812083E-01	+5.8033329E-01
+1.6712000E+02	-6.9452345E-01	+6.5495396E-01
+1.6717999E+02	-6.2365687E-01	+7.2265714E-01
+1.6724001E+02	-5.4626703E-01	+7.8274691E-01
+1.6730000E+02	-4.6316203E-01	+8.3460724E-01
+1.6736000E+02	-3.7520730E-01	+8.7770557E-01
+1.6742000E+02	-2.8331646E-01	+9.1159827E-01
+1.6748000E+02	-1.8844062E-01	+9.3593532E-01
+1.6753999E+02	-9.1561899E-02	+9.5046240E-01
+1.6760001E+02	+6.3165310E-03	+9.5502388E-01
+1.6766000E+02	+1.0418097E-01	+9.4956446E-01
+1.6772000E+02	+2.0101607E-01	+9.3412918E-01
+1.6778000E+02	+2.9581308E-01	+9.0886509E-01
+1.6784000E+02	+3.8758141E-01	+8.7401885E-01
+1.6789999E+02	+4.7535747E-01	+8.2993603E-01
+1.6796001E+02	+5.5821443E-01	+7.7705842E-01
+1.6802000E+02	+6.3527167E-01	+7.1592069E-01
+1.6808000E+02	+7.0570409E-01	+6.4714593E-01
+1.6814000E+02	+7.6875114E-01	+5.7144046E-01
+1.6820000E+02	+8.2372552E-01	+4.8958790E-01
+1.6825999E+02	+8.7002146E-01	+4.0244141E-01
+1.6832001E+02	+9.0712178E-01	+3.1091633E-01
+1.6838000E+02	+9.3460530E-01	+2.1598040E-01
+1.6844000E+02	+9.5215249E-01	+1.1864430E-01
+1.6850000E+02	+9.5955050E-01	+1.9950924E-02
+1.6856000E+02	+9.5669675E-01	-7.9036161E-02
+1.6862000E+02	+9.4360167E-01	-1.7724454E-01
+1.6867999E+02	+9.2038959E-01	-2.7360529E-01
+1.6874001E+02	+8.8729912E-01	-3.6706564E-01
+1.6880000E+02	+8.4468091E-01	-4.5660159E-01
+1.6886000E+02	+7.9299414E-01	-5.4123050E-01
+1.6892000E+02	+7.3280251E-01	-6.2002325E-01
+1.6898000E+02	+6.6476744E-01	-6.9211578E-01
+1.6903999E+02	+5.8964038E-01	-7.5672030E-01
+1.6910001E+02	+5.0825405E-01	-8.1313467E-01
+1.6916000E+02	+4.2151180E-01	-8.6075163E-01
+1.6922000E+02	+3.3037624E-01	-8.9906627E-01
+1.6928000E+02	+2.3585819E-01	-9.2768168E-01
+1.6934000E+02	+1.3900264E-01	-9.4631368E-01
+1.6939999E+02	+4.0875867E-02	-9.5479369E-01
+1.6946001E+02	-5.7446990E-02	-9.5306945E-01
+1.6952000E+02	-1.5489712E-01	-9.4120520E-01
+1.6958000E+02	-2.5042310E-01	-9.1937906E-01
+1.6964000E+02	-3.4300485E-01	-8.8787943E-01
+1.6970000E+02	-4.3166414E-01	-8.4709948E-01
+1.6975999E+02	-5.1547754E-01	-7.9753137E-01
+1.6982001E+02	-5.9358448E-01	-7.3975784E-01
+1.6988000E+02	-6.6519588E-01	-6.7444438E-01
+1.6994000E+02	-7.2960335E-01	-6.0232884E-01
+1.7000000E+02	-7.8618431E-01	-5.2421230E-01
