+1.1000000E+02	-2.3227297E-02	+2.5249649E-02
+1.1006000E+02	-2.2207418E-02	+2.9717239E-02
+1.1012000E+02	-2.0189265E-02	+3.3863373E-02
+1.1018000E+02	-1.7279305E-02	+3.7469063E-02
+1.1024000E+02	-1.3630809E-02	+4.0347073E-02
+1.1030000E+02	-9.4349654E-03	+4.2351607E-02
+1.1036000E+02	-4.9101831E-03	+4.3385640E-02
+1.1042000E+02	-2.8990614E-04	+4.3405578E-02
+1.1048000E+02	+4.1901176E-03	+4.2422920E-02
+1.1054000E+02	+8.3045745E-03	+4.0502988E-02
+1.1060000E+02	+1.1850638E-02	+3.7760723E-02
+1.1066000E+02	+1.4658608E-02	+3.4353897E-02
+1.1072000E+02	+1.6600605E-02	+3.0474098E-02
+1.1078000E+02	+1.7597092E-02	+2.6335981E-02
+1.1084000E+02	+1.7620444E-02	+2.2165414E-02
+1.1090000E+02	+1.6695911E-02	+1.8187182E-02
+1.1096000E+02	+1.4899583E-02	+1.4612866E-02
+1.1102000E+02	+1.2353702E-02	+1.1629588E-02
+1.1108000E+02	+9.2195328E-03	+9.3902219E-03
+1.1114000E+02	+5.6882068E-03	+8.0055334E-03
+1.1120000E+02	+1.9700637E-03	+7.5387065E-03
+1.1126000E+02	-1.7169155E-03	+8.0024777E-03
+1.1132000E+02	-5.1589408E-03	+9.3590310E-03
+1.1138000E+02	-8.1578949E-03	+1.1522614E-02
+1.1144000E+02	-1.0541863E-02	+1.4364704E-02
+1.1150000E+02	-1.2174075E-02	+1.7721420E-02
+1.1156000E+02	-1.2959911E-02	+2.1402750E-02
+1.1162000E+02	-1.2851522E-02	+2.5203101E-02
+1.1168000E+02	-1.1849917E-02	+2.8912541E-02
+1.1174000E+02	-1.0004316E-02	+3.2328181E-02
+1.1180000E+02	-7.4090525E-03	+3.5265014E-02
+1.1186000E+02	-4.1979379E-03	+3.7565723E-02
+1.1192000E+02	-5.3660234E-04	+3.9108831E-02
+1.1198000E+02	+3.3866907E-03	+3.9814878E-02
+1.1204000E+02	+7.3714843E-03	+3.9650276E-02
+1.1210000E+02	+1.1216101E-02	+3.8628582E-02
+1.1216000E+02	+1.4728447E-02	+3.6809303E-02
+1.1222000E+02	+1.7736293E-02	+3.4294195E-02
+1.1228000E+02	+2.0096375E-02	+3.1221334E-02
+1.1234000E+02	+2.1701746E-02	+2.7757304E-02
+1.1240000E+02	+2.2487225E-02	+2.4087913E-02
+1.1246000E+02	+2.2432435E-02	+2.0407995E-02
+1.1252000E+02	+2.1562448E-02	+1.6910806E-02
+1.1258000E+02	+1.9945977E-02	+1.3777642E-02
+1.1264000E+02	+1.7691208E-02	+1.1168178E-02
+1.1270000E+02	+1.4939587E-02	+9.2121093E-03
+1.1276000E+02	+1.1857849E-02	+8.0024395E-03
+1.1282000E+02	+8.6287856E-03	+7.5908601E-03
+1.1288000E+02	+5.4412344E-03	+7.9853684E-03
+1.1294000E+02	+2.4798422E-03	+9.1502797E-03
+1.1300000E+02	-8.4841791E-05	+1.1008575E-02
+1.1306000E+02	-2.1054174E-03	+1.3446464E-02
+1.1312000E+02	-3.4653484E-03	+1.6319877E-02
+1.1318000E+02	-4.0849433E-03	+1.9462513E-02
+1.1324000E+02	-3.9252946E-03	+2.2695024E-02
+1.1330000E+02	-2.9899837E-03	+2.5834806E-02
+1.1336000E+02	-1.3244840E-03	+2.8705865E-02
+1.1342000E+02	+9.8669797E-04	+3.1148231E-02
+1.1348000E+02	+3.8249232E-03	+3.3026431E-02
+1.1354000E+02	+7.0441305E-03	+3.4236573E-02
+1.1360000E+02	+1.0478995E-02	+3.4711618E-02
+1.1366000E+02	+1.3953956E-02	+3.4424681E-02
+1.1372000E+02	+1.7292822E-02	+3.3390108E-02
+1.1378000E+02	+2.0328239E-02	+3.1662304E-02
+1.1384000E+02	+2.2910619E-02	+2.9332453E-02
+1.1390000E+02	+2.4916062E-02	+2.6523305E-02
+1.1396000E+02	+2.6252773E-02	+2.3382220E-02
+1.1402000E+02	+2.6865756E-02	+2.0073071E-02
+1.1408000E+02	+2.6739394E-02	+1.6767230E-02
+1.1414000E+02	+2.5898008E-02	+1.3634299E-02
+1.1420000E+02	+2.4404151E-02	+1.0832977E-02
+1.1426000E+02	+2.2354936E-02	+8.5026091E-03
+1.1432000E+02	+1.9876484E-02	+6.7558503E-03
+1.1438000E+02	+1.7116904E-02	+5.6728269E-03
+1.1444000E+02	+1.4238110E-02	+5.2970932E-03
+1.1450000E+02	+1.1406999E-02	+5.6335982E-03
+1.1456000E+02	+8.7864092E-03	+6.6487412E-03
+1.1462000E+02	+6.5263920E-03	+8.2725007E-03
+1.1468000E+02	+4.7562225E-03	+1.0402509E-02
+1.1474000E+02	+3.5776335E-03	+1.2909824E-02
+1.1480000E+02	+3.0595162E-03	+1.5646098E-02
+1.1486000E+02	+3.2345168E-03	+1.8451715E-02
+1.1492000E+02	+4.0975492E-03	+2.1164477E-02
+1.1498000E+02	+5.6063449E-03	+2.3628369E-02
+1.1504000E+02	+7.6841018E-03	+2.5701897E-02
+1.1510000E+02	+1.0223753E-02	+2.7265608E-02
+1.1516000E+02	+1.3094100E-02	+2.8228335E-02
+1.1522000E+02	+1.6146978E-02	+2.8531905E-02
+1.1528000E+02	+1.9225404E-02	+2.8154006E-02
+1.1534000E+02	+2.2172056E-02	+2.7109141E-02
+1.1540000E+02	+2.4837805E-02	+2.5447499E-02
+1.1546000E+02	+2.7089577E-02	+2.3252137E-02
+1.1552000E+02	+2.8817529E-02	+2.0634066E-02
+1.1558000E+02	+2.9940672E-02	+1.7726256E-02
+1.1564000E+02	+3.0411115E-02	+1.4676173E-02
+1.1570000E+02	+3.0216316E-02	+1.1637852E-02
+1.1576000E+02	+2.9379567E-02	+8.7634893E-03
+1.1582000E+02	+2.7958455E-02	+6.1952830E-03
+1.1588000E+02	+2.6041528E-02	+4.0578479E-03
+1.1594000E+02	+2.3743307E-02	+2.4516354E-03
+1.1600000E+02	+2.1197941E-02	+1.4476922E-03
+1.1606000E+02	+1.8551854E-02	+1.0840381E-03
+1.1612000E+02	+1.5955772E-02	+1.3638451E-03
+1.1618000E+02	+1.3556585E-02	+2.2555024E-03
+1.1624000E+02	+1.1489458E-02	+3.6945492E-03
+1.1630000E+02	+9.8706363E-03	+5.5873650E-03
+1.1636000E+02	+8.7913061E-03	+7.8164004E-03
+1.1642000E+02	+8.3128568E-03	+1.0246646E-02
+1.1648000E+02	+8.4637366E-03	+1.2733043E-02
+1.1654000E+02	+9.2381639E-03	+1.5128329E-02
+1.1660000E+02	+1.0596621E-02	+1.7290991E-02
+1.1666000E+02	+1.2468211E-02	+1.9092843E-02
+1.1672000E+02	+1.4754632E-02	+2.0425858E-02
+1.1678000E+02	+1.7335676E-02	+2.1207843E-02
+1.1684000E+02	+2.0075761E-02	+2.1386750E-02
+1.1690000E+02	+2.2831395E-02	+2.0943249E-02
+1.1696000E+02	+2.5458882E-02	+1.9891633E-02
+1.1702000E+02	+2.7822074E-02	+1.8278828E-02
+1.1708000E+02	+2.9799657E-02	+1.6181702E-02
+1.1714000E+02	+3.1291611E-02	+1.3702762E-02
+1.1720000E+02	+3.2224435E-02	+1.0964496E-02
+1.1726000E+02	+3.2554988E-02	+8.1026917E-03
+1.1732000E+02	+3.2272644E-02	+5.2590491E-03
+1.1738000E+02	+3.1399682E-02	+2.5735428E-03
+1.1744000E+02	+2.9989948E-02	+1.7689698E-04
+1.1750000E+02	+2.8125748E-02	-1.8163922E-03
+1.1756000E+02	+2.5913324E-02	-3.3141305E-03
+1.1762000E+02	+2.3477010E-02	-4.2512710E-03
+1.1768000E+02	+2.0952452E-02	-4.5932746E-03
+1.1774000E+02	+1.8479275E-02	-4.3378221E-03
+1.1780000E+02	+1.6193544E-02	-3.5147825E-03
+1.1786000E+02	+1.4220486E-02	-2.1844544E-03
+1.1792000E+02	+1.2667797E-02	-4.3418875E-04
+1.1798000E+02	+1.1619939E-02	+1.6264333E-03
+1.1804000E+02	+1.1133709E-02	+3.8715866E-03
+1.1810000E+02	+1.1235302E-02	+6.1660334E-03
+1.1816000E+02	+1.1919049E-02	+8.3724307E-03
+1.1822000E+02	+1.3147840E-02	+1.0358720E-02
+1.1828000E+02	+1.4855261E-02	+1.2005193E-02
+1.1834000E+02	+1.6949281E-02	+1.3210877E-02
+1.1840000E+02	+1.9317292E-02	+1.3898870E-02
+1.1846000E+02	+2.1832243E-02	+1.4020396E-02
+1.1852000E+02	+2.4359506E-02	+1.3557291E-02
+1.1858000E+02	+2.6764154E-02	+1.2522869E-02
+1.1864000E+02	+2.8918168E-02	+1.0961100E-02
+1.1870000E+02	+3.0707313E-02	+8.9441193E-03
+1.1876000E+02	+3.2037213E-02	+6.5682703E-03
+1.1882000E+02	+3.2838318E-02	+3.9488403E-03
+1.1888000E+02	+3.3069573E-02	+1.2138135E-03
+1.1894000E+02	+3.2720506E-02	-1.5030358E-03
+1.1900000E+02	+3.1811703E-02	-4.0693381E-03
+1.1906000E+02	+3.0393571E-02	-6.3612191E-03
+1.1912000E+02	+2.8543560E-02	-8.2699144E-03
+1.1918000E+02	+2.6361914E-02	-9.7075487E-03
+1.1924000E+02	+2.3966229E-02	-1.0611777E-02
+1.1930000E+02	+2.1485090E-02	-1.0949050E-02
+1.1936000E+02	+1.9051151E-02	-1.0716320E-02
+1.1942000E+02	+1.6794009E-02	-9.9411085E-03
+1.1948000E+02	+1.4833272E-02	-8.6799460E-03
+1.1954000E+02	+1.3272173E-02	-7.0152548E-03
+1.1960000E+02	+1.2192098E-02	-5.0508552E-03
+1.1966000E+02	+1.1648274E-02	-2.9063520E-03
+1.1972000E+02	+1.1666886E-02	-7.1067602E-04
+1.1978000E+02	+1.2243747E-02	+1.4048448E-03
+1.1984000E+02	+1.3344610E-02	+3.3135263E-03
+1.1990000E+02	+1.4907065E-02	+4.9001030E-03
+1.1996000E+02	+1.6843956E-02	+6.0668732E-03
+1.2002000E+02	+1.9048106E-02	+6.7388928E-03
+1.2008000E+02	+2.1398101E-02	+6.8679349E-03
+1.2014000E+02	+2.3764813E-02	+6.4350143E-03
+1.2020000E+02	+2.6018349E-02	+5.4513444E-03
+1.2026000E+02	+2.8034981E-02	+3.9576730E-03
+1.2032000E+02	+2.9703774E-02	+2.0220466E-03
+1.2038000E+02	+3.0932479E-02	-2.6388213E-04
+1.2044000E+02	+3.1652458E-02	-2.7898005E-03
+1.2050000E+02	+3.1822301E-02	-5.4326686E-03
+1.2056000E+02	+3.1429984E-02	-8.0633210E-03
+1.2062000E+02	+3.0493496E-02	-1.0553384E-02
+1.2068000E+02	+2.9059792E-02	-1.2782136E-02
+1.2074000E+02	+2.7202277E-02	-1.4642948E-02
+1.2080000E+02	+2.5016813E-02	-1.6048966E-02
+1.2086000E+02	+2.2616586E-02	-1.6937723E-02
+1.2092000E+02	+2.0126034E-02	-1.7274443E-02
+1.2098000E+02	+1.7674176E-02	-1.7053869E-02
+1.2104000E+02	+1.5387716E-02	-1.6300498E-02
+1.2110000E+02	+1.3384295E-02	-1.5067256E-02
+1.2116000E+02	+1.1766193E-02	-1.3432627E-02
+1.2122000E+02	+1.0614911E-02	-1.1496439E-02
+1.2128000E+02	+9.9868132E-03	-9.3745235E-03
+1.2134000E+02	+9.9101532E-03	-7.1925088E-03
+1.2140000E+02	+1.0383593E-02	-5.0791102E-03
+1.2146000E+02	+1.1376282E-02	-3.1592604E-03
+1.2152000E+02	+1.2829538E-02	-1.5474462E-03
+1.2158000E+02	+1.4659984E-02	-3.4160420E-04
+1.2164000E+02	+1.6764004E-02	+3.8209243E-04
+1.2170000E+02	+1.9023297E-02	+5.7328644E-04
+1.2176000E+02	+2.1311169E-02	+2.1011193E-04
+1.2182000E+02	+2.3499299E-02	-6.9964892E-04
+1.2188000E+02	+2.5464581E-02	-2.1189884E-03
+1.2194000E+02	+2.7095681E-02	-3.9836499E-03
+1.2200000E+02	+2.8298967E-02	-6.2055578E-03
+1.2206000E+02	+2.9003480E-02	-8.6775050E-03
+1.2212000E+02	+2.9164748E-02	-1.1278871E-02
+1.2218000E+02	+2.8767120E-02	-1.3882032E-02
+1.2224000E+02	+2.7824612E-02	-1.6359163E-02
+1.2230000E+02	+2.6380187E-02	-1.8589046E-02
+1.2236000E+02	+2.4503427E-02	-2.0463502E-02
+1.2242000E+02	+2.2286886E-02	-2.1893170E-02
+1.2248000E+02	+1.9841148E-02	-2.2812258E-02
+1.2254000E+02	+1.7288951E-02	-2.3182046E-02
+1.2260000E+02	+1.4758676E-02	-2.2992963E-02
+1.2266000E+02	+1.2377517E-02	-2.2265106E-02
+1.2272000E+02	+1.0264700E-02	-2.1047184E-02
+1.2278000E+02	+8.5251816E-03	-1.9413952E-02
+1.2284000E+02	+7.2440230E-03	-1.7462242E-02
+1.2290000E+02	+6.4818813E-03	-1.5305843E-02
+1.2296000E+02	+6.2717386E-03	-1.3069463E-02
+1.2302000E+02	+6.6171568E-03	-1.0882103E-02
+1.2308000E+02	+7.4920524E-03	-8.8702245E-03
+1.2314000E+02	+8.8420399E-03	-7.1510174E-03
+1.2320000E+02	+1.0587310E-02	-5.8261650E-03
+1.2326000E+02	+1.2626830E-02	-4.9764342E-03
+1.2332000E+02	+1.4843677E-02	-4.6573589E-03
+1.2338000E+02	+1.7111234E-02	-4.8962594E-03
+1.2344000E+02	+1.9299900E-02	-5.6907549E-03
+1.2350000E+02	+2.1283939E-02	-7.0088473E-03
+1.2356000E+02	+2.2948183E-02	-8.7905731E-03
+1.2362000E+02	+2.4194144E-02	-1.0951144E-02
+1.2368000E+02	+2.4945257E-02	-1.3385393E-02
+1.2374000E+02	+2.5150996E-02	-1.5973324E-02
+1.2380000E+02	+2.4789568E-02	-1.8586436E-02
+1.2386000E+02	+2.3869149E-02	-2.1094516E-02
+1.2392000E+02	+2.2427484E-02	-2.3372544E-02
+1.2398000E+02	+2.0529965E-02	-2.5307301E-02
+1.2404000E+02	+1.8266214E-02	-2.6803404E-02
+1.2410000E+02	+1.5745392E-02	-2.7788375E-02
+1.2416000E+02	+1.3090461E-02	-2.8216539E-02
+1.2422000E+02	+1.0431727E-02	-2.8071485E-02
+1.2428000E+02	+7.8999382E-03	-2.7367001E-02
+1.2434000E+02	+5.6193913E-03	-2.6146412E-02
+1.2440000E+02	+3.7013609E-03	-2.4480358E-02
+1.2446000E+02	+2.2381672E-03	-2.2463132E-02
+1.2452000E+02	+1.2982531E-03	-2.0207740E-02
+1.2458000E+02	+9.2252821E-04	-1.7839992E-02
+1.2464000E+02	+1.1221359E-03	-1.5491886E-02
+1.2470000E+02	+1.8777748E-03	-1.3294650E-02
+1.2476000E+02	+3.1406677E-03	-1.1371822E-02
+1.2482000E+02	+4.8350291E-03	-9.8327091E-03
+1.2488000E+02	+6.8620006E-03	-8.7665804E-03
+1.2494000E+02	+9.1048125E-03	-8.2379067E-03
+1.2500000E+02	+1.1434872E-02	-8.2828905E-03
+1.2506000E+02	+1.3718522E-02	-8.9074746E-03
+1.2512000E+02	+1.5824066E-02	-1.0086946E-02
+1.2518000E+02	+1.7628714E-02	-1.1767147E-02
+1.2524000E+02	+1.9025071E-02	-1.3867230E-02
+1.2530000E+02	+1.9926842E-02	-1.6283847E-02
+1.2536000E+02	+2.0273447E-02	-1.8896511E-02
+1.2542000E+02	+2.0033276E-02	-2.1573884E-02
+1.2548000E+02	+1.9205460E-02	-2.4180658E-02
+1.2554000E+02	+1.7820019E-02	-2.6584644E-02
+1.2560000E+02	+1.5936343E-02	-2.8663756E-02
+1.2566000E+02	+1.3640222E-02	-3.0312441E-02
+1.2572000E+02	+1.1039404E-02	-3.1447295E-02
+1.2578000E+02	+8.2580000E-03	-3.2011509E-02
+1.2584000E+02	+5.4300185E-03	-3.1977959E-02
+1.2590000E+02	+2.6923879E-03	-3.1350717E-02
+1.2596000E+02	+1.7776121E-04	-3.0164946E-02
+1.2602000E+02	-1.9924834E-03	-2.8485181E-02
+1.2608000E+02	-3.7146085E-03	-2.6402036E-02
+1.2614000E+02	-4.9080616E-03	-2.4027532E-02
+1.2620000E+02	-5.5197501E-03	-2.1489331E-02
+1.2626000E+02	-5.5269711E-03	-1.8924054E-02
+1.2632000E+02	-4.9386704E-03	-1.6470196E-02
+1.2638000E+02	-3.7951181E-03	-1.4260837E-02
+1.2644000E+02	-2.1659196E-03	-1.2416668E-02
+1.2650000E+02	-1.4646465E-04	-1.1039612E-02
+1.2656000E+02	+2.1469470E-03	-1.0207409E-02
+1.2662000E+02	+4.5831306E-03	-9.9694449E-03
+1.2668000E+02	+7.0228176E-03	-1.0344061E-02
+1.2674000E+02	+9.3259206E-03	-1.1317455E-02
+1.2680000E+02	+1.1358849E-02	-1.2844275E-02
+1.2686000E+02	+1.3001530E-02	-1.4849862E-02
+1.2692000E+02	+1.4153771E-02	-1.7234026E-02
+1.2698000E+02	+1.4740539E-02	-1.9876173E-02
+1.2704000E+02	+1.4716038E-02	-2.2641523E-02
+1.2710000E+02	+1.4066209E-02	-2.5388092E-02
+1.2716000E+02	+1.2809600E-02	-2.7974080E-02
+1.2722000E+02	+1.0996557E-02	-3.0265264E-02
+1.2728000E+02	+8.7067690E-03	-3.2142058E-02
+1.2734000E+02	+6.0451734E-03	-3.3505820E-02
+1.2740000E+02	+3.1366497E-03	-3.4284063E-02
+1.2746000E+02	+1.1960696E-04	-3.4434423E-02
+1.2752000E+02	-2.8612011E-03	-3.3946943E-02
+1.2758000E+02	-5.6621996E-03	-3.2844789E-02
+1.2764000E+02	-8.1484094E-03	-3.1183183E-02
+1.2770000E+02	-1.0200623E-02	-2.9046683E-02
+1.2776000E+02	-1.1721572E-02	-2.6544947E-02
+1.2782000E+02	-1.2641218E-02	-2.3807094E-02
+1.2788000E+02	-1.2920450E-02	-2.0975128E-02
+1.2794000E+02	-1.2553289E-02	-1.8196594E-02
+1.2800000E+02	-1.1567389E-02	-1.5616939E-02
+1.2806000E+02	-1.0022741E-02	-1.3371926E-02
+1.2812000E+02	-8.0087353E-03	-1.1580539E-02
+1.2817999E+02	-5.6396537E-03	-1.0338712E-02
+1.2824001E+02	-3.0488821E-03	-9.7142169E-03
+1.2830000E+02	-3.8204883E-04	-9.7430153E-03
+1.2836000E+02	+2.2104380E-03	-1.0427213E-02
+1.2842000E+02	+4.5811934E-03	-1.1734771E-02
+1.2848000E+02	+6.5935049E-03	-1.3600993E-02
+1.2853999E+02	+8.1285005E-03	-1.5931707E-02
+1.2860001E+02	+9.0913856E-03	-1.8607980E-02
+1.2866000E+02	+9.4164861E-03	-2.1492161E-02
+1.2872000E+02	+9.0708341E-03	-2.4434902E-02
+1.2878000E+02	+8.0560204E-03	-2.7282832E-02
+1.2884000E+02	+6.4083640E-03	-2.9886462E-02
+1.2889999E+02	+4.1970978E-03	-3.2107979E-02
+1.2896001E+02	+1.5211488E-03	-3.3828396E-02
+1.2902000E+02	-1.4960122E-03	-3.4953840E-02
+1.2908000E+02	-4.7123712E-03	-3.5420530E-02
+1.2914000E+02	-7.9749161E-03	-3.5198249E-02
+1.2920000E+02	-1.1127171E-02	-3.4292087E-02
+1.2925999E+02	-1.4017452E-02	-3.2742396E-02
+1.2932001E+02	-1.6506676E-02	-3.0622870E-02
+1.2938000E+02	-1.8475583E-02	-2.8036967E-02
+1.2944000E+02	-1.9831004E-02	-2.5112739E-02
+1.2950000E+02	-2.0510880E-02	-2.1996321E-02
+1.2956000E+02	-2.0487526E-02	-1.8844580E-02
+1.2962000E+02	-1.9769354E-02	-1.5817011E-02
+1.2967999E+02	-1.8400587E-02	-1.3067595E-02
+1.2974001E+02	-1.6459217E-02	-1.0736817E-02
+1.2980000E+02	-1.4053189E-02	-8.9443298E-03
+1.2986000E+02	-1.1314976E-02	-7.7827149E-03
+1.2992000E+02	-8.3949594E-03	-7.3125432E-03
+1.2998000E+02	-5.4537551E-03	-7.5590615E-03
+1.3003999E+02	-2.6540421E-03	-8.5107051E-03
+1.3010001E+02	-1.5219123E-04	-1.0119469E-02
+1.3016000E+02	+1.9097956E-03	-1.2303159E-02
+1.3022000E+02	+3.4116665E-03	-1.4949408E-02
+1.3028000E+02	+4.2612413E-03	-1.7921280E-02
+1.3034000E+02	+4.3992852E-03	-2.1064144E-02
+1.3039999E+02	+3.8027675E-03	-2.4213504E-02
+1.3046001E+02	+2.4862424E-03	-2.7203385E-02
+1.3052000E+02	+5.0136319E-04	-2.9874831E-02
+1.3058000E+02	-2.0655754E-03	-3.2084096E-02
+1.3064000E+02	-5.0978418E-03	-3.3710122E-02
+1.3070000E+02	-8.4540676E-03	-3.4660846E-02
+1.3075999E+02	-1.1975328E-02	-3.4878112E-02
+1.3082001E+02	-1.5493139E-02	-3.4340866E-02
+1.3088000E+02	-1.8838115E-02	-3.3066429E-02
+1.3094000E+02	-2.1848511E-02	-3.1109881E-02
+1.3100000E+02	-2.4378642E-02	-2.8561439E-02
+1.3106000E+02	-2.6306361E-02	-2.5542103E-02
+1.3112000E+02	-2.7539477E-02	-2.2197613E-02
+1.3117999E+02	-2.8020645E-02	-1.8691218E-02
+1.3124001E+02	-2.7730523E-02	-1.5195370E-02
+1.3130000E+02	-2.6688958E-02	-1.1883036E-02
+1.3136000E+02	-2.4954254E-02	-8.9188665E-03
+1.3142000E+02	-2.2620413E-02	-6.4507150E-03
+1.3148000E+02	-1.9812569E-02	-4.6020127E-03
+1.3153999E+02	-1.6680805E-02	-3.4653163E-03
+1.3160001E+02	-1.3392654E-02	-3.0974112E-03
+1.3166000E+02	-1.0124673E-02	-3.5161830E-03
+1.3172000E+02	-7.0535084E-03	-4.6994607E-03
+1.3178000E+02	-4.3469053E-03	-6.5858932E-03
+1.3184000E+02	-2.1551056E-03	-9.0778405E-03
+1.3189999E+02	-6.0310413E-04	-1.2046093E-02
+1.3196001E+02	+2.1587871E-04	-1.5336259E-02
+1.3202000E+02	+2.4533289E-04	-1.8776441E-02
+1.3208000E+02	-5.3143100E-04	-2.2185873E-02
+1.3214000E+02	-2.0902052E-03	-2.5384037E-02
+1.3220000E+02	-4.3668221E-03	-2.8199837E-02
+1.3225999E+02	-7.2601531E-03	-3.0480342E-02
+1.3232001E+02	-1.0637039E-02	-3.2098666E-02
+1.3238000E+02	-1.4338832E-02	-3.2960560E-02
+1.3244000E+02	-1.8189240E-02	-3.3009406E-02
+1.3250000E+02	-2.2003174E-02	-3.2229327E-02
+1.3256000E+02	-2.5596101E-02	-3.0646235E-02
+1.3262000E+02	-2.8793320E-02	-2.8326819E-02
+1.3267999E+02	-3.1438924E-02	-2.5375376E-02
+1.3274001E+02	-3.3403773E-02	-2.1928838E-02
+1.3280000E+02	-3.4592230E-02	-1.8149989E-02
+1.3286000E+02	-3.4947179E-02	-1.4219441E-02
+1.3292000E+02	-3.4453146E-02	-1.0326608E-02
+1.3298000E+02	-3.3137400E-02	-6.6601858E-03
+1.3303999E+02	-3.1068774E-02	-3.3986189E-03
+1.3310001E+02	-2.8354488E-02	-7.0102816E-04
+1.3316000E+02	-2.5134979E-02	+1.3009129E-03
+1.3322000E+02	-2.1577016E-02	+2.5098468E-03
+1.3328000E+02	-1.7865453E-02	+2.8678169E-03
+1.3334000E+02	-1.4194030E-02	+2.3594312E-03
+1.3339999E+02	-1.0755665E-02	+1.0129312E-03
+1.3346001E+02	-7.7327196E-03	-1.1009726E-03
+1.3352000E+02	-5.2877595E-03	-3.8724071E-03
+1.3358000E+02	-3.5552408E-03	-7.1576117E-03
+1.3364000E+02	-2.6345798E-03	-1.0785965E-02
+1.3370000E+02	-2.5849231E-03	-1.4568406E-02
+1.3375999E+02	-3.4219204E-03	-1.8306823E-02
+1.3382001E+02	-5.1166778E-03	-2.1803958E-02
+1.3388000E+02	-7.5969482E-03	-2.4873326E-02
+1.3394000E+02	-1.0750450E-02	-2.7348643E-02
+1.3400000E+02	-1.4430285E-02	-2.9092312E-02
+1.3406000E+02	-1.8462133E-02	-3.0002493E-02
+1.3412000E+02	-2.2652742E-02	-3.0018451E-02
+1.3417999E+02	-2.6799584E-02	-2.9123826E-02
+1.3424001E+02	-3.0700915E-02	-2.7347762E-02
+1.3430000E+02	-3.4165908E-02	-2.4763705E-02
+1.3436000E+02	-3.7024274E-02	-2.1485977E-02
+1.3442000E+02	-3.9134901E-02	-1.7664315E-02
+1.3448000E+02	-4.0393110E-02	-1.3476633E-02
+1.3453999E+02	-4.0736109E-02	-9.1202240E-03
+1.3460001E+02	-4.0146403E-02	-4.8020189E-03
+1.3466000E+02	-3.8652904E-02	-7.2832493E-04
+1.3472000E+02	-3.6329821E-02	+2.9054717E-03
+1.3478000E+02	-3.3293158E-02	+5.9248363E-03
+1.3484000E+02	-2.9695218E-02	+8.1847915E-03
+1.3489999E+02	-2.5717203E-02	+9.5774289E-03
+1.3496001E+02	-2.1560332E-02	+1.0037476E-02
+1.3502000E+02	-1.7435921E-02	+9.5458422E-03
+1.3508000E+02	-1.3554913E-02	+8.1307786E-03
+1.3514000E+02	-1.0117352E-02	+5.8668070E-03
+1.3520000E+02	-7.3023476E-03	+2.8712624E-03
+1.3525999E+02	-5.2590286E-03	-7.0131640E-04
+1.3532001E+02	-4.0989453E-03	-4.6666455E-03
+1.3538000E+02	-3.8902897E-03	-8.8197086E-03
+1.3544000E+02	-4.6542501E-03	-1.2944834E-02
+1.3550000E+02	-6.3636960E-03	-1.6826361E-02
+1.3556000E+02	-8.9442218E-03	-2.0259371E-02
+1.3562000E+02	-1.2277599E-02	-2.3059921E-02
+1.3567999E+02	-1.6207384E-02	-2.5074316E-02
+1.3574001E+02	-2.0546466E-02	-2.6186913E-02
+1.3580000E+02	-2.5086192E-02	-2.6326062E-02
+1.3586000E+02	-2.9606590E-02	-2.5467956E-02
+1.3592000E+02	-3.3887193E-02	-2.3638034E-02
+1.3598000E+02	-3.7718039E-02	-2.0910019E-02
+1.3603999E+02	-4.0910035E-02	-1.7402543E-02
+1.3610001E+02	-4.3304536E-02	-1.3273511E-02
+1.3616000E+02	-4.4781309E-02	-8.7124938E-03
+1.3622000E+02	-4.5264717E-02	-3.9315247E-03
+1.3628000E+02	-4.4727705E-02	+8.4526249E-04
+1.3634000E+02	-4.3193404E-02	+5.3926464E-03
+1.3639999E+02	-4.0734265E-02	+9.4954660E-03
+1.3646001E+02	-3.7468731E-02	+1.2959307E-02
+1.3652000E+02	-3.3555634E-02	+1.5620219E-02
+1.3658000E+02	-2.9186575E-02	+1.7352942E-02
+1.3664000E+02	-2.4576640E-02	+1.8077344E-02
+1.3670000E+02	-1.9953895E-02	+1.7762555E-02
+1.3675999E+02	-1.5548231E-02	+1.6428813E-02
+1.3682001E+02	-1.1579974E-02	+1.4146682E-02
+1.3688000E+02	-8.2490863E-03	+1.1033827E-02
+1.3694000E+02	-5.7250895E-03	+7.2495169E-03
+1.3700000E+02	-4.1386480E-03	+2.9869219E-03
+1.3706000E+02	-3.5748885E-03	-1.5361811E-03
+1.3712000E+02	-4.0690061E-03	-6.0880184E-03
+1.3717999E+02	-5.6042802E-03	-1.0434150E-02
+1.3724001E+02	-8.1126243E-03	-1.4348985E-02
+1.3730000E+02	-1.1477702E-02	-1.7626917E-02
+1.3736000E+02	-1.5540385E-02	-2.0092523E-02
+1.3742000E+02	-2.0106368E-02	-2.1609323E-02
+1.3748000E+02	-2.4955569E-02	-2.2086686E-02
+1.3753999E+02	-2.9852731E-02	-2.1484474E-02
+1.3760001E+02	-3.4558997E-02	-1.9815274E-02
+1.3766000E+02	-3.8843498E-02	-1.7144002E-02
+1.3772000E+02	-4.2494781E-02	-1.3585012E-02
+1.3778000E+02	-4.5331243E-02	-9.2966696E-03
+1.3784000E+02	-4.7210135E-02	-4.4738445E-03
+1.3789999E+02	-4.8034769E-02	+6.6151266E-04
+1.3796001E+02	-4.7759421E-02	+5.8710380E-03
+1.3802000E+02	-4.6391834E-02	+1.0911614E-02
+1.3808000E+02	-4.3993007E-02	+1.5547201E-02
+1.3814000E+02	-4.0674567E-02	+1.9560395E-02
+1.3820000E+02	-3.6593404E-02	+2.2763148E-02
+1.3825999E+02	-3.1944286E-02	+2.5006078E-02
+1.3832001E+02	-2.6950480E-02	+2.6185919E-02
+1.3838000E+02	-2.1852996E-02	+2.6250750E-02
+1.3844000E+02	-1.6898878E-02	+2.5202747E-02
+1.3850000E+02	-1.2329218E-02	+2.3098297E-02
+1.3856000E+02	-8.3673382E-03	+2.0045482E-02
+1.3862000E+02	-5.2078757E-03	+1.6198993E-02
+1.3867999E+02	-3.0071817E-03	+1.1752803E-02
+1.3874001E+02	-1.8755448E-03	+6.9308723E-03
+1.3880000E+02	-1.8716553E-03	+1.9763645E-03
+1.3886000E+02	-2.9995563E-03	-2.8601086E-03
+1.3892000E+02	-5.2082357E-03	-7.3326421E-03
+1.3898000E+02	-8.3939005E-03	-1.1212013E-02
+1.3903999E+02	-1.2404832E-02	-1.4296872E-02
+1.3910001E+02	-1.7048556E-02	-1.6423630E-02
+1.3916000E+02	-2.2101087E-02	-1.7474527E-02
+1.3922000E+02	-2.7317634E-02	-1.7383527E-02
+1.3928000E+02	-3.2444425E-02	-1.6139669E-02
+1.3934000E+02	-3.7230995E-02	-1.3787827E-02
+1.3939999E+02	-4.1442312E-02	-1.0426695E-02
+1.3946001E+02	-4.4870216E-02	-6.2041869E-03
+1.3952000E+02	-4.7343615E-02	-1.3104706E-03
+1.3958000E+02	-4.8736848E-02	+4.0311688E-03
+1.3964000E+02	-4.8975930E-02	+9.5749488E-03
+1.3970000E+02	-4.8042301E-02	+1.5064471E-02
+1.3975999E+02	-4.5973856E-02	+2.0245044E-02
+1.3982001E+02	-4.2863317E-02	+2.4876015E-02
+1.3988000E+02	-3.8853921E-02	+2.8742427E-02
+1.3994000E+02	-3.4132604E-02	+3.1665497E-02
+1.4000000E+02	-2.8921157E-02	+3.3511285E-02
+1.4006000E+02	-2.3465572E-02	+3.4197357E-02
+1.4012000E+02	-1.8024271E-02	+3.3696856E-02
+1.4017999E+02	-1.2855676E-02	+3.2039948E-02
+1.4024001E+02	-8.2057863E-03	+2.9312519E-02
+1.4030000E+02	-4.2962143E-03	+2.5652181E-02
+1.4036000E+02	-1.3135481E-03	+2.1241775E-02
+1.4042000E+02	+5.9977872E-04	+1.6300676E-02
+1.4048000E+02	+1.3524072E-03	+1.1074326E-02
+1.4053999E+02	+9.0857840E-04	+5.8224900E-03
+1.4060001E+02	-7.1001315E-04	+8.0680248E-04
+1.4066000E+02	-3.4251516E-03	-3.7218039E-03
+1.4072000E+02	-7.1057309E-03	-7.5351703E-03
+1.4078000E+02	-1.1573931E-02	-1.0438919E-02
+1.4084000E+02	-1.6613673E-02	-1.2281845E-02
+1.4089999E+02	-2.1980898E-02	-1.2963257E-02
+1.4096001E+02	-2.7415205E-02	-1.2437908E-02
+1.4102000E+02	-3.2652322E-02	-1.0718263E-02
+1.4108000E+02	-3.7436772E-02	-7.8739887E-03
+1.4114000E+02	-4.1534066E-02	-4.0287613E-03
+1.4120000E+02	-4.4742022E-02	+6.4562768E-04
+1.4125999E+02	-4.6900466E-02	+5.9373444E-03
+1.4132001E+02	-4.7898937E-02	+1.1604627E-02
+1.4138000E+02	-4.7682077E-02	+1.7387275E-02
+1.4144000E+02	-4.6252340E-02	+2.3019077E-02
+1.4150000E+02	-4.3669935E-02	+2.8240459E-02
+1.4156000E+02	-4.0050060E-02	+3.2810979E-02
+1.4162000E+02	-3.5557412E-02	+3.6520727E-02
+1.4167999E+02	-3.0398492E-02	+3.9200410E-02
+1.4174001E+02	-2.4811724E-02	+4.0729474E-02
+1.4180000E+02	-1.9056119E-02	+4.1041892E-02
+1.4186000E+02	-1.3399024E-02	+4.0129326E-02
+1.4192000E+02	-8.1033697E-03	+3.8041625E-02
+1.4198000E+02	-3.4151664E-03	+3.4884457E-02
+1.4203999E+02	+4.4822993E-04	+3.0814355E-02
+1.4210001E+02	+3.3084359E-03	+2.6031286E-02
+1.4216000E+02	+5.0345701E-03	+2.0769192E-02
+1.4222000E+02	+5.5494569E-03	+1.5284887E-02
+1.4228000E+02	+4.8333369E-03	+9.8458854E-03
+1.4234000E+02	+2.9248141E-03	+4.7177086E-03
+1.4239999E+02	-8.0945800E-05	+1.5129789E-04
+1.4246001E+02	-4.0367278E-03	-3.6288849E-03
+1.4252000E+02	-8.7502263E-03	-6.4354944E-03
+1.4258000E+02	-1.3993149E-02	-8.1271725E-03
+1.4264000E+02	-1.9512024E-02	-8.6152386E-03
+1.4270000E+02	-2.5040183E-02	-7.8678904E-03
+1.4275999E+02	-3.0310389E-02	-5.9116627E-03
+1.4282001E+02	-3.5067439E-02	-2.8302197E-03
+1.4288000E+02	-3.9080229E-02	+1.2396707E-03
+1.4294000E+02	-4.2152658E-02	+6.1145867E-03
+1.4300000E+02	-4.4132855E-02	+1.1573131E-02
+1.4306000E+02	-4.4920303E-02	+1.7366402E-02
+1.4312000E+02	-4.4470560E-02	+2.3229720E-02
+1.4317999E+02	-4.2797320E-02	+2.8895130E-02
+1.4324001E+02	-3.9971709E-02	+3.4104005E-02
+1.4330000E+02	-3.6118865E-02	+3.8619220E-02
+1.4336000E+02	-3.1412024E-02	+4.2236257E-02
+1.4342000E+02	-2.6064372E-02	+4.4792805E-02
+1.4348000E+02	-2.0318871E-02	+4.6176340E-02
+1.4353999E+02	-1.4436898E-02	+4.6329327E-02
+1.4360001E+02	-8.6859548E-03	+4.5251854E-02
+1.4366000E+02	-3.3270640E-03	+4.3001551E-02
+1.4372000E+02	+1.3974198E-03	+3.9690793E-02
+1.4378000E+02	+5.2751140E-03	+3.5481352E-02
+1.4384000E+02	+8.1335986E-03	+3.0576732E-02
+1.4389999E+02	+9.8482771E-03	+2.5212577E-02
+1.4396001E+02	+1.0348235E-02	+1.9645585E-02
+1.4402000E+02	+9.6193813E-03	+1.4141462E-02
+1.4408000E+02	+7.7050114E-03	+8.9624962E-03
+1.4414000E+02	+4.7036535E-03	+4.3553100E-03
+1.4420000E+02	+7.6436170E-04	+5.3938822E-04
+1.4425999E+02	-3.9203656E-03	-2.3030981E-03
+1.4432001E+02	-9.1236634E-03	-4.0356941E-03
+1.4438000E+02	-1.4594952E-02	-4.5739058E-03
+1.4444000E+02	-2.0071670E-02	-3.8890033E-03
+1.4450000E+02	-2.5291527E-02	-2.0091778E-03
+1.4456000E+02	-3.0004688E-02	+9.8186056E-04
+1.4462000E+02	-3.3985373E-02	+4.9490095E-03
+1.4467999E+02	-3.7042242E-02	+9.7121466E-03
+1.4474001E+02	-3.9027210E-02	+1.5054658E-02
+1.4480000E+02	-3.9842140E-02	+2.0733587E-02
+1.4486000E+02	-3.9443254E-02	+2.6490986E-02
+1.4492000E+02	-3.7843008E-02	+3.2065921E-02
+1.4498000E+02	-3.5109222E-02	+3.7206564E-02
+1.4503999E+02	-3.1361878E-02	+4.1681819E-02
+1.4510001E+02	-2.6767282E-02	+4.5291889E-02
+1.4516000E+02	-2.1530252E-02	+4.7877476E-02
+1.4522000E+02	-1.5884502E-02	+4.9326878E-02
+1.4528000E+02	-1.0081721E-02	+4.9581040E-02
+1.4534000E+02	-4.3799458E-03	+4.8636016E-02
+1.4539999E+02	+9.6842280E-04	+4.6542946E-02
+1.4546001E+02	+5.7281582E-03	+4.3405432E-02
+1.4552000E+02	+9.6919928E-03	+3.9374594E-02
+1.4558000E+02	+1.2690032E-02	+3.4641847E-02
+1.4564000E+02	+1.4597360E-02	+2.9429970E-02
+1.4570000E+02	+1.5339588E-02	+2.3982685E-02
+1.4575999E+02	+1.4896017E-02	+1.8553412E-02
+1.4582001E+02	+1.3300332E-02	+1.3393562E-02
+1.4588000E+02	+1.0638769E-02	+8.7410528E-03
+1.4594000E+02	+7.0459149E-03	+4.8094648E-03
+1.4600000E+02	+2.6982878E-03	+1.7784077E-03
+1.4606000E+02	-2.1939580E-03	-2.1452308E-04
+1.4612000E+02	-7.3968153E-03	-1.0798004E-03
+1.4617999E+02	-1.2663239E-02	-7.7978976E-04
+1.4624001E+02	-1.7744495E-02	+6.6982844E-04
+1.4630000E+02	-2.2401506E-02	+3.2010830E-03
+1.4636000E+02	-2.6415683E-02	+6.6970969E-03
+1.4642000E+02	-2.9598771E-02	+1.0997705E-02
+1.4648000E+02	-3.1801194E-02	+1.5907029E-02
+1.4653999E+02	-3.2918636E-02	+2.1202551E-02
+1.4660001E+02	-3.2896504E-02	+2.6645405E-02
+1.4666000E+02	-3.1732067E-02	+3.1991314E-02
+1.4672000E+02	-2.9474264E-02	+3.7001703E-02
+1.4678000E+02	-2.6221110E-02	+4.1454479E-02
+1.4684000E+02	-2.2114996E-02	+4.5153923E-02
+1.4689999E+02	-1.7335901E-02	+4.7939405E-02
+1.4696001E+02	-1.2093024E-02	+4.9692385E-02
+1.4702000E+02	-6.6151009E-03	+5.0341439E-02
+1.4708000E+02	-1.1400289E-03	+4.9865209E-02
+1.4714000E+02	+4.0959655E-03	+4.8292924E-02
+1.4720000E+02	+8.8689625E-03	+4.5702767E-02
+1.4725999E+02	+1.2977276E-02	+4.2217989E-02
+1.4732001E+02	+1.6250394E-02	+3.8001001E-02
+1.4738000E+02	+1.8556325E-02	+3.3245839E-02
+1.4744000E+02	+1.9807296E-02	+2.8169170E-02
+1.4750000E+02	+1.9963285E-02	+2.3000428E-02
+1.4756000E+02	+1.9033454E-02	+1.7971462E-02
+1.4762000E+02	+1.7075315E-02	+1.3306121E-02
+1.4767999E+02	+1.4191795E-02	+9.2103491E-03
+1.4774001E+02	+1.0526256E-02	+5.8631329E-03
+1.4780000E+02	+6.2557654E-03	+3.4087568E-03
+1.4786000E+02	+1.5829294E-03	+1.9506669E-03
+1.4792000E+02	-3.2733360E-03	+1.5472262E-03
+1.4798000E+02	-8.0876732E-03	+2.2095095E-03
+1.4803999E+02	-1.2638339E-02	+3.9012260E-03
+1.4810001E+02	-1.6717009E-02	+6.5407520E-03
+1.4816000E+02	-2.0137874E-02	+1.0005141E-02
+1.4822000E+02	-2.2745663E-02	+1.4135946E-02
+1.4828000E+02	-2.4422221E-02	+1.8746531E-02
+1.4834000E+02	-2.5091391E-02	+2.3630582E-02
+1.4839999E+02	-2.4721954E-02	+2.8571378E-02
+1.4846001E+02	-2.3328610E-02	+3.3351440E-02
+1.4852000E+02	-2.0970913E-02	+3.7762061E-02
+1.4858000E+02	-1.7750189E-02	+4.1612443E-02
+1.4864000E+02	-1.3804656E-02	+4.4737894E-02
+1.4870000E+02	-9.3031535E-03	+4.7006723E-02
+1.4875999E+02	-4.4372850E-03	+4.8325762E-02
+1.4882001E+02	+5.8706303E-04	+4.8644014E-02
+1.4888000E+02	+5.5589466E-03	+4.7954489E-02
+1.4894000E+02	+1.0271474E-02	+4.6294034E-02
+1.4900000E+02	+1.4530901E-02	+4.3741331E-02
+1.4906000E+02	+1.8164897E-02	+4.0413015E-02
+1.4912000E+02	+2.1029780E-02	+3.6458243E-02
+1.4917999E+02	+2.3016425E-02	+3.2051913E-02
+1.4924001E+02	+2.4054736E-02	+2.7386775E-02
+1.4930000E+02	+2.4116188E-02	+2.2664968E-02
+1.4936000E+02	+2.3214659E-02	+1.8089153E-02
+1.4942000E+02	+2.1405404E-02	+1.3853772E-02
+1.4948000E+02	+1.8782241E-02	+1.0136765E-02
+1.4953999E+02	+1.5473098E-02	+7.0920940E-03
+1.4960001E+02	+1.1634180E-02	+4.8433524E-03
+1.4966000E+02	+7.4429596E-03	+3.4788104E-03
+1.4972000E+02	+3.0903576E-03	+3.0479922E-03
+1.4978000E+02	-1.2275565E-03	+3.5599552E-03
+1.4984000E+02	-5.3180056E-03	+4.9833395E-03
+1.4989999E+02	-8.9996774E-03	+7.2481190E-03
+1.4996001E+02	-1.2110336E-02	+1.0248986E-02
+1.5002000E+02	-1.4513519E-02	+1.3850203E-02
+1.5008000E+02	-1.6104059E-02	+1.7891664E-02
+1.5014000E+02	-1.6812216E-02	+2.2195973E-02
+1.5020000E+02	-1.6606305E-02	+2.6576063E-02
+1.5025999E+02	-1.5493542E-02	+3.0843290E-02
+1.5032001E+02	-1.3519478E-02	+3.4815311E-02
+1.5038000E+02	-1.0765570E-02	+3.8323797E-02
+1.5044000E+02	-7.3454781E-03	+4.1221298E-02
+1.5050000E+02	-3.3999078E-03	+4.3387260E-02
+1.5056000E+02	+9.0952788E-04	+4.4732820E-02
+1.5062000E+02	+5.4072682E-03	+4.5204192E-02
+1.5067999E+02	+9.9113379E-03	+4.4784583E-02
+1.5074001E+02	+1.4240962E-02	+4.3494526E-02
+1.5080000E+02	+1.8224027E-02	+4.1390702E-02
+1.5086000E+02	+2.1704338E-02	+3.8563166E-02
+1.5092000E+02	+2.4547784E-02	+3.5131369E-02
+1.5098000E+02	+2.6647778E-02	+3.1238891E-02
+1.5103999E+02	+2.7929412E-02	+2.7047276E-02
+1.5110001E+02	+2.8352275E-02	+2.2729194E-02
+1.5116000E+02	+2.7911818E-02	+1.8461183E-02
+1.5122000E+02	+2.6639216E-02	+1.4416384E-02
+1.5128000E+02	+2.4599794E-02	+1.0757387E-02
+1.5134000E+02	+2.1890057E-02	+7.6296544E-03
+1.5139999E+02	+1.8633468E-02	+5.1556742E-03
+1.5146001E+02	+1.4975159E-02	+3.4301202E-03
+1.5152000E+02	+1.1075829E-02	+2.5161798E-03
+1.5158000E+02	+7.1050380E-03	+2.4432109E-03
+1.5164000E+02	+3.2342141E-03	+3.2057844E-03
+1.5170000E+02	-3.7036359E-04	+4.7641522E-03
+1.5175999E+02	-3.5543083E-03	+7.0461035E-03
+1.5182001E+02	-6.1813463E-03	+9.9501191E-03
+1.5188000E+02	-8.1387432E-03	+1.3349695E-02
+1.5194000E+02	-9.3417512E-03	+1.7098630E-02
+1.5200000E+02	-9.7368965E-03	+2.1037079E-02
+1.5206000E+02	-9.3039414E-03	+2.4998143E-02
+1.5212000E+02	-8.0565987E-03	+2.8814634E-02
+1.5217999E+02	-6.0417308E-03	+3.2325882E-02
+1.5224001E+02	-3.3373307E-03	+3.5384197E-02
+1.5230000E+02	-4.9279286E-05	+3.7860796E-02
+1.5236000E+02	+3.6931548E-03	+3.9650928E-02
+1.5242000E+02	+7.7425102E-03	+4.0678021E-02
+1.5248000E+02	+1.1939292E-02	+4.0896665E-02
+1.5253999E+02	+1.6118297E-02	+4.0294368E-02
+1.5260001E+02	+2.0115428E-02	+3.8891941E-02
+1.5266000E+02	+2.3774192E-02	+3.6742590E-02
+1.5272000E+02	+2.6952107E-02	+3.3929698E-02
+1.5278000E+02	+2.9526344E-02	+3.0563394E-02
+1.5284000E+02	+3.1398688E-02	+2.6776060E-02
+1.5289999E+02	+3.2499418E-02	+2.2717001E-02
+1.5296001E+02	+3.2790154E-02	+1.8546371E-02
+1.5302000E+02	+3.2265328E-02	+1.4428739E-02
+1.5308000E+02	+3.0952411E-02	+1.0526426E-02
+1.5314000E+02	+2.8910808E-02	+6.9929818E-03
+1.5320000E+02	+2.6229475E-02	+3.9669801E-03
+1.5325999E+02	+2.3023322E-02	+1.5664225E-03
+1.5332001E+02	+1.9428622E-02	-1.1604017E-04
+1.5338000E+02	+1.5597521E-02	-1.0168767E-03
+1.5344000E+02	+1.1691918E-02	-1.1042817E-03
+1.5350000E+02	+7.8769308E-03	-3.7951447E-04
+1.5356000E+02	+4.3142410E-03	+1.1230871E-03
+1.5362000E+02	+1.1555356E-03	+3.3374215E-03
+1.5367999E+02	-1.4636572E-03	+6.1682193E-03
+1.5374001E+02	-3.4294981E-03	+9.4948243E-03
+1.5380000E+02	-4.6545272E-03	+1.3176004E-02
+1.5386000E+02	-5.0812853E-03	+1.7055614E-02
+1.5392000E+02	-4.6847542E-03	+2.0968888E-02
+1.5398000E+02	-3.4735170E-03	+2.4749095E-02
+1.5403999E+02	-1.4894997E-03	+2.8234314E-02
+1.5410001E+02	+1.1935643E-03	+3.1274047E-02
+1.5416000E+02	+4.4730008E-03	+3.3735406E-02
+1.5422000E+02	+8.2212705E-03	+3.5508588E-02
+1.5428000E+02	+1.2291031E-02	+3.6511507E-02
+1.5434000E+02	+1.6521113E-02	+3.6693223E-02
+1.5439999E+02	+2.0742945E-02	+3.6036260E-02
+1.5446001E+02	+2.4787514E-02	+3.4557413E-02
+1.5452000E+02	+2.8492238E-02	+3.2307319E-02
+1.5458000E+02	+3.1707697E-02	+2.9368492E-02
+1.5464000E+02	+3.4303810E-02	+2.5852162E-02
+1.5470000E+02	+3.6175318E-02	+2.1893853E-02
+1.5475999E+02	+3.7246250E-02	+1.7647929E-02
+1.5482001E+02	+3.7473228E-02	+1.3281348E-02
+1.5488000E+02	+3.6847439E-02	+8.9668687E-03
+1.5494000E+02	+3.5395216E-02	+4.8759277E-03
+1.5500000E+02	+3.3177152E-02	+1.1715546E-03
+1.5506000E+02	+3.0285791E-02	-1.9984276E-03
+1.5512000E+02	+2.6842002E-02	-4.5076190E-03
+1.5517999E+02	+2.2990134E-02	-6.2564164E-03
+1.5524001E+02	+1.8892156E-02	-7.1763112E-03
+1.5530000E+02	+1.4721035E-02	-7.2329305E-03
+1.5536000E+02	+1.0653605E-02	-6.4276699E-03
+1.5542000E+02	+6.8632234E-03	-4.7978521E-03
+1.5548000E+02	+3.5125141E-03	-2.4153912E-03
+1.5553999E+02	+7.4651785E-04	+6.1600620E-04
+1.5560001E+02	-1.3134779E-03	+4.1649882E-03
+1.5566000E+02	-2.5751553E-03	+8.0778887E-03
+1.5572000E+02	-2.9791950E-03	+1.2185035E-02
+1.5578000E+02	-2.5019615E-03	+1.6307769E-02
+1.5584000E+02	-1.1566998E-03	+2.0265898E-02
+1.5589999E+02	+1.0068220E-03	+2.3885246E-02
+1.5596001E+02	+3.9042118E-03	+2.7005030E-02
+1.5602000E+02	+7.4197808E-03	+2.9484680E-02
+1.5608000E+02	+1.1411323E-02	+3.1209879E-02
+1.5614000E+02	+1.5715882E-02	+3.2097526E-02
+1.5620000E+02	+2.0156607E-02	+3.2099377E-02
+1.5625999E+02	+2.4550101E-02	+3.1204285E-02
+1.5632001E+02	+2.8714182E-02	+2.9438822E-02
+1.5638000E+02	+3.2475550E-02	+2.6866337E-02
+1.5644000E+02	+3.5677217E-02	+2.3584452E-02
+1.5650000E+02	+3.8185198E-02	+1.9721046E-02
+1.5656000E+02	+3.9894287E-02	+1.5428980E-02
+1.5662000E+02	+4.0732641E-02	+1.0879689E-02
+1.5667999E+02	+4.0664967E-02	+6.2559866E-03
+1.5674001E+02	+3.9694134E-02	+1.7443259E-03
+1.5680000E+02	+3.7861194E-02	-2.4731141E-03
+1.5686000E+02	+3.5243742E-02	-6.2261974E-03
+1.5692000E+02	+3.1952731E-02	-9.3641095E-03
+1.5698000E+02	+2.8127819E-02	-1.1761835E-02
+1.5703999E+02	+2.3931514E-02	-1.3325555E-02
+1.5710001E+02	+1.9542258E-02	-1.3996723E-02
+1.5716000E+02	+1.5146865E-02	-1.3754628E-02
+1.5722000E+02	+1.0932560E-02	-1.2617351E-02
+1.5728000E+02	+7.0789661E-03	-1.0641059E-02
+1.5734000E+02	+3.7504171E-03	-7.9176417E-03
+1.5739999E+02	+1.0889242E-03	-4.5708278E-03
+1.5746001E+02	-7.9192984E-04	-7.5091515E-04
+1.5752000E+02	-1.8118649E-03	+3.3716534E-03
+1.5758000E+02	-1.9273517E-03	+7.6135788E-03
+1.5764000E+02	-1.1334677E-03	+1.1786561E-02
+1.5770000E+02	+5.3589151E-04	+1.5705369E-02
+1.5775999E+02	+3.0094830E-03	+1.9195778E-02
+1.5782001E+02	+6.1818263E-03	+2.2102037E-02
+1.5788000E+02	+9.9177379E-03	+2.4293521E-02
+1.5794000E+02	+1.4058215E-02	+2.5670297E-02
+1.5800000E+02	+1.8427232E-02	+2.6167363E-02
+1.5806000E+02	+2.2839408E-02	+2.5757361E-02
+1.5812000E+02	+2.7107934E-02	+2.4451675E-02
+1.5817999E+02	+3.1052614E-02	+2.2299804E-02
+1.5824001E+02	+3.4507573E-02	+1.9387158E-02
+1.5830000E+02	+3.7328344E-02	+1.5831241E-02
+1.5836000E+02	+3.9397981E-02	+1.1776507E-02
+1.5842000E+02	+4.0631957E-02	+7.3880237E-03
+1.5848000E+02	+4.0981680E-02	+2.8443169E-03
+1.5853999E+02	+4.0436365E-02	-1.6703785E-03
+1.5860001E+02	+3.9023336E-02	-5.9740474E-03
+1.5866000E+02	+3.6806613E-02	-9.8946998E-03
+1.5872000E+02	+3.3883970E-02	-1.3277696E-02
+1.5878000E+02	+3.0382507E-02	-1.5992263E-02
+1.5884000E+02	+2.6452988E-02	-1.7936965E-02
+1.5889999E+02	+2.2263236E-02	-1.9043826E-02
+1.5896001E+02	+1.7990779E-02	-1.9281002E-02
+1.5902000E+02	+1.3815157E-02	-1.8653860E-02
+1.5908000E+02	+9.9102119E-03	-1.7204428E-02
+1.5914000E+02	+6.4366972E-03	-1.5009278E-02
+1.5920000E+02	+3.5355003E-03	-1.2175911E-02
+1.5925999E+02	+1.3217955E-03	-8.8378666E-03
+1.5932001E+02	-1.1961635E-04	-5.1487316E-03
+1.5938000E+02	-7.3761697E-04	-1.2753528E-03
+1.5944000E+02	-5.1658420E-04	+2.6094439E-03
+1.5950000E+02	+5.2335102E-04	+6.3343155E-03
+1.5956000E+02	+2.3275972E-03	+9.7367018E-03
+1.5962000E+02	+4.8098611E-03	+1.2669666E-02
+1.5967999E+02	+7.8562591E-03	+1.5007947E-02
+1.5974001E+02	+1.1330526E-02	+1.6653024E-02
+1.5980000E+02	+1.5080155E-02	+1.7536921E-02
+1.5986000E+02	+1.8943129E-02	+1.7624678E-02
+1.5992000E+02	+2.2754947E-02	+1.6915306E-02
+1.5998000E+02	+2.6355652E-02	+1.5441325E-02
+1.6003999E+02	+2.9596584E-02	+1.3266810E-02
+1.6010001E+02	+3.2346439E-02	+1.0484161E-02
+1.6016000E+02	+3.4496583E-02	+7.2096828E-03
+1.6022000E+02	+3.5965197E-02	+3.5782305E-03
+1.6028000E+02	+3.6700256E-02	-2.6283582E-04
+1.6034000E+02	+3.6681153E-02	-4.1601146E-03
+1.6039999E+02	+3.5918929E-02	-7.9607526E-03
+1.6046001E+02	+3.4455143E-02	-1.1518863E-02
+1.6052000E+02	+3.2359499E-02	-1.4701515E-02
+1.6058000E+02	+2.9726280E-02	-1.7394019E-02
+1.6064000E+02	+2.6669852E-02	-1.9504324E-02
+1.6070000E+02	+2.3319399E-02	-2.0966329E-02
+1.6075999E+02	+1.9813182E-02	-2.1742005E-02
+1.6082001E+02	+1.6292550E-02	-2.1822304E-02
+1.6088000E+02	+1.2895974E-02	-2.1226760E-02
+1.6094000E+02	+9.7534163E-03	-2.0001937E-02
+1.6100000E+02	+6.9811442E-03	-1.8218746E-02
+1.6106000E+02	+4.6773455E-03	-1.5968859E-02
+1.6112000E+02	+2.9186122E-03	-1.3360307E-02
+1.6117999E+02	+1.7574311E-03	-1.0512576E-02
+1.6124001E+02	+1.2207924E-03	-7.5513613E-03
+1.6130000E+02	+1.3098966E-03	-4.6032448E-03
+1.6136000E+02	+2.0009389E-03	-1.7905295E-03
+1.6142000E+02	+3.2469206E-03	+7.7356998E-04
+1.6148000E+02	+4.9803434E-03	+2.9891734E-03
+1.6153999E+02	+7.1166418E-03	+4.7732694E-03
+1.6160001E+02	+9.5581897E-03	+6.0624150E-03
+1.6166000E+02	+1.2198670E-02	+6.8145213E-03
+1.6172000E+02	+1.4927609E-02	+7.0096897E-03
+1.6178000E+02	+1.7634891E-02	+6.6501172E-03
+1.6184000E+02	+2.0215036E-02	+5.7591032E-03
+1.6189999E+02	+2.2571104E-02	+4.3792669E-03
+1.6196001E+02	+2.4618056E-02	+2.5700717E-03
+1.6202000E+02	+2.6285490E-02	+4.0480710E-04
+1.6208000E+02	+2.7519634E-02	-2.0328136E-03
+1.6214000E+02	+2.8284606E-02	-4.6522827E-03
+1.6220000E+02	+2.8562874E-02	-7.3599862E-03
+1.6225999E+02	+2.8355051E-02	-1.0062805E-02
+1.6232001E+02	+2.7678920E-02	-1.2671474E-02
+1.6238000E+02	+2.6567960E-02	-1.5103595E-02
+1.6244000E+02	+2.5069335E-02	-1.7286198E-02
+1.6250000E+02	+2.3241516E-02	-1.9157806E-02
+1.6256000E+02	+2.1151660E-02	-2.0669919E-02
+1.6262000E+02	+1.8872906E-02	-2.1787945E-02
+1.6267999E+02	+1.6481576E-02	-2.2491604E-02
+1.6274001E+02	+1.4054572E-02	-2.2774765E-02
+1.6280000E+02	+1.1666812E-02	-2.2644896E-02
+1.6286000E+02	+9.3891462E-03	-2.2122037E-02
+1.6292000E+02	+7.2863377E-03	-2.1237539E-02
+1.6298000E+02	+5.4155290E-03	-2.0032518E-02
+1.6303999E+02	+3.8250149E-03	-1.8556168E-02
+1.6310001E+02	+2.5533400E-03	-1.6864007E-02
+1.6316000E+02	+1.6287643E-03	-1.5016060E-02
+1.6322000E+02	+1.0689890E-03	-1.3075124E-02
+1.6328000E+02	+8.8114117E-04	-1.1105074E-02
+1.6334000E+02	+1.0620283E-03	-9.1692768E-03
+1.6339999E+02	+1.5984828E-03	-7.3291347E-03
+1.6346001E+02	+2.4679853E-03	-5.6427144E-03
+1.6352000E+02	+3.6392976E-03	-4.1635321E-03
+1.6358000E+02	+5.0732708E-03	-2.9394233E-03
+1.6364000E+02	+6.7237280E-03	-2.0115301E-03
+1.6370000E+02	+8.5384343E-03	-1.4133743E-03
+1.6375999E+02	+1.0460179E-02	-1.1700313E-03
+1.6382001E+02	+1.2427950E-02	-1.2974008E-03
+1.6388000E+02	+1.4378226E-02	-1.8015887E-03
+1.6394000E+02	+1.6246388E-02	-2.6784220E-03
+1.6400000E+02	+1.7968252E-02	-3.9131260E-03
+1.6406000E+02	+1.9481724E-02	-5.4801991E-03
+1.6412000E+02	+2.0728530E-02	-7.3435241E-03
+1.6417999E+02	+2.1656040E-02	-9.4567593E-03
+1.6424001E+02	+2.2219105E-02	-1.1764045E-02
+1.6430000E+02	+2.2381835E-02	-1.4201055E-02
+1.6436000E+02	+2.2119336E-02	-1.6696375E-02
+1.6442000E+02	+2.1419164E-02	-1.9173359E-02
+1.6448000E+02	+2.0282604E-02	-2.1552192E-02
+1.6453999E+02	+1.8725576E-02	-2.3752330E-02
+1.6460001E+02	+1.6779035E-02	-2.5695251E-02
+1.6466000E+02	+1.4488965E-02	-2.7307287E-02
+1.6472000E+02	+1.1915676E-02	-2.8522611E-02
+1.6478000E+02	+9.1326740E-03	-2.9286116E-02
+1.6484000E+02	+6.2247394E-03	-2.9556168E-02
+1.6489999E+02	+3.2854918E-03	-2.9307066E-02
+1.6496001E+02	+4.1444498E-04	-2.8530991E-02
+1.6502000E+02	-2.2865653E-03	-2.7239474E-02
+1.6508000E+02	-4.7170748E-03	-2.5464104E-02
+1.6514000E+02	-6.7821289E-03	-2.3256509E-02
+1.6520000E+02	-8.3963135E-03	-2.0687480E-02
+1.6525999E+02	-9.4878152E-03	-1.7845219E-02
+1.6532001E+02	-1.0001997E-02	-1.4832784E-02
+1.6538000E+02	-9.9046361E-03	-1.1764685E-02
+1.6544000E+02	-9.1843903E-03	-8.7628001E-03
+1.6550000E+02	-7.8544943E-03	-5.9517338E-03
+1.6556000E+02	-5.9534274E-03	-3.4537967E-03
+1.6562000E+02	-3.5445946E-03	-1.3837641E-03
+1.6567999E+02	-7.1487005E-04	+1.5628670E-04
+1.6574001E+02	+2.4279547E-03	+1.0818867E-03
+1.6580000E+02	+5.7587638E-03	+1.3305565E-03
+1.6586000E+02	+9.1396496E-03	+8.6545420E-04
+1.6592000E+02	+1.2425237E-02	-3.2193889E-04
+1.6598000E+02	+1.5468575E-02	-2.2102424E-03
+1.6603999E+02	+1.8127374E-02	-4.7478545E-03
+1.6610001E+02	+2.0270329E-02	-7.8539485E-03
+1.6616000E+02	+2.1783199E-02	-1.1420813E-02
+1.6622000E+02	+2.2574414E-02	-1.5317479E-02
+1.6628000E+02	+2.2579873E-02	-1.9394541E-02
+1.6634000E+02	+2.1766750E-02	-2.3489961E-02
+1.6639999E+02	+2.0135991E-02	-2.7435699E-02
+1.6646001E+02	+1.7723462E-02	-3.1064833E-02
+1.6652000E+02	+1.4599498E-02	-3.4218892E-02
+1.6658000E+02	+1.0867015E-02	-3.6755059E-02
+1.6664000E+02	+6.6579212E-03	-3.8552959E-02
+1.6670000E+02	+2.1282714E-03	-3.9520580E-02
+1.6675999E+02	-2.5479116E-03	-3.9599221E-02
+1.6682001E+02	-7.1857721E-03	-3.8766984E-02
+1.6688000E+02	-1.1597509E-02	-3.7040789E-02
+1.6694000E+02	-1.5600566E-02	-3.4476679E-02
+1.6700000E+02	-1.9025845E-02	-3.1168358E-02
+1.6706000E+02	-2.1725602E-02	-2.7243970E-02
+1.6712000E+02	-2.3580411E-02	-2.2861322E-02
+1.6717999E+02	-2.4505246E-02	-1.8201495E-02
+1.6724001E+02	-2.4453986E-02	-1.3461392E-02
+1.6730000E+02	-2.3422368E-02	-8.8453107E-03
+1.6736000E+02	-2.1449033E-02	-4.5559881E-03
+1.6742000E+02	-1.8614730E-02	-7.8554149E-04
+1.6748000E+02	-1.5039520E-02	+2.2933339E-03
+1.6753999E+02	-1.0878172E-02	+4.5354399E-03
+1.6760001E+02	-6.3138721E-03	+5.8300626E-03
+1.6766000E+02	-1.5505470E-03	+6.1065601E-03
+1.6772000E+02	+3.1959538E-03	+5.3381887E-03
+1.6778000E+02	+7.7073090E-03	+3.5440123E-03
+1.6784000E+02	+1.1772519E-02	+7.8875432E-04
+1.6789999E+02	+1.5197464E-02	-2.8194392E-03
+1.6796001E+02	+1.7813889E-02	-7.1332548E-03
+1.6802000E+02	+1.9487299E-02	-1.1972328E-02
+1.6808000E+02	+2.0123463E-02	-1.7130943E-02
+1.6814000E+02	+1.9673128E-02	-2.2387030E-02
+1.6820000E+02	+1.8134722E-02	-2.7511993E-02
+1.6825999E+02	+1.5554978E-02	-3.2280978E-02
+1.6832001E+02	+1.2027226E-02	-3.6483098E-02
+1.6838000E+02	+7.6876450E-03	-3.9931092E-02
+1.6844000E+02	+2.7093778E-03	-4.2470045E-02
+1.6850000E+02	-2.7049847E-03	-4.3984663E-02
+1.6856000E+02	-8.3324406E-03	-4.4404801E-02
+1.6862000E+02	-1.3939601E-02	-4.3708969E-02
+1.6867999E+02	-1.9293282E-02	-4.1925587E-02
+1.6874001E+02	-2.4171140E-02	-3.9131958E-02
+1.6880000E+02	-2.8371973E-02	-3.5450991E-02
+1.6886000E+02	-3.1724930E-02	-3.1045726E-02
+1.6892000E+02	-3.4097549E-02	-2.6112044E-02
+1.6898000E+02	-3.5402000E-02	-2.0869736E-02
+1.6903999E+02	-3.5599202E-02	-1.5552479E-02
+1.6910001E+02	-3.4700800E-02	-1.0397068E-02
+1.6916000E+02	-3.2768719E-02	-5.6325183E-03
+1.6922000E+02	-2.9912425E-02	-1.4694191E-03
+1.6928000E+02	-2.6283914E-02	+1.9098514E-03
+1.6934000E+02	-2.2070728E-02	+4.3595736E-03
+1.6939999E+02	-1.7487286E-02	+5.7775332E-03
+1.6946001E+02	-1.2764966E-02	+6.1097830E-03
+1.6952000E+02	-8.1413509E-03	+5.3531891E-03
+1.6958000E+02	-3.8491986E-03	+3.5555880E-03
+1.6964000E+02	-1.0561800E-04	+8.1356801E-04
+1.6970000E+02	+2.8980128E-03	-2.7320192E-03
+1.6975999E+02	+5.0049233E-03	-6.9026235E-03
+1.6982001E+02	+6.1002094E-03	-1.1490306E-02
+1.6988000E+02	+6.1161066E-03	-1.6267413E-02
+1.6994000E+02	+5.0350856E-03	-2.0997141E-02
+1.7000000E+02	+2.8905433E-03	-2.5444511E-02
