#Parameters = {r=0.1; M=2; N=57.75; a=0.4; b=0.75; d=1.0125; er=3; g=0.01; p=0.8; srr=0.0004; wgr6=1.625}
#"Frequency / GHz"	"S2,1 (1) [Magnitude / dB]"
#---------------------------------------------
60.000000000000	-27.765885232869
60.110000610352	-27.823374285930
60.220001220703	-27.880611914621
60.330001831055	-27.937597373762
60.439998626709	-27.994321664053
60.549999237061	-28.050778822188
60.659999847412	-28.106970791097
60.770000457764	-28.162893239584
60.880001068115	-28.218548352561
60.990001678467	-28.273939246691
61.099998474121	-28.329067574655
61.209999084473	-28.383936623641
61.319999694824	-28.438544568891
61.430000305176	-28.492891564619
61.540000915527	-28.546976892422
61.650001525879	-28.600795961562
61.759998321533	-28.654347013321
61.869998931885	-28.707629109672
61.979999542236	-28.760641716573
62.090000152588	-28.813383876220
62.200000762939	-28.865857162782
62.310001373291	-28.918062693987
62.419998168945	-28.969998197307
62.529998779297	-29.021662895076
62.639999389648	-29.073054491308
62.750000000000	-29.124170916581
62.860000610352	-29.175010315302
62.970001220703	-29.225573348289
63.080001831055	-29.275862074680
63.189998626709	-29.325877245946
63.299999237061	-29.375621242869
63.409999847412	-29.425091385133
63.520000457764	-29.474286901929
63.630001068115	-29.523201872102
63.740001678467	-29.571832892336
63.849998474121	-29.620173837260
63.959999084473	-29.668223201830
64.069999694824	-29.715982386372
64.180000305176	-29.763455070496
64.290000915527	-29.810647954401
64.400001525879	-29.857565857263
64.510002136230	-29.904208982535
64.620002746582	-29.950573702725
64.730003356934	-29.996654771759
64.839996337891	-30.042440091158
64.949996948242	-30.087924244266
65.059997558594	-30.133102192790
65.169998168945	-30.177974223160
65.279998779297	-30.222549430567
65.389999389648	-30.266833971683
65.500000000000	-30.310840439354
65.610000610352	-30.354570448920
65.720001220703	-30.398020606277
65.830001831055	-30.441180204227
65.940002441406	-30.484040255729
66.050003051758	-30.526580897845
66.160003662109	-30.568797652322
66.269996643066	-30.610688348914
66.379997253418	-30.652260664254
66.489997863770	-30.693529065289
66.599998474121	-30.734504774615
66.709999084473	-30.775201919602
66.819999694824	-30.815614636754
66.930000305176	-30.855739092790
67.040000915527	-30.895557229709
67.150001525879	-30.935053356828
67.260002136230	-30.974213909613
67.370002746582	-31.013033087907
67.480003356934	-31.051516925078
67.589996337891	-31.089672914138
67.699996948242	-31.127518473627
67.809997558594	-31.165063442722
67.919998168945	-31.202311749946
68.029998779297	-31.239259337315
68.139999389648	-31.275893621139
68.250000000000	-31.312202569480
68.360000610352	-31.348169692197
68.470001220703	-31.383791688247
68.580001831055	-31.419066065769
68.690002441406	-31.454000214940
68.800003051758	-31.488604929005
68.910003662109	-31.522885632813
69.019996643066	-31.556846889679
69.129997253418	-31.590483325144
69.239997863770	-31.623792901498
69.349998474121	-31.656764137723
69.459999084473	-31.689387632653
69.569999694824	-31.721660708291
69.680000305176	-31.753582700174
69.790000915527	-31.785153695164
69.900001525879	-31.816376627724
70.010002136230	-31.847252140779
70.120002746582	-31.877781138689
70.230003356934	-31.907960884331
70.339996337891	-31.937787326092
70.449996948242	-31.967260634194
70.559997558594	-31.996376187181
70.669998168945	-32.025135074249
70.779998779297	-32.053534815966
70.889999389648	-32.081575576151
71.000000000000	-32.109250873143
71.110000610352	-32.136554673382
71.220001220703	-32.163482746171
71.330001831055	-32.190030805389
71.440002441406	-32.216197643583
71.550003051758	-32.241986480122
71.660003662109	-32.267404012067
71.769996643066	-32.292451803556
71.879997253418	-32.317130382115
71.989997863770	-32.341440111225
72.099998474121	-32.365368844778
72.209999084473	-32.388906142194
72.319999694824	-32.412041166200
72.430000305176	-32.434771563428
72.540000915527	-32.457094045861
72.650001525879	-32.479012648337
72.760002136230	-32.500539094908
72.870002746582	-32.521676157095
72.980003356934	-32.542424424808
73.089996337891	-32.562777908681
73.199996948242	-32.582725229202
73.309997558594	-32.602252209040
73.419998168945	-32.621347361355
73.529998779297	-32.640004390085
73.639999389648	-32.658227676703
73.750000000000	-32.676024194869
73.860000610352	-32.693402582371
73.970001220703	-32.710368735200
74.080001831055	-32.726921956051
74.190002441406	-32.743054131205
74.300003051758	-32.758749707037
74.410003662109	-32.773995331640
74.519996643066	-32.788776743269
74.629997253418	-32.803092909722
74.739997863770	-32.816948141031
74.849998474121	-32.830353317997
74.959999084473	-32.843314120811
75.069999694824	-32.855834390904
75.180000305176	-32.867911586613
75.290000915527	-32.879531185769
75.400001525879	-32.890673676258
75.510002136230	-32.901321810940
75.620002746582	-32.911467181285
75.730003356934	-32.921106989915
75.839996337891	-32.930247927955
75.949996948242	-32.938903174864
76.059997558594	-32.947082896699
76.169998168945	-32.954791370829
76.279998779297	-32.962020465313
76.389999389648	-32.968757205299
76.500000000000	-32.974979406574
76.610000610352	-32.980667291133
76.720001220703	-32.985808652065
76.830001831055	-32.990401878351
76.940002441406	-32.994450908558
77.050003051758	-32.997964943353
77.160003662109	-33.000957374523
77.269996643066	-33.003427423177
77.379997253418	-33.005370794180
77.489997863770	-33.006770876018
77.599998474121	-33.007610434758
77.709999084473	-33.007871600539
77.819999694824	-33.007539455980
77.930000305176	-33.006610859320
78.040000915527	-33.005089010961
78.150001525879	-33.002977025363
78.260002136230	-33.000285131783
78.370002746582	-32.997009881389
78.480003356934	-32.993147802870
78.589996337891	-32.988684175499
78.699996948242	-32.983602018490
78.809997558594	-32.977882756603
78.919998168945	-32.971515370663
79.029998779297	-32.964491336724
79.139999389648	-32.956812497858
79.250000000000	-32.948478224016
79.360000610352	-32.939492655146
79.470001220703	-32.929852997502
79.580001831055	-32.919552320256
79.690002441406	-32.908576606900
79.800003051758	-32.896907804397
79.910003662109	-32.884527525586
80.019996643066	-32.871421285729
80.129997253418	-32.857580465963
80.239997863770	-32.842998011306
80.349998474121	-32.827676984673
80.459999084473	-32.811616589538
80.569999694824	-32.794815086930
80.680000305176	-32.777266487086
80.790000915527	-32.758958601290
80.900001525879	-32.739871953127
81.010002136230	-32.719988577836
81.120002746582	-32.699283808499
81.230003356934	-32.677740916150
81.339996337891	-32.655351295531
81.449996948242	-32.632102749125
81.559997558594	-32.607997239558
81.669998168945	-32.583029894280
81.779998779297	-32.557196402164
81.889999389648	-32.530487753684
82.000000000000	-32.502888554977
82.110000610352	-32.474376305867
82.220001220703	-32.444926259751
82.330001831055	-32.414514613890
82.440002441406	-32.383122300627
82.550003051758	-32.350735235144
82.660003662109	-32.317341718144
82.769996643066	-32.282935549488
82.879997253418	-32.247510150871
82.989997863770	-32.211051591242
83.099998474121	-32.173541898386
83.209999084473	-32.134955428166
83.319999694824	-32.095266079213
83.430000305176	-32.054441655159
83.540000915527	-32.012462384340
83.650001525879	-31.969302571612
83.760002136230	-31.924947590015
83.870002746582	-31.879384794576
83.980003356934	-31.832599178012
84.089996337891	-31.784569578333
84.199996948242	-31.735271324210
84.309997558594	-31.684672503405
84.419998168945	-31.632735599116
84.529998779297	-31.579425164014
84.639999389648	-31.524709555785
84.750000000000	-31.468558887461
84.860000610352	-31.410949206977
84.970001220703	-31.351858190168
85.080001831055	-31.291259518230
85.190002441406	-31.229122649941
85.300003051758	-31.165410672592
85.410003662109	-31.100080157705
85.519996643066	-31.033085153410
85.629997253418	-30.964377380289
85.739997863770	-30.893913322268
85.849998474121	-30.821651390260
85.959999084473	-30.747549438888
86.069999694824	-30.671569833298
86.180000305176	-30.593666610063
86.290000915527	-30.513788238830
86.400001525879	-30.431879047516
86.510002136230	-30.347878471246
86.620002746582	-30.261721625276
86.730003356934	-30.173342984637
86.839996337891	-30.082679826997
86.949996948242	-29.989668141789
87.059997558594	-29.894240761577
87.169998168945	-29.796325520151
87.279998779297	-29.695845554290
87.389999389648	-29.592713677094
87.500000000000	-29.486841971671
87.610000610352	-29.378131171513
87.720001220703	-29.266484745364
87.830001831055	-29.151800185316
87.940002441406	-29.033975713439
88.050003051758	-28.912903316437
88.160003662109	-28.788466258817
88.269996643066	-28.660539670312
88.379997253418	-28.528981763629
88.489997863770	-28.393644124200
88.599998474121	-28.254365521420
88.709999084473	-28.110979763766
88.819999694824	-27.963311667890
88.930000305176	-27.811182564335
89.040000915527	-27.654401248679
89.150001525879	-27.492759918338
89.260002136230	-27.326035861842
89.370002746582	-27.153977249226
89.480003356934	-26.976316281179
89.589996337891	-26.792756706249
89.699996948242	-26.602982380078
89.809997558594	-26.406657511970
89.919998168945	-26.203419720185
90.029998779297	-25.992883619584
90.139999389648	-25.774625991106
90.250000000000	-25.548185783241
90.360000610352	-25.313052069315
90.470001220703	-25.068658620565
90.580001831055	-24.814381746831
90.690002441406	-24.549534893728
90.800003051758	-24.273372559188
90.910003662109	-23.985072296226
91.019996643066	-23.683731357378
91.129997253418	-23.368354263158
91.239997863770	-23.037834503992
91.349998474121	-22.690943778575
91.459999084473	-22.326331652489
91.569999694824	-21.942529672856
91.680000305176	-21.537981630471
91.790000915527	-21.111078057620
91.900001525879	-20.660224138408
92.010002136230	-20.183894895189
92.120002746582	-19.680727382848
92.230003356934	-19.149596972602
92.339996337891	-18.589720421678
92.449996948242	-18.000736922656
92.559997558594	-17.382814007074
92.669998168945	-16.736721607800
92.779998779297	-16.063909787234
92.889999389648	-15.366549821905
93.000000000000	-14.647526277410
93.110000610352	-13.910410984610
93.220001220703	-13.159366151876
93.330001831055	-12.399025932443
93.440002441406	-11.634357143820
93.550003051758	-10.870499274848
93.660003662109	-10.112627954011
93.769996643066	-9.3658368501705
93.879997253418	-8.6350330569325
93.989997863770	-7.9248839841703
94.099998474121	-7.2397792138866
94.209999084473	-6.5838121782906
94.319999694824	-5.9607914538625
94.430000305176	-5.3742530284533
94.540000915527	-4.8274805437322
94.650001525879	-4.3235314385305
94.760002136230	-3.8652482902549
94.870002746582	-3.4552682259852
94.980003356934	-3.0960184857991
95.089996337891	-2.7896945618289
95.199996948242	-2.5382005234328
95.309997558594	-2.3430694093082
95.419998168945	-2.2053205205713
95.529998779297	-2.1252551160921
95.639999389648	-2.1021613772292
95.750000000000	-2.1339035578579
95.860000610352	-2.2163894925232
95.970001220703	-2.3429115191779
96.080001831055	-2.5034380783969
96.190002441406	-2.6840247236268
96.300003051758	-2.8667010217935
96.410003662109	-3.0303290027045
96.519996643066	-3.1529298707455
96.629997253418	-3.2155161697041
96.739997863770	-3.2065688950940
96.849998474121	-3.1253932266159
96.959999084473	-2.9826414756922
97.069999694824	-2.7977248542840
97.180000305176	-2.5943675843972
97.290000915527	-2.3962079055679
97.400001525879	-2.2236535184987
97.510002136230	-2.0921879597989
97.620002746582	-2.0117471362988
97.730003356934	-1.9865833679924
97.839996337891	-2.0152357432280
97.949996948242	-2.0904582478430
98.059997558594	-2.1992403481900
98.169998168945	-2.3232973813005
98.279998779297	-2.4406313297666
98.389999389648	-2.5286491711067
98.500000000000	-2.5687359138086
98.610000610352	-2.5510224486217
98.720001220703	-2.4773035512758
98.830001831055	-2.3605824059466
98.940002441406	-2.2214028434885
99.050003051758	-2.0827692815162
99.160003662109	-1.9655934846891
99.269996643066	-1.8856367490903
99.379997253418	-1.8519154500435
99.489997863770	-1.8660592054830
99.599998474121	-1.9222655907785
99.709999084473	-2.0077420025485
99.819999694824	-2.1040124868030
99.930000305176	-2.1895636539884
100.04000091553	-2.2440475758820
100.15000152588	-2.2533101191867
100.26000213623	-2.2134931941401
100.37000274658	-2.1322211274910
100.48000335693	-2.0262201184322
100.58999633789	-1.9165389227790
100.69999694824	-1.8234726820404
100.80999755859	-1.7626454591857
100.91999816895	-1.7426965511261
101.02999877930	-1.7642875924235
101.13999938965	-1.8201034883056
101.25000000000	-1.8958367011509
101.36000061035	-1.9724489705400
101.47000122070	-2.0299567900223
101.58000183105	-2.0523669595207
101.69000244141	-2.0322901263032
101.80000305176	-1.9732586534891
101.91000366211	-1.8885150395377
102.01999664307	-1.7968935466528
102.12999725342	-1.7176853160683
102.23999786377	-1.6662403945946
102.34999847412	-1.6511357600741
102.45999908447	-1.6728864675391
102.56999969482	-1.7239620657611
102.68000030518	-1.7900935795735
102.79000091553	-1.8530539533601
102.90000152588	-1.8949025909312
103.01000213623	-1.9029279148855
103.12000274658	-1.8735643417927
103.23000335693	-1.8134955640405
103.33999633789	-1.7373677489295
103.44999694824	-1.6632184200318
103.55999755859	-1.6075747858733
103.66999816895	-1.5816553080421
103.77999877930	-1.5892147408357
103.88999938965	-1.6259658695534
104.00000000000	-1.6804923785586
104.11000061035	-1.7366970956199
104.22000122070	-1.7777295251842
104.33000183105	-1.7907113089378
104.44000244141	-1.7707591071515
104.55000305176	-1.7225281752569
104.66000366211	-1.6585203373892
104.76999664307	-1.5949771298508
104.87999725342	-1.5471406441532
104.98999786377	-1.5254030543929
105.09999847412	-1.5330634974829
105.20999908447	-1.5657654239547
105.31999969482	-1.6125730795570
105.43000030518	-1.6586321049428
105.54000091553	-1.6891799013219
105.65000152588	-1.6939838396836
105.76000213623	-1.6706540677777
105.87000274658	-1.6253540501934
105.98000335693	-1.5705632346690
106.08999633789	-1.5209344104065
106.19999694824	-1.4889453197050
106.30999755859	-1.4816226074002
106.41999816895	-1.4989305233530
106.52999877930	-1.5338828857668
106.63999938965	-1.5743772229993
106.75000000000	-1.6065493116931
106.86000061035	-1.6189829206134
106.97000122070	-1.6065008748928
107.08000183105	-1.5719308924325
107.19000244141	-1.5250495469487
107.30000305176	-1.4791822770855
107.41000366211	-1.4469384751008
107.51999664307	-1.4365537660808
107.62999725342	-1.4497029748192
107.73999786377	-1.4810807763767
107.84999847412	-1.5197744357861
107.95999908447	-1.5523121213996
108.06999969482	-1.5668231143014
108.18000030518	-1.5570412851656
108.29000091553	-1.5245814536266
108.40000152588	-1.4783693934090
108.51000213623	-1.4315320765005
108.62000274658	-1.3971262314315
108.73000335693	-1.3842536276186
108.83999633789	-1.3955849599151
108.94999694824	-1.4266536698686
109.05999755859	-1.4670137201052
109.16999816895	-1.5031339775718
109.27999877930	-1.5225235839985
109.38999938965	-1.5179106343856
109.50000000000	-1.4898073486248
109.61000061035	-1.4462776407069
109.72000122070	-1.4000012100000
109.83000183105	-1.3640093029717
109.94000244141	-1.3477068657153
110.05000305176	-1.3543003321187
110.16000366211	-1.3800552189517
110.26999664307	-1.4154236353514
110.37999725342	-1.4479048405172
110.48999786377	-1.4660030312238
110.59999847412	-1.4631431031288
110.70999908447	-1.4399574680845
110.81999969482	-1.4039274927433
110.93000030518	-1.3665203468876
111.04000091553	-1.3391578361577
111.15000152588	-1.3295267926807
111.26000213623	-1.3393180195450
111.37000274658	-1.3638056274030
111.48000335693	-1.3933437738934
111.58999633789	-1.4164529792741
111.69999694824	-1.4237582119767
111.80999755859	-1.4114130883738
111.91999816895	-1.3825549605385
112.02999877930	-1.3461292552693
112.13999938965	-1.3136194141028
112.25000000000	-1.2950960078525
112.36000061035	-1.2959936950265
112.47000122070	-1.3154482237341
112.58000183105	-1.3465073779306
112.69000244141	-1.3782080494555
112.80000305176	-1.3990972747403
112.91000366211	-1.4011982281142
113.01999664307	-1.3829385746988
113.12999725342	-1.3497161004037
113.23999786377	-1.3118364804605
113.34999847412	-1.2807964858456
113.45999908447	-1.2654433120543
113.56999969482	-1.2692779448207
113.68000030518	-1.2895130530097
113.79000091553	-1.3180450006126
113.90000152588	-1.3441083352730
114.01000213623	-1.3579636947140
114.12000274658	-1.3543985426860
114.23000335693	-1.3346144573595
114.33999633789	-1.3056462055940
114.44999694824	-1.2775730383127
114.55999755859	-1.2597957428126
114.66999816895	-1.2577978092607
114.77999877930	-1.2713620141498
114.88999938965	-1.2946729617682
115.00000000000	-1.3182572391417
115.11000061035	-1.3323005447649
115.22000122070	-1.3302861696774
115.33000183105	-1.3115600230656
115.44000244141	-1.2816355596014
115.55000305176	-1.2501071001188
115.66000366211	-1.2271353717438
115.76999664307	-1.2199316028048
115.87999725342	-1.2303839028472
115.98999786377	-1.2544508164190
116.09999847412	-1.2834231892714
116.20999908447	-1.3068098054496
116.31999969482	-1.3160191746836
116.43000030518	-1.3075353189596
116.54000091553	-1.2842070940897
116.65000152588	-1.2540483700931
116.76000213623	-1.2271269418878
116.87000274658	-1.2119014240733
116.98000335693	-1.2123743118157
117.08999633789	-1.2268654107973
117.19999694824	-1.2486902167817
117.30999755859	-1.2685453592027
117.41999816895	-1.2779282532796
117.52999877930	-1.2724052781487
117.63999938965	-1.2533613124446
117.75000000000	-1.2274271353862
117.86000061035	-1.2038529546986
117.97000122070	-1.1910216823392
118.08000183105	-1.1934234745407
118.19000244141	-1.2100788892762
118.30000305176	-1.2348147692119
118.41000366211	-1.2583226118418
118.51999664307	-1.2714817566495
118.62999725342	-1.2687824452682
118.73999786377	-1.2505118261398
118.84999847412	-1.2226131513716
118.95999908447	-1.1943573392513
119.06999969482	-1.1748512227385
119.18000030518	-1.1698344551450
119.29000091553	-1.1797819009426
119.40000152588	-1.1998573813804
119.51000213623	-1.2216540707031
119.62000274658	-1.2362768451648
119.73000335693	-1.2377268338210
119.83999633789	-1.2252496158458
119.94999694824	-1.2035821179784
120.05999755859	-1.1809752205955
120.16999816895	-1.1659336458265
120.27999877930	-1.1640090256599
120.38999938965	-1.1757787714459
120.50000000000	-1.1966048891593
120.61000061035	-1.2182414842480
120.72000122070	-1.2318424398983
120.83000183105	-1.2313649108448
120.94000244141	-1.2160187905274
121.05000305176	-1.1906158706312
121.16000366211	-1.1636641000507
121.26999664307	-1.1440987646517
121.37999725342	-1.1380311454972
121.48999786377	-1.1466446631109
121.59999847412	-1.1658591622881
121.70999908447	-1.1878143898359
121.81999969482	-1.2037675099653
121.93000030518	-1.2074445656247
122.04000091553	-1.1975037936035
122.15000152588	-1.1780099212623
122.26000213623	-1.1566972663855
122.37000274658	-1.1418254676580
122.48000335693	-1.1389882167543
122.58999633789	-1.1490426296388
122.69999694824	-1.1677654467268
122.80999755859	-1.1873786093654
122.91999816895	-1.1994748428489
123.02999877930	-1.1983409145054
123.13999938965	-1.1833191030080
123.25000000000	-1.1591428001032
123.36000061035	-1.1340414194539
123.47000122070	-1.1165419275008
123.58000183105	-1.1123052652791
123.69000244141	-1.1221242400433
123.80000305176	-1.1416796861487
123.91000366211	-1.1631300354565
124.01999664307	-1.1780348788438
124.12999725342	-1.1806409228708
124.23999786377	-1.1701622166140
124.34999847412	-1.1510303165813
124.45999908447	-1.1309809310535
124.56999969482	-1.1178887924639
124.68000030518	-1.1166917936060
124.79000091553	-1.1275332304318
124.90000152588	-1.1457013186966
125.01000213623	-1.1633827386788
125.12000274658	-1.1726928606393
125.23000335693	-1.1688779556335
125.33999633789	-1.1523403056660
125.44999694824	-1.1285265109666
125.55999755859	-1.1057343129765
125.66999816895	-1.0918623492621
125.77999877930	-1.0914431797102
125.88999938965	-1.1040141507763
126.00000000000	-1.1243124253245
126.11000061035	-1.1442277327874
126.22000122070	-1.1559058927825
126.33000183105	-1.1548729844723
126.44000244141	-1.1418410092874
126.55000305176	-1.1223241122848
126.66000366211	-1.1042896007966
126.76999664307	-1.0948900101321
126.87999725342	-1.0976763318481
126.98999786377	-1.1112373734477
127.09999847412	-1.1297225765645
127.20999908447	-1.1450745038524
127.31999969482	-1.1502457573400
127.43000030518	-1.1421397257393
127.54000091553	-1.1229667357976
127.65000152588	-1.0993721279784
127.76000213623	-1.0797331217592
127.87000274658	-1.0708802432668
127.98000335693	-1.0755309295678
128.08999633789	-1.0913154162894
128.19999694824	-1.1116778926820
128.30999755859	-1.1283780417359
128.41999816895	-1.1347524876909
128.52999877930	-1.1284382346481
128.63999938965	-1.1123180677201
128.75000000000	-1.0932310186772
128.86000061035	-1.0790818994705
128.97000122070	-1.0756196539516
129.08000183105	-1.0841864097621
129.19000244141	-1.1011803337065
129.30000305176	-1.1193998878272
129.41000366211	-1.1308787013221
129.52000427246	-1.1301435747443
129.63000488281	-1.1165760098382
129.74000549316	-1.0947196387914
129.85000610352	-1.0724078531488
129.96000671387	-1.0575924651591
130.07000732422	-1.0552575909139
130.17999267578	-1.0655693941005
130.28999328613	-1.0838476302527
130.39999389648	-1.1023879280694
130.50999450684	-1.1134996386823
130.61999511719	-1.1126721691434
130.72999572754	-1.1004569644569
130.83999633789	-1.0821889073504
130.94999694824	-1.0656625194132
131.05999755859	-1.0578763473466
131.16999816895	-1.0622053246385
131.27999877930	-1.0770520070112
131.38999938965	-1.0964052427523
131.50000000000	-1.1121618530501
131.61000061035	-1.1173986717405
131.72000122070	-1.1093058854785
131.83000183105	-1.0904309476498
131.94000244141	-1.0676234202265
132.05000305176	-1.0491887142010
132.16000366211	-1.0415680133659
132.27000427246	-1.0468807636512
132.38000488281	-1.0621702956150
132.49000549316	-1.0805797117031
132.60000610352	-1.0941008921529
132.71000671387	-1.0968735082589
132.82000732422	-1.0876853963070
132.92999267578	-1.0704823527052
133.03999328613	-1.0526321522036
133.14999389648	-1.0417860936611
133.25999450684	-1.0427395673897
133.36999511719	-1.0554818522547
133.47999572754	-1.0751427753776
133.58999633789	-1.0938283082040
133.69999694824	-1.1037719010500
133.80999755859	-1.1005885131402
133.91999816895	-1.0851721377673
134.02999877930	-1.0633304855984
134.13999938965	-1.0433062347881
134.25000000000	-1.0323991776862
134.36000061035	-1.0340907031802
134.47000122070	-1.0467501430141
134.58000183105	-1.0643239683417
134.69000244141	-1.0787781662463
134.80000305176	-1.0834500288739
134.91000366211	-1.0759216996314
135.02000427246	-1.0590990965674
135.13000488281	-1.0399434900918
135.24000549316	-1.0264902309185
135.35000610352	-1.0245135191540
135.46000671387	-1.0351876349979
135.57000732422	-1.0545659009356
135.67999267578	-1.0750559895025
135.78999328613	-1.0884308700624
135.89999389648	-1.0892462709808
136.00999450684	-1.0771811716637
136.11999511719	-1.0571729445116
136.22999572754	-1.0372501436170
136.33999633789	-1.0251466188251
136.44999694824	-1.0251710411180
136.55999755859	-1.0365410956520
136.66999816895	-1.0537240205407
136.77999877930	-1.0686863781645
136.88999938965	-1.0742673528778
137.00000000000	-1.0673019782544
137.11000061035	-1.0500650427039
137.22000122070	-1.0293109803115
137.33000183105	-1.0133758186757
137.44000244141	-1.0087149153299
137.55000305176	-1.0172961566465
137.66000366211	-1.0357905296234
137.77000427246	-1.0568377535038
137.88000488281	-1.0719757632920
137.99000549316	-1.0751656218409
138.10000610352	-1.0653904375948
138.21000671387	-1.0470858676017
138.32000732422	-1.0281426606316
138.42999267578	-1.0165041048040
138.53999328613	-1.0168634384879
138.64999389648	-1.0287766251478
138.75999450684	-1.0468332159988
138.86999511719	-1.0628385512268
138.97999572754	-1.0692486441714
139.08999633789	-1.0624843744325
139.19999694824	-1.0445783172041
139.30999755859	-1.0223302879468
139.41999816895	-1.0043876581098
139.52999877930	-0.99764055260966
139.63999938965	-1.0044480387778
139.75000000000	-1.0217190496740
139.86000061035	-1.0421171788642
139.97000122070	-1.0570434880774
140.08000183105	-1.0602718049727
140.19000244141	-1.0506758994490
140.30000305176	-1.0327225021744
140.41000366211	-1.0144574899102
140.52000427246	-1.0039906187854
140.63000488281	-1.0060756056410
140.74000549316	-1.0201320833863
140.85000610352	-1.0404244522604
140.96000671387	-1.0583205475560
141.07000732422	-1.0659071543735
141.17999267578	-1.0594502282661
141.28999328613	-1.0411218334082
141.39999389648	-1.0180647795929
141.50999450684	-0.99929998019221
141.61999511719	-0.99193688710673
141.72999572754	-0.99830727180120
141.83999633789	-1.0150617565601
141.94999694824	-1.0345209853485
142.05999755859	-1.0478569188692
142.16999816895	-1.0489087551188
142.27999877930	-1.0369607631996
142.38999938965	-1.0171025935446
142.50000000000	-0.99796665849828
142.61000061035	-0.98797887868422
142.72000122070	-0.99180781142555
142.83000183105	-1.0084134100734
142.94000244141	-1.0313672796968
143.05000305176	-1.0513719371934
143.16000366211	-1.0601382939718
143.27000427246	-1.0540030583047
143.38000488281	-1.0356127154402
143.49000549316	-1.0127269540233
143.60000610352	-0.99480778807305
143.71000671387	-0.98899677875281
143.82000732422	-0.99719971994646
143.92999267578	-1.0153226008860
144.03999328613	-1.0349159033312
144.14999389648	-1.0467146459852
144.25999450684	-1.0447026478978
144.36999511719	-1.0289027936741
144.47999572754	-1.0054474742729
144.58999633789	-0.98389731648776
144.69999694824	-0.97313232514551
144.80999755859	-0.97767449143313
144.91999816895	-0.99584047295754
145.02999877930	-1.0203413019154
145.13999938965	-1.0411755356231
145.25000000000	-1.0498288759698
145.36000061035	-1.0430194313498
145.47000122070	-1.0241878279797
145.58000183105	-1.0019151011522
145.69000244141	-0.98608822185105
145.80000305176	-0.98366902763246
145.91000366211	-0.99579489605986
146.02000427246	-1.0172792868864
146.13000488281	-1.0386602913774
146.24000549316	-1.0501527881919
146.35000610352	-1.0459789470493
146.46000671387	-1.0270610698739
146.57000732422	-1.0006827526329
146.67999267578	-0.97727489414479
146.78999328613	-0.96596254695817
146.89999389648	-0.97083142337698
147.00999450684	-0.98932288299159
147.11999511719	-1.0132497098673
147.22999572754	-1.0321557106648
147.33999633789	-1.0378051879887
147.44999694824	-1.0278917237480
147.55999755859	-1.0071081717892
147.66999816895	-0.98498251341795
147.77999877930	-0.97162623736735
147.88999938965	-0.97338990319866
148.00000000000	-0.99020310907856
148.11000061035	-1.0155151313819
148.22000122070	-1.0388683487909
148.33000183105	-1.0502933661647
148.44000244141	-1.0447345804494
148.55000305176	-1.0244022390942
148.66000366211	-0.99777663009241
148.77000427246	-0.97579855473915
148.88000488281	-0.96715380766835
148.99000549316	-0.97470851887375
149.10000610352	-0.99438869696905
149.21000671387	-1.0168557379407
149.32000732422	-1.0314509521793
149.42999267578	-1.0309407401068
149.53999328613	-1.0149005214487
149.64999389648	-0.98998370254965
149.75999450684	-0.96691452506398
149.86999511719	-0.95575679541801
149.97999572754	-0.96164644623606
150.08999633789	-0.98265248961086
150.19999694824	-1.0104438768675
150.30999755859	-1.0336352000875
150.41999816895	-1.0426571657659
150.52999877930	-1.0340709326312
150.63999938965	-1.0121933380601
150.75000000000	-0.98707069161808
150.86000061035	-0.96992508882088
150.97000122070	-0.96828588646219
151.08000183105	-0.98282866146064
151.19000244141	-1.0070444331416
151.30000305176	-1.0298603090314
151.41000366211	-1.0403809867054
151.52000427246	-1.0328628473709
151.63000488281	-1.0095194921155
151.74000549316	-0.97960923091200
151.85000610352	-0.95529227716655
151.96000671387	-0.94638013134922
152.07000732422	-0.95628300330592
152.17999267578	-0.98060379430584
152.28999328613	-1.0088431534142
152.39999389648	-1.0287341347810
152.50999450684	-1.0316394055651
152.61999511719	-1.0165800956942
152.72999572754	-0.99073609794299
152.83999633789	-0.96612618298285
152.94999694824	-0.95421566724407
153.05999755859	-0.96099631190562
153.16999816895	-0.98443959675749
153.27999877930	-1.0151529568948
153.38999938965	-1.0401312467976
153.50000000000	-1.0483420779103
153.61000061035	-1.0358261249654
153.72000122070	-1.0076426749424
153.83000183105	-0.97557402203076
153.94000244141	-0.95281956125202
154.05000305176	-0.94836176770507
154.16000366211	-0.96332526178424
154.27000427246	-0.99052328165344
154.38000488281	-1.0173539161866
154.49000549316	-1.0311817219156
154.60000610352	-1.0250929947383
154.71000671387	-1.0012549493667
154.82000732422	-0.96996132224570
154.92999267578	-0.94492248629917
155.03999328613	-0.93724946518415
155.14999389648	-0.95080198289516
155.25999450684	-0.98055910294441
155.36999511719	-1.0144934689656
155.47999572754	-1.0384851461721
155.58999633789	-1.0425348008233
155.69999694824	-1.0254531516404
155.80999755859	-0.99543474494811
155.91999816895	-0.96619852074094
156.02999877930	-0.95076339018615
156.13999938965	-0.95589632848267
156.25000000000	-0.97930956923520
156.36000061035	-1.0105163301599
156.47000122070	-1.0351256837673
156.58000183105	-1.0411927408688
156.69000244141	-1.0248745884527
156.80000305176	-0.99241887634134
156.91000366211	-0.95729233058117
157.02000427246	-0.93408246894177
157.13000488281	-0.93224745560202
157.24000549316	-0.95225940116845
157.35000610352	-0.98535603972976
157.46000671387	-1.0170290147701
157.57000732422	-1.0332128527340
157.67999267578	-1.0267674552769
157.78999328613	-1.0009764274115
157.89999389648	-0.96800795188125
158.00999450684	-0.94323912436297
158.11999511719	-0.93841567990586
158.22999572754	-0.95668433307866
158.33999633789	-0.99116725808869
158.44999694824	-1.0275359101586
158.55999755859	-1.0499615472598
158.66999816895	-1.0482718372946
158.77999877930	-1.0229246176193
158.88999938965	-0.98489625336588
159.00000000000	-0.95053372687157
159.11000061035	-0.93425075723374
159.22000122070	-0.94248476234681
159.33000183105	-0.97109369911954
159.44000244141	-1.0069274264349
159.55000305176	-1.0332294644703
159.66000366211	-1.0371332720280
159.77000427246	-1.0158866399906
159.88000488281	-0.97836271893364
159.99000549316	-0.94090199236904
160.10000610352	-0.91988210905054
160.21000671387	-0.92473349421574
160.32000732422	-0.95408201446997
160.42999267578	-0.99611510219900
160.53999328613	-1.0331925213604
160.64999389648	-1.0494086625352
160.75999450684	-1.0380427506596
160.86999511719	-1.0049186248884
160.97999572754	-0.96559913531106
161.08999633789	-0.93807252739745
161.19999694824	-0.93485131714422
161.30999755859	-0.95780001338988
161.41999816895	-0.99727198125099
161.52999877930	-1.0358254128445
161.63999938965	-1.0556195679342
161.75000000000	-1.0467332129765
161.86000061035	-1.0121829326204
161.97000122070	-0.96657375880566
162.08000183105	-0.92921393426252
162.19000244141	-0.91557025528340
162.30000305176	-0.93092620443075
162.41000366211	-0.96827563948088
162.52000427246	-1.0109844284757
162.63000488281	-1.0396594547237
162.74000549316	-1.0409732735245
162.85000610352	-1.0142472089811
162.96000671387	-0.97190631005286
163.07000732422	-0.93348939065276
163.17999267578	-0.91670701569442
163.28999328613	-0.92994264443472
163.39999389648	-0.96877965017003
163.50999450684	-1.0174988891276
163.61999511719	-1.0552970838895
163.72999572754	-1.0654987643098
163.83999633789	-1.0436647776038
163.94999694824	-0.99994985799418
164.05999755859	-0.95413421852506
164.16999816895	-0.92639417809619
164.27999877930	-0.92863315199234
164.38999938965	-0.95969639467380
164.50000000000	-1.0057060300747
164.61000061035	-1.0455014561198
164.72000122070	-1.0598912456985
164.83000183105	-1.0409332034089
164.94000244141	-0.99614184452679
165.05000305176	-0.94487136493047
165.16000366211	-0.90920306476549
165.27000427246	-0.90434997614752
165.38000488281	-0.93257301140923
165.49000549316	-0.98220019397923
165.60000610352	-1.0320148793514
165.71000671387	-1.0601495057199
165.82000732422	-1.0543071534289
165.92999267578	-1.0180187114849
166.03999328613	-0.96891060197945
166.14999389648	-0.93010825056399
166.25999450684	-0.91981945409885
166.36999511719	-0.94384419415736
166.47999572754	-0.99319674427815
166.58999633789	-1.0473712768461
166.69999694824	-1.0827107097241
166.80999755859	-1.0832521964163
166.91999816895	-1.0487476260481
167.02999877930	-0.99484493516090
167.13999938965	-0.94529642088960
167.25000000000	-0.92106458299158
167.36000061035	-0.93171696117260
167.47000122070	-0.97188697304117
167.58000183105	-1.0234902049768
167.69000244141	-1.0631869347915
167.80000305176	-1.0729757633351
167.91000366211	-1.0490628414702
168.02000427246	-1.0037249133717
168.13000488281	-0.95897200157965
168.24000549316	-0.93609964110735
168.35000610352	-0.94674093667444
168.46000671387	-0.98878603928240
168.57000732422	-1.0480379061277
168.67999267578	-1.1050821379686
168.78999328613	-1.1450435465169
168.89999389648	-1.1656334907940
169.00999450684	-1.1785583929269
169.11999511719	-1.2029895078259
169.22999572754	-1.2546144589606
169.33999633789	-1.3355604974270
169.44999694824	-1.4292437787741
169.55999755859	-1.5031139119610
169.66999816895	-1.5208934715713
169.77999877930	-1.4611158413031
169.88999938965	-1.3311777173097
170.00000000000	-1.1660667614269
