+1.1000000E+02	+2.7581729E-02	-5.2557424E-02
+1.1006000E+02	+2.0217480E-02	-5.5871528E-02
+1.1012000E+02	+1.2467637E-02	-5.8159694E-02
+1.1018000E+02	+4.4742078E-03	-5.9379011E-02
+1.1024000E+02	-3.6162233E-03	-5.9506118E-02
+1.1030000E+02	-1.1655394E-02	-5.8537588E-02
+1.1036000E+02	-1.9495858E-02	-5.6490038E-02
+1.1042000E+02	-2.6993832E-02	-5.3399749E-02
+1.1048000E+02	-3.4011655E-02	-4.9322054E-02
+1.1054000E+02	-4.0420473E-02	-4.4330254E-02
+1.1060000E+02	-4.6102323E-02	-3.8514357E-02
+1.1066000E+02	-5.0952528E-02	-3.1979434E-02
+1.1072000E+02	-5.4881394E-02	-2.4843602E-02
+1.1078000E+02	-5.7815962E-02	-1.7236061E-02
+1.1084000E+02	-5.9701223E-02	-9.2945769E-03
+1.1090000E+02	-6.0501195E-02	-1.1631039E-03
+1.1096000E+02	-6.0199495E-02	+7.0108413E-03
+1.1102000E+02	-5.8799718E-02	+1.5078838E-02
+1.1108000E+02	-5.6325261E-02	+2.2894286E-02
+1.1114000E+02	-5.2819047E-02	+3.0314993E-02
+1.1120000E+02	-4.8342615E-02	+3.7205741E-02
+1.1126000E+02	-4.2975094E-02	+4.3440767E-02
+1.1132000E+02	-3.6811788E-02	+4.8905939E-02
+1.1138000E+02	-2.9962426E-02	+5.3500917E-02
+1.1144000E+02	-2.2549259E-02	+5.7140864E-02
+1.1150000E+02	-1.4704779E-02	+5.9758049E-02
+1.1156000E+02	-6.5694437E-03	+6.1303008E-02
+1.1162000E+02	+1.7109113E-03	+6.1745472E-02
+1.1168000E+02	+9.9876104E-03	+6.1074916E-02
+1.1174000E+02	+1.8111812E-02	+5.9300750E-02
+1.1180000E+02	+2.5937228E-02	+5.6452170E-02
+1.1186000E+02	+3.3322658E-02	+5.2577630E-02
+1.1192000E+02	+4.0134571E-02	+4.7744036E-02
+1.1198000E+02	+4.6249431E-02	+4.2035528E-02
+1.1204000E+02	+5.1555969E-02	+3.5551999E-02
+1.1210000E+02	+5.5957120E-02	+2.8407352E-02
+1.1216000E+02	+5.9371796E-02	+2.0727471E-02
+1.1222000E+02	+6.1736327E-02	+1.2648000E-02
+1.1228000E+02	+6.3005604E-02	+4.3119397E-03
+1.1234000E+02	+6.3153900E-02	-4.1328711E-03
+1.1240000E+02	+6.2175382E-02	-1.2536377E-02
+1.1246000E+02	+6.0084146E-02	-2.0748956E-02
+1.1252000E+02	+5.6914099E-02	-2.8624080E-02
+1.1258000E+02	+5.2718289E-02	-3.6020886E-02
+1.1264000E+02	+4.7568064E-02	-4.2806681E-02
+1.1270000E+02	+4.1551821E-02	-4.8859321E-02
+1.1276000E+02	+3.4773353E-02	-5.4069333E-02
+1.1282000E+02	+2.7350260E-02	-5.8341872E-02
+1.1288000E+02	+1.9411758E-02	-6.1598416E-02
+1.1294000E+02	+1.1096285E-02	-6.3778229E-02
+1.1300000E+02	+2.5494755E-03	-6.4839303E-02
+1.1306000E+02	-6.0787736E-03	-6.4759299E-02
+1.1312000E+02	-1.4636778E-02	-6.3535824E-02
+1.1318000E+02	-2.2973666E-02	-6.1186604E-02
+1.1324000E+02	-3.0942142E-02	-5.7749134E-02
+1.1330000E+02	-3.8400933E-02	-5.3280085E-02
+1.1336000E+02	-4.5217421E-02	-4.7854379E-02
+1.1342000E+02	-5.1269792E-02	-4.1563828E-02
+1.1348000E+02	-5.6449436E-02	-3.4515575E-02
+1.1354000E+02	-6.0662549E-02	-2.6830358E-02
+1.1360000E+02	-6.3832074E-02	-1.8640291E-02
+1.1366000E+02	-6.5898888E-02	-1.0086647E-02
+1.1372000E+02	-6.6822961E-02	-1.3174207E-03
+1.1378000E+02	-6.6584013E-02	+7.5152516E-03
+1.1384000E+02	-6.5181978E-02	+1.6257746E-02
+1.1390000E+02	-6.2636979E-02	+2.4757510E-02
+1.1396000E+02	-5.8989033E-02	+3.2865860E-02
+1.1402000E+02	-5.4297429E-02	+4.0440459E-02
+1.1408000E+02	-4.8639685E-02	+4.7347810E-02
+1.1414000E+02	-4.2110287E-02	+5.3465642E-02
+1.1420000E+02	-3.4819096E-02	+5.8684945E-02
+1.1426000E+02	-2.6889367E-02	+6.2911965E-02
+1.1432000E+02	-1.8455802E-02	+6.6069789E-02
+1.1438000E+02	-9.6622081E-03	+6.8099752E-02
+1.1444000E+02	-6.5896934E-04	+6.8962447E-02
+1.1450000E+02	+8.3994363E-03	+6.8638466E-02
+1.1456000E+02	+1.7357191E-02	+6.7128763E-02
+1.1462000E+02	+2.6059665E-02	+6.4454682E-02
+1.1468000E+02	+3.4356184E-02	+6.0657628E-02
+1.1474000E+02	+4.2102620E-02	+5.5798426E-02
+1.1480000E+02	+4.9163796E-02	+4.9956251E-02
+1.1486000E+02	+5.5415880E-02	+4.3227397E-02
+1.1492000E+02	+6.0748506E-02	+3.5723630E-02
+1.1498000E+02	+6.5066740E-02	+2.7570279E-02
+1.1504000E+02	+6.8292625E-02	+1.8904207E-02
+1.1510000E+02	+7.0366643E-02	+9.8713981E-03
+1.1516000E+02	+7.1248733E-02	+6.2456756E-04
+1.1522000E+02	+7.0919022E-02	-8.6794430E-03
+1.1528000E+02	+6.9378205E-02	-1.7882334E-02
+1.1534000E+02	+6.6647567E-02	-2.6827037E-02
+1.1540000E+02	+6.2768698E-02	-3.5360362E-02
+1.1546000E+02	+5.7802808E-02	-4.3335635E-02
+1.1552000E+02	+5.1829718E-02	-5.0615184E-02
+1.1558000E+02	+4.4946622E-02	-5.7072684E-02
+1.1564000E+02	+3.7266366E-02	-6.2595338E-02
+1.1570000E+02	+2.8915714E-02	-6.7085803E-02
+1.1576000E+02	+2.0033119E-02	-7.0463859E-02
+1.1582000E+02	+1.0766444E-02	-7.2667837E-02
+1.1588000E+02	+1.2705438E-03	-7.3655665E-02
+1.1594000E+02	-8.2953535E-03	-7.3405646E-02
+1.1600000E+02	-1.7770402E-02	-7.1916848E-02
+1.1606000E+02	-2.6994696E-02	-6.9209181E-02
+1.1612000E+02	-3.5812058E-02	-6.5323122E-02
+1.1618000E+02	-4.4072654E-02	-6.0319055E-02
+1.1624000E+02	-5.1635440E-02	-5.4276347E-02
+1.1630000E+02	-5.8370739E-02	-4.7291994E-02
+1.1636000E+02	-6.4162187E-02	-3.9479133E-02
+1.1642000E+02	-6.8908960E-02	-3.0965060E-02
+1.1648000E+02	-7.2527274E-02	-2.1889230E-02
+1.1654000E+02	-7.4951984E-02	-1.2401007E-02
+1.1660000E+02	-7.6137610E-02	-2.6570540E-03
+1.1666000E+02	-7.6059230E-02	+7.1812165E-03
+1.1672000E+02	-7.4712887E-02	+1.6950244E-02
+1.1678000E+02	-7.2115712E-02	+2.6487127E-02
+1.1684000E+02	-6.8305679E-02	+3.5632279E-02
+1.1690000E+02	-6.3341059E-02	+4.4232123E-02
+1.1696000E+02	-5.7299431E-02	+5.2141644E-02
+1.1702000E+02	-5.0276581E-02	+5.9226729E-02
+1.1708000E+02	-4.2384770E-02	+6.5366618E-02
+1.1714000E+02	-3.3751033E-02	+7.0455723E-02
+1.1720000E+02	-2.4515100E-02	+7.4405529E-02
+1.1726000E+02	-1.4827093E-02	+7.7146046E-02
+1.1732000E+02	-4.8450488E-03	+7.8627050E-02
+1.1738000E+02	+5.2676103E-03	+7.8818902E-02
+1.1744000E+02	+1.5344707E-02	+7.7713139E-02
+1.1750000E+02	+2.5220308E-02	+7.5322621E-02
+1.1756000E+02	+3.4731150E-02	+7.1681358E-02
+1.1762000E+02	+4.3719351E-02	+6.6844106E-02
+1.1768000E+02	+5.2035324E-02	+6.0885340E-02
+1.1774000E+02	+5.9539899E-02	+5.3898230E-02
+1.1780000E+02	+6.6106781E-02	+4.5993075E-02
+1.1786000E+02	+7.1624666E-02	+3.7295550E-02
+1.1792000E+02	+7.5999044E-02	+2.7944691E-02
+1.1798000E+02	+7.9153784E-02	+1.8090658E-02
+1.1804000E+02	+8.1032477E-02	+7.8922883E-03
+1.1810000E+02	+8.1599325E-02	-2.4854664E-03
+1.1816000E+02	+8.0839835E-02	-1.2874215E-02
+1.1822000E+02	+7.8761026E-02	-2.3104873E-02
+1.1828000E+02	+7.5391464E-02	-3.3010405E-02
+1.1834000E+02	+7.0780739E-02	-4.2428542E-02
+1.1840000E+02	+6.4998798E-02	-5.1204450E-02
+1.1846000E+02	+5.8134753E-02	-5.9193227E-02
+1.1852000E+02	+5.0295599E-02	-6.6262312E-02
+1.1858000E+02	+4.1604377E-02	-7.2293639E-02
+1.1864000E+02	+3.2198343E-02	-7.7185571E-02
+1.1870000E+02	+2.2226706E-02	-8.0854610E-02
+1.1876000E+02	+1.1848261E-02	-8.3236724E-02
+1.1882000E+02	+1.2288464E-03	-8.4288515E-02
+1.1888000E+02	-9.4613684E-03	-8.3987877E-02
+1.1894000E+02	-2.0050509E-02	-8.2334436E-02
+1.1900000E+02	-3.0367848E-02	-7.9349615E-02
+1.1906000E+02	-4.0246569E-02	-7.5076260E-02
+1.1912000E+02	-4.9526311E-02	-6.9578119E-02
+1.1918000E+02	-5.8056053E-02	-6.2938698E-02
+1.1924000E+02	-6.5696202E-02	-5.5260099E-02
+1.1930000E+02	-7.2321035E-02	-4.6661414E-02
+1.1936000E+02	-7.7820867E-02	-3.7276674E-02
+1.1942000E+02	-8.2103536E-02	-2.7253011E-02
+1.1948000E+02	-8.5096173E-02	-1.6748067E-02
+1.1954000E+02	-8.6746261E-02	-5.9276349E-03
+1.1960000E+02	-8.7022580E-02	+5.0369417E-03
+1.1966000E+02	-8.5915692E-02	+1.5971655E-02
+1.1972000E+02	-8.3438180E-02	+2.6702370E-02
+1.1978000E+02	-7.9624452E-02	+3.7057847E-02
+1.1984000E+02	-7.4530266E-02	+4.6872295E-02
+1.1990000E+02	-6.8231829E-02	+5.5988025E-02
+1.1996000E+02	-6.0824696E-02	+6.4258114E-02
+1.2002000E+02	-5.2422237E-02	+7.1548566E-02
+1.2008000E+02	-4.3153867E-02	+7.7740602E-02
+1.2014000E+02	-3.3163097E-02	+8.2732484E-02
+1.2020000E+02	-2.2605112E-02	+8.6441204E-02
+1.2026000E+02	-1.1644554E-02	+8.8803805E-02
+1.2032000E+02	-4.5278828E-04	+8.9778408E-02
+1.2038000E+02	+1.0794677E-02	+8.9344896E-02
+1.2044000E+02	+2.1921108E-02	+8.7505326E-02
+1.2050000E+02	+3.2751203E-02	+8.4283829E-02
+1.2056000E+02	+4.3113843E-02	+7.9726376E-02
+1.2062000E+02	+5.2844904E-02	+7.3899992E-02
+1.2068000E+02	+6.1789721E-02	+6.6891812E-02
+1.2074000E+02	+6.9805630E-02	+5.8807701E-02
+1.2080000E+02	+7.6764151E-02	+4.9770623E-02
+1.2086000E+02	+8.2553081E-02	+3.9918762E-02
+1.2092000E+02	+8.7078214E-02	+2.9403340E-02
+1.2098000E+02	+9.0264887E-02	+1.8386327E-02
+1.2104000E+02	+9.2059158E-02	+7.0378641E-03
+1.2110000E+02	+9.2428692E-02	-4.4663348E-03
+1.2116000E+02	+9.1363266E-02	-1.5947746E-02
+1.2122000E+02	+8.8874944E-02	-2.7227798E-02
+1.2128000E+02	+8.4997997E-02	-3.8130667E-02
+1.2134000E+02	+7.9788335E-02	-4.8486009E-02
+1.2140000E+02	+7.3322661E-02	-5.8131598E-02
+1.2146000E+02	+6.5697305E-02	-6.6915900E-02
+1.2152000E+02	+5.7026833E-02	-7.4700385E-02
+1.2158000E+02	+4.7442142E-02	-8.1361741E-02
+1.2164000E+02	+3.7088644E-02	-8.6793736E-02
+1.2170000E+02	+2.6123844E-02	-9.0908967E-02
+1.2176000E+02	+1.4715021E-02	-9.3640164E-02
+1.2182000E+02	+3.0366411E-03	-9.4941273E-02
+1.2188000E+02	-8.7323776E-03	-9.4788186E-02
+1.2194000E+02	-2.0411244E-02	-9.3179159E-02
+1.2200000E+02	-3.1820387E-02	-9.0134829E-02
+1.2206000E+02	-4.2783916E-02	-8.5697934E-02
+1.2212000E+02	-5.3132493E-02	-7.9932667E-02
+1.2218000E+02	-6.2705971E-02	-7.2923735E-02
+1.2224000E+02	-7.1355708E-02	-6.4775042E-02
+1.2230000E+02	-7.8946956E-02	-5.5608150E-02
+1.2236000E+02	-8.5360982E-02	-4.5560379E-02
+1.2242000E+02	-9.0496749E-02	-3.4782812E-02
+1.2248000E+02	-9.4272703E-02	-2.3437817E-02
+1.2254000E+02	-9.6627750E-02	-1.1696870E-02
+1.2260000E+02	-9.7522497E-02	+2.6244519E-04
+1.2266000E+02	-9.6939631E-02	+1.2258781E-02
+1.2272000E+02	-9.4884321E-02	+2.4109943E-02
+1.2278000E+02	-9.1384120E-02	+3.5635769E-02
+1.2284000E+02	-8.6488605E-02	+4.6660665E-02
+1.2290000E+02	-8.0268554E-02	+5.7016406E-02
+1.2296000E+02	-7.2814956E-02	+6.6544645E-02
+1.2302000E+02	-6.4237624E-02	+7.5099327E-02
+1.2308000E+02	-5.4663487E-02	+8.2548968E-02
+1.2314000E+02	-4.4234786E-02	+8.8778585E-02
+1.2320000E+02	-3.3106782E-02	+9.3691438E-02
+1.2326000E+02	-2.1445606E-02	+9.7210549E-02
+1.2332000E+02	-9.4255367E-03	+9.9279851E-02
+1.2338000E+02	+2.7734605E-03	+9.9865034E-02
+1.2344000E+02	+1.4968456E-02	+9.8954074E-02
+1.2350000E+02	+2.6976446E-02	+9.6557446E-02
+1.2356000E+02	+3.8616959E-02	+9.2707925E-02
+1.2362000E+02	+4.9714822E-02	+8.7460153E-02
+1.2368000E+02	+6.0102813E-02	+8.0889769E-02
+1.2374000E+02	+6.9624156E-02	+7.3092341E-02
+1.2380000E+02	+7.8134842E-02	+6.4181894E-02
+1.2386000E+02	+8.5505843E-02	+5.4289207E-02
+1.2392000E+02	+9.1625027E-02	+4.3559864E-02
+1.2398000E+02	+9.6398793E-02	+3.2152098E-02
+1.2404000E+02	+9.9753536E-02	+2.0234413E-02
+1.2410000E+02	+1.0163670E-01	+7.9830680E-03
+1.2416000E+02	+1.0201758E-01	-4.4205519E-03
+1.2422000E+02	+1.0088781E-01	-1.6792627E-02
+1.2428000E+02	+9.8261394E-02	-2.8949637E-02
+1.2434000E+02	+9.4174594E-02	-4.0711109E-02
+1.2440000E+02	+8.8685364E-02	-5.1902279E-02
+1.2446000E+02	+8.1872456E-02	-6.2356681E-02
+1.2452000E+02	+7.3834285E-02	-7.1918629E-02
+1.2458000E+02	+6.4687431E-02	-8.0445528E-02
+1.2464000E+02	+5.4564953E-02	-8.7809928E-02
+1.2470000E+02	+4.3614421E-02	-9.3901500E-02
+1.2476000E+02	+3.1995650E-02	-9.8628543E-02
+1.2482000E+02	+1.9878427E-02	-1.0191946E-01
+1.2488000E+02	+7.4400404E-03	-1.0372368E-01
+1.2494000E+02	-5.1374980E-03	-1.0401249E-01
+1.2500000E+02	-1.7669979E-02	-1.0277945E-01
+1.2506000E+02	-2.9973714E-02	-1.0004036E-01
+1.2512000E+02	-4.1868359E-02	-9.5833182E-02
+1.2518000E+02	-5.3179439E-02	-9.0217374E-02
+1.2524000E+02	-6.3740924E-02	-8.3273008E-02
+1.2530000E+02	-7.3397636E-02	-7.5099647E-02
+1.2536000E+02	-8.2007684E-02	-6.5814815E-02
+1.2542000E+02	-8.9444205E-02	-5.5552308E-02
+1.2548000E+02	-9.5597550E-02	-4.4460244E-02
+1.2554000E+02	-1.0037667E-01	-3.2698803E-02
+1.2560000E+02	-1.0371041E-01	-2.0437997E-02
+1.2566000E+02	-1.0554873E-01	-7.8551555E-03
+1.2572000E+02	-1.0586321E-01	+4.8676985E-03
+1.2578000E+02	-1.0464752E-01	+1.7546456E-02
+1.2584000E+02	-1.0191758E-01	+2.9997643E-02
+1.2590000E+02	-9.7711153E-02	+4.2041022E-02
+1.2596000E+02	-9.2087410E-02	+5.3502213E-02
+1.2602000E+02	-8.5126027E-02	+6.4215221E-02
+1.2608000E+02	-7.6925956E-02	+7.4024908E-02
+1.2614000E+02	-6.7604005E-02	+8.2789101E-02
+1.2620000E+02	-5.7293251E-02	+9.0380639E-02
+1.2626000E+02	-4.6140902E-02	+9.6689366E-02
+1.2632000E+02	-3.4306381E-02	+1.0162345E-01
+1.2638000E+02	-2.1958787E-02	+1.0511087E-01
+1.2644000E+02	-9.2746252E-03	+1.0710037E-01
+1.2650000E+02	+3.5647200E-03	+1.0756218E-01
+1.2656000E+02	+1.6375789E-02	+1.0648842E-01
+1.2662000E+02	+2.8975399E-02	+1.0389318E-01
+1.2668000E+02	+4.1183561E-02	+9.9812292E-02
+1.2674000E+02	+5.2825816E-02	+9.4302833E-02
+1.2680000E+02	+6.3735813E-02	+8.7442264E-02
+1.2686000E+02	+7.3757708E-02	+7.9327248E-02
+1.2692000E+02	+8.2748368E-02	+7.0072323E-02
+1.2698000E+02	+9.0579294E-02	+5.9808232E-02
+1.2704000E+02	+9.7138576E-02	+4.8680000E-02
+1.2710000E+02	+1.0233236E-01	+3.6844909E-02
+1.2716000E+02	+1.0608622E-01	+2.4470197E-02
+1.2722000E+02	+1.0834618E-01	+1.1730713E-02
+1.2728000E+02	+1.0907937E-01	-1.1936037E-03
+1.2734000E+02	+1.0827461E-01	-1.4120258E-02
+1.2740000E+02	+1.0594241E-01	-2.6866797E-02
+1.2746000E+02	+1.0211486E-01	-3.9253388E-02
+1.2752000E+02	+9.6845150E-02	-5.1105358E-02
+1.2758000E+02	+9.0206765E-02	-6.2255643E-02
+1.2764000E+02	+8.2292363E-02	-7.2547130E-02
+1.2770000E+02	+7.3212594E-02	-8.1834882E-02
+1.2776000E+02	+6.3094363E-02	-8.9988120E-02
+1.2782000E+02	+5.2079085E-02	-9.6892081E-02
+1.2788000E+02	+4.0320765E-02	-1.0244956E-01
+1.2794000E+02	+2.7983611E-02	-1.0658230E-01
+1.2800000E+02	+1.5239914E-02	-1.0923202E-01
+1.2806000E+02	+2.2675518E-03	-1.1036119E-01
+1.2812000E+02	-1.0752581E-02	-1.0995359E-01
+1.2817999E+02	-2.3639044E-02	-1.0801440E-01
+1.2824001E+02	-3.6212221E-02	-1.0457022E-01
+1.2830000E+02	-4.8297182E-02	-9.9668518E-02
+1.2836000E+02	-5.9725769E-02	-9.3377069E-02
+1.2842000E+02	-7.0339143E-02	-8.5782878E-02
+1.2848000E+02	-7.9989828E-02	-7.6991081E-02
+1.2853999E+02	-8.8543870E-02	-6.7123182E-02
+1.2860001E+02	-9.5882587E-02	-5.6315705E-02
+1.2866000E+02	-1.0190427E-01	-4.4717889E-02
+1.2872000E+02	-1.0652542E-01	-3.2489963E-02
+1.2878000E+02	-1.0968203E-01	-1.9800613E-02
+1.2884000E+02	-1.1133031E-01	-6.8248641E-03
+1.2889999E+02	-1.1144737E-01	+6.2585035E-03
+1.2896001E+02	-1.1003141E-01	+1.9269383E-02
+1.2902000E+02	-1.0710172E-01	+3.2028761E-02
+1.2908000E+02	-1.0269839E-01	+4.4361308E-02
+1.2914000E+02	-9.6881799E-02	+5.6097653E-02
+1.2920000E+02	-8.9731574E-02	+6.7076758E-02
+1.2925999E+02	-8.1345603E-02	+7.7148102E-02
+1.2932001E+02	-7.1838692E-02	+8.6173758E-02
+1.2938000E+02	-6.1340775E-02	+9.4030246E-02
+1.2944000E+02	-4.9995247E-02	+1.0061014E-01
+1.2950000E+02	-3.7957020E-02	+1.0582358E-01
+1.2956000E+02	-2.5390232E-02	+1.0959943E-01
+1.2962000E+02	-1.2466136E-02	+1.1188623E-01
+1.2967999E+02	+6.3931046E-04	+1.1265281E-01
+1.2974001E+02	+1.3747873E-02	+1.1188876E-01
+1.2980000E+02	+2.6681414E-02	+1.0960449E-01
+1.2986000E+02	+3.9264336E-02	+1.0583103E-01
+1.2992000E+02	+5.1326025E-02	+1.0061960E-01
+1.2998000E+02	+6.2703028E-02	+9.4040848E-02
+1.3003999E+02	+7.3241331E-02	+8.6183898E-02
+1.3010001E+02	+8.2798436E-02	+7.7155069E-02
+1.3016000E+02	+9.1245249E-02	+6.7076422E-02
+1.3022000E+02	+9.8467797E-02	+5.6084085E-02
+1.3028000E+02	+1.0436870E-01	+4.4326372E-02
+1.3034000E+02	+1.0886854E-01	+3.1961780E-02
+1.3039999E+02	+1.1190681E-01	+1.9156821E-02
+1.3046001E+02	+1.1344273E-01	+6.0837655E-03
+1.3052000E+02	+1.1345576E-01	-7.0816735E-03
+1.3058000E+02	+1.1194585E-01	-2.0162717E-02
+1.3064000E+02	+1.0893334E-01	-3.2983884E-02
+1.3070000E+02	+1.0445875E-01	-4.5373399E-02
+1.3075999E+02	+9.8582104E-02	-5.7165273E-02
+1.3082001E+02	+9.1382079E-02	-6.8201959E-02
+1.3088000E+02	+8.2955100E-02	-7.8335822E-02
+1.3094000E+02	+7.3413789E-02	-8.7431692E-02
+1.3100000E+02	+6.2885471E-02	-9.5368296E-02
+1.3106000E+02	+5.1510602E-02	-1.0203989E-01
+1.3112000E+02	+3.9440826E-02	-1.0735770E-01
+1.3117999E+02	+2.6836781E-02	-1.1125107E-01
+1.3124001E+02	+1.3866051E-02	-1.1366834E-01
+1.3130000E+02	+7.0099364E-04	-1.1457752E-01
+1.3136000E+02	-1.2483681E-02	-1.1396666E-01
+1.3142000E+02	-2.5513051E-02	-1.1184394E-01
+1.3148000E+02	-3.8214531E-02	-1.0823759E-01
+1.3153999E+02	-5.0420024E-02	-1.0319543E-01
+1.3160001E+02	-6.1968103E-02	-9.6784271E-02
+1.3166000E+02	-7.2706126E-02	-8.9088894E-02
+1.3172000E+02	-8.2492426E-02	-8.0210999E-02
+1.3178000E+02	-9.1197953E-02	-7.0267715E-02
+1.3184000E+02	-9.8707944E-02	-5.9390195E-02
+1.3189999E+02	-1.0492353E-01	-4.7721766E-02
+1.3196001E+02	-1.0976297E-01	-3.5415966E-02
+1.3202000E+02	-1.1316271E-01	-2.2634609E-02
+1.3208000E+02	-1.1507806E-01	-9.5456932E-03
+1.3214000E+02	-1.1548395E-01	+3.6790711E-03
+1.3220000E+02	-1.1437503E-01	+1.6866151E-02
+1.3225999E+02	-1.1176587E-01	+2.9842729E-02
+1.3232001E+02	-1.0769060E-01	+4.2438943E-02
+1.3238000E+02	-1.0220254E-01	+5.4489881E-02
+1.3244000E+02	-9.5373370E-02	+6.5838084E-02
+1.3250000E+02	-8.7292328E-02	+7.6335236E-02
+1.3256000E+02	-7.8064792E-02	+8.5844338E-02
+1.3262000E+02	-6.7811072E-02	+9.4241299E-02
+1.3267999E+02	-5.6664806E-02	+1.0141661E-01
+1.3274001E+02	-4.4770971E-02	+1.0727685E-01
+1.3280000E+02	-3.2284316E-02	+1.1174562E-01
+1.3286000E+02	-1.9367177E-02	+1.1476473E-01
+1.3292000E+02	-6.1872313E-03	+1.1629482E-01
+1.3298000E+02	+7.0844386E-03	+1.1631591E-01
+1.3303999E+02	+2.0275615E-02	+1.1482757E-01
+1.3310001E+02	+3.3215404E-02	+1.1184891E-01
+1.3316000E+02	+4.5736164E-02	+1.0741831E-01
+1.3322000E+02	+5.7675835E-02	+1.0159291E-01
+1.3328000E+02	+6.8879895E-02	+9.4447836E-02
+1.3334000E+02	+7.9203442E-02	+8.6075231E-02
+1.3339999E+02	+8.8513017E-02	+7.6583050E-02
+1.3346001E+02	+9.6688382E-02	+6.6093445E-02
+1.3352000E+02	+1.0362388E-01	+5.4741591E-02
+1.3358000E+02	+1.0922993E-01	+4.2673521E-02
+1.3364000E+02	+1.1343405E-01	+3.0044483E-02
+1.3370000E+02	+1.1618186E-01	+1.7016822E-02
+1.3375999E+02	+1.1743770E-01	+3.7579394E-03
+1.3382001E+02	+1.1718506E-01	-9.5618842E-03
+1.3388000E+02	+1.1542682E-01	-2.2771662E-02
+1.3394000E+02	+1.1218513E-01	-3.5701890E-02
+1.3400000E+02	+1.0750113E-01	-4.8186719E-02
+1.3406000E+02	+1.0143445E-01	-6.0066085E-02
+1.3412000E+02	+9.4062313E-02	-7.1187705E-02
+1.3417999E+02	+8.5478663E-02	-8.1409059E-02
+1.3424001E+02	+7.5792819E-02	-9.0599179E-02
+1.3430000E+02	+6.5128222E-02	-9.8640300E-02
+1.3436000E+02	+5.3620659E-02	-1.0542937E-01
+1.3442000E+02	+4.1416671E-02	-1.1087929E-01
+1.3448000E+02	+2.8671628E-02	-1.1492011E-01
+1.3453999E+02	+1.5547764E-02	-1.1749978E-01
+1.3460001E+02	+2.2120024E-03	-1.1858490E-01
+1.3466000E+02	-1.1165971E-02	-1.1816106E-01
+1.3472000E+02	-2.4416028E-02	-1.1623301E-01
+1.3478000E+02	-3.7369758E-02	-1.1282465E-01
+1.3484000E+02	-4.9862444E-02	-1.0797860E-01
+1.3489999E+02	-6.1735291E-02	-1.0175580E-01
+1.3496001E+02	-7.2837397E-02	-9.4234504E-02
+1.3502000E+02	-8.3027676E-02	-8.5509516E-02
+1.3508000E+02	-9.2176557E-02	-7.5690754E-02
+1.3514000E+02	-1.0016766E-01	-6.4902112E-02
+1.3520000E+02	-1.0689930E-01	-5.3279590E-02
+1.3525999E+02	-1.1228571E-01	-4.0969748E-02
+1.3532001E+02	-1.1625810E-01	-2.8127864E-02
+1.3538000E+02	-1.1876551E-01	-1.4915921E-02
+1.3544000E+02	-1.1977555E-01	-1.5004379E-03
+1.3550000E+02	-1.1927462E-01	+1.1949371E-02
+1.3556000E+02	-1.1726823E-01	+2.5263887E-02
+1.3562000E+02	-1.1378082E-01	+3.8275234E-02
+1.3567999E+02	-1.0885543E-01	+5.0819378E-02
+1.3574001E+02	-1.0255327E-01	+6.2738106E-02
+1.3580000E+02	-9.4952807E-02	+7.3881119E-02
+1.3586000E+02	-8.6148836E-02	+8.4107794E-02
+1.3592000E+02	-7.6251261E-02	+9.3289092E-02
+1.3598000E+02	-6.5383792E-02	+1.0130896E-01
+1.3603999E+02	-5.3682208E-02	+1.0806609E-01
+1.3610001E+02	-4.1292805E-02	+1.1347488E-01
+1.3616000E+02	-2.8370535E-02	+1.1746661E-01
+1.3622000E+02	-1.5077039E-02	+1.1999036E-01
+1.3628000E+02	-1.5785003E-03	+1.2101358E-01
+1.3634000E+02	+1.1956104E-02	+1.2052247E-01
+1.3639999E+02	+2.5357503E-02	+1.1852217E-01
+1.3646001E+02	+3.8457949E-02	+1.1503667E-01
+1.3652000E+02	+5.1093556E-02	+1.1010857E-01
+1.3658000E+02	+6.3106045E-02	+1.0379848E-01
+1.3664000E+02	+7.4345060E-02	+9.6184187E-02
+1.3670000E+02	+8.4669754E-02	+8.7359890E-02
+1.3675999E+02	+9.3950748E-02	+7.7434793E-02
+1.3682001E+02	+1.0207158E-01	+6.6531904E-02
+1.3688000E+02	+1.0893022E-01	+5.4786377E-02
+1.3694000E+02	+1.1444039E-01	+4.2343933E-02
+1.3700000E+02	+1.1853253E-01	+2.9358976E-02
+1.3706000E+02	+1.2115471E-01	+1.5992686E-02
+1.3712000E+02	+1.2227330E-01	+2.4110232E-03
+1.3717999E+02	+1.2187329E-01	-1.1217345E-02
+1.3724001E+02	+1.1995860E-01	-2.4723127E-02
+1.3730000E+02	+1.1655191E-01	-3.7938528E-02
+1.3736000E+02	+1.1169443E-01	-5.0699305E-02
+1.3742000E+02	+1.0544538E-01	-6.2846825E-02
+1.3748000E+02	+9.7881250E-02	-7.4230030E-02
+1.3753999E+02	+8.9094855E-02	-8.4707290E-02
+1.3760001E+02	+7.9194143E-02	-9.4148166E-02
+1.3766000E+02	+6.8300925E-02	-1.0243502E-01
+1.3772000E+02	+5.6549277E-02	-1.0946447E-01
+1.3778000E+02	+4.4083957E-02	-1.1514869E-01
+1.3784000E+02	+3.1058591E-02	-1.1941642E-01
+1.3789999E+02	+1.7633703E-02	-1.2221391E-01
+1.3796001E+02	+3.9748959E-03	-1.2350557E-01
+1.3802000E+02	-9.7494470E-03	-1.2327441E-01
+1.3808000E+02	-2.3369974E-02	-1.2152218E-01
+1.3814000E+02	-3.6718551E-02	-1.1826947E-01
+1.3820000E+02	-4.9630541E-02	-1.1355530E-01
+1.3825999E+02	-6.1946463E-02	-1.0743676E-01
+1.3832001E+02	-7.3514216E-02	-9.9988267E-02
+1.3838000E+02	-8.4190950E-02	-9.1300569E-02
+1.3844000E+02	-9.3844607E-02	-8.1479751E-02
+1.3850000E+02	-1.0235583E-01	-7.0645824E-02
+1.3856000E+02	-1.0961921E-01	-5.8931306E-02
+1.3862000E+02	-1.1554463E-01	-4.6479531E-02
+1.3867999E+02	-1.2005851E-01	-3.3442970E-02
+1.3874001E+02	-1.2310448E-01	-1.9981259E-02
+1.3880000E+02	-1.2464425E-01	-6.2593217E-03
+1.3886000E+02	-1.2465797E-01	+7.5547500E-03
+1.3892000E+02	-1.2314451E-01	+2.1291709E-02
+1.3898000E+02	-1.2012147E-01	+3.4783162E-02
+1.3903999E+02	-1.1562497E-01	+4.7863699E-02
+1.3910001E+02	-1.0970914E-01	+6.0373023E-02
+1.3916000E+02	-1.0244549E-01	+7.2157748E-02
+1.3922000E+02	-9.3922116E-02	+8.3073288E-02
+1.3928000E+02	-8.4242471E-02	+9.2985742E-02
+1.3934000E+02	-7.3524065E-02	+1.0177348E-01
+1.3939999E+02	-6.1897319E-02	+1.0932851E-01
+1.3946001E+02	-4.9503528E-02	+1.1555798E-01
+1.3952000E+02	-3.6493585E-02	+1.2038516E-01
+1.3958000E+02	-2.3025744E-02	+1.2375047E-01
+1.3964000E+02	-9.2639094E-03	+1.2561214E-01
+1.3970000E+02	+4.6244315E-03	+1.2594672E-01
+1.3975999E+02	+1.8470185E-02	+1.2474939E-01
+1.3982001E+02	+3.2104895E-02	+1.2203397E-01
+1.3988000E+02	+4.5362618E-02	+1.1783278E-01
+1.3994000E+02	+5.8081936E-02	+1.1219621E-01
+1.4000000E+02	+7.0108108E-02	+1.0519210E-01
+1.4006000E+02	+8.1294723E-02	+9.6904948E-02
+1.4012000E+02	+9.1505654E-02	+8.7434798E-02
+1.4017999E+02	+1.0061657E-01	+7.6896057E-02
+1.4024001E+02	+1.0851656E-01	+6.5416113E-02
+1.4030000E+02	+1.1510938E-01	+5.3133760E-02
+1.4036000E+02	+1.2031469E-01	+4.0197507E-02
+1.4042000E+02	+1.2406894E-01	+2.6763756E-02
+1.4048000E+02	+1.2632619E-01	+1.2994925E-02
+1.4053999E+02	+1.2705863E-01	-9.4253616E-04
+1.4060001E+02	+1.2625691E-01	-1.4880170E-02
+1.4066000E+02	+1.2393022E-01	-2.8649541E-02
+1.4072000E+02	+1.2010626E-01	-4.2084295E-02
+1.4078000E+02	+1.1483074E-01	-5.5022158E-02
+1.4084000E+02	+1.0816693E-01	-6.7306869E-02
+1.4089999E+02	+1.0019483E-01	-7.8790136E-02
+1.4096001E+02	+9.1010213E-02	-8.9333348E-02
+1.4102000E+02	+8.0723472E-02	-9.8809272E-02
+1.4108000E+02	+6.9458187E-02	-1.0710358E-01
+1.4114000E+02	+5.7349756E-02	-1.1411622E-01
+1.4120000E+02	+4.4543669E-02	-1.1976264E-01
+1.4125999E+02	+3.1193722E-02	-1.2397467E-01
+1.4132001E+02	+1.7460259E-02	-1.2670149E-01
+1.4138000E+02	+3.5081399E-03	-1.2791017E-01
+1.4144000E+02	-1.0495253E-02	-1.2758596E-01
+1.4150000E+02	-2.4381924E-02	-1.2573262E-01
+1.4156000E+02	-3.7985347E-02	-1.2237214E-01
+1.4162000E+02	-5.1142506E-02	-1.1754470E-01
+1.4167999E+02	-6.3695796E-02	-1.1130797E-01
+1.4174001E+02	-7.5494990E-02	-1.0373653E-01
+1.4180000E+02	-8.6398773E-02	-9.4920881E-02
+1.4186000E+02	-9.6276835E-02	-8.4966376E-02
+1.4192000E+02	-1.0501108E-01	-7.3991902E-02
+1.4198000E+02	-1.1249721E-01	-6.2128555E-02
+1.4203999E+02	-1.1864584E-01	-4.9517930E-02
+1.4210001E+02	-1.2338362E-01	-3.6310483E-02
+1.4216000E+02	-1.2665415E-01	-2.2663672E-02
+1.4222000E+02	-1.2841846E-01	-8.7401802E-03
+1.4228000E+02	-1.2865567E-01	+5.2942229E-03
+1.4234000E+02	-1.2736303E-01	+1.9272460E-02
+1.4239999E+02	-1.2455602E-01	+3.3028260E-02
+1.4246001E+02	-1.2026814E-01	+4.6398081E-02
+1.4252000E+02	-1.1455053E-01	+5.9223071E-02
+1.4258000E+02	-1.0747117E-01	+7.1351074E-02
+1.4264000E+02	-9.9114329E-02	+8.2638167E-02
+1.4270000E+02	-8.9579217E-02	+9.2950597E-02
+1.4275999E+02	-7.8979053E-02	+1.0216627E-01
+1.4282001E+02	-6.7439675E-02	+1.1017615E-01
+1.4288000E+02	-5.5097781E-02	+1.1688557E-01
+1.4294000E+02	-4.2099584E-02	+1.2221538E-01
+1.4300000E+02	-2.8598946E-02	+1.2610278E-01
+1.4306000E+02	-1.4755518E-02	+1.2850212E-01
+1.4312000E+02	-7.3293364E-04	+1.2938534E-01
+1.4317999E+02	+1.3303187E-02	+1.2874231E-01
+1.4324001E+02	+2.7187288E-02	+1.2658100E-01
+1.4330000E+02	+4.0755615E-02	+1.2292719E-01
+1.4336000E+02	+5.3848423E-02	+1.1782431E-01
+1.4342000E+02	+6.6311531E-02	+1.1133283E-01
+1.4348000E+02	+7.7998400E-02	+1.0352949E-01
+1.4353999E+02	+8.8771768E-02	+9.4506443E-02
+1.4360001E+02	+9.8505199E-02	+8.4370092E-02
+1.4366000E+02	+1.0708456E-01	+7.3239841E-02
+1.4372000E+02	+1.1440946E-01	+6.1246686E-02
+1.4378000E+02	+1.2039426E-01	+4.8531614E-02
+1.4384000E+02	+1.2496917E-01	+3.5243988E-02
+1.4389999E+02	+1.2808093E-01	+2.1539731E-02
+1.4396001E+02	+1.2969355E-01	+7.5795329E-03
+1.4402000E+02	+1.2978859E-01	-6.4730798E-03
+1.4408000E+02	+1.2836538E-01	-2.0453634E-02
+1.4414000E+02	+1.2544106E-01	-3.4198653E-02
+1.4420000E+02	+1.2105026E-01	-4.7547556E-02
+1.4425999E+02	+1.1524472E-01	-6.0344540E-02
+1.4432001E+02	+1.0809268E-01	-7.2440378E-02
+1.4438000E+02	+9.9678002E-02	-8.3694175E-02
+1.4444000E+02	+9.0099201E-02	-9.3974970E-02
+1.4450000E+02	+7.9468302E-02	-1.0316326E-01
+1.4456000E+02	+6.7909427E-02	-1.1115241E-01
+1.4462000E+02	+5.5557422E-02	-1.1784978E-01
+1.4467999E+02	+4.2556264E-02	-1.2317790E-01
+1.4474001E+02	+2.9057268E-02	-1.2707524E-01
+1.4480000E+02	+1.5217507E-02	-1.2949699E-01
+1.4486000E+02	+1.1977151E-03	-1.3041550E-01
+1.4492000E+02	-1.2839166E-02	-1.2982057E-01
+1.4498000E+02	-2.6730547E-02	-1.2771957E-01
+1.4503999E+02	-4.0315241E-02	-1.2413738E-01
+1.4510001E+02	-5.3435996E-02	-1.1911593E-01
+1.4516000E+02	-6.5941133E-02	-1.1271379E-01
+1.4522000E+02	-7.7685982E-02	-1.0500550E-01
+1.4528000E+02	-8.8535011E-02	-9.6080586E-02
+1.4534000E+02	-9.8362997E-02	-8.6042628E-02
+1.4539999E+02	-1.0705676E-01	-7.5007901E-02
+1.4546001E+02	-1.1451623E-01	-6.3104041E-02
+1.4552000E+02	-1.2065564E-01	-5.0468780E-02
+1.4558000E+02	-1.2540455E-01	-3.7247967E-02
+1.4564000E+02	-1.2870863E-01	-2.3594208E-02
+1.4570000E+02	-1.3053015E-01	-9.6649127E-03
+1.4575999E+02	-1.3084854E-01	+4.3794280E-03
+1.4582001E+02	-1.2966052E-01	+1.8377164E-02
+1.4588000E+02	-1.2698010E-01	+3.2167301E-02
+1.4594000E+02	-1.2283845E-01	+4.5591339E-02
+1.4600000E+02	-1.1728350E-01	+5.8495145E-02
+1.4606000E+02	-1.1037936E-01	+7.0730560E-02
+1.4612000E+02	-1.0220555E-01	+8.2157344E-02
+1.4617999E+02	-9.2856161E-02	+9.2644565E-02
+1.4624001E+02	-8.2438566E-02	+1.0207210E-01
+1.4630000E+02	-7.1072385E-02	+1.1033218E-01
+1.4636000E+02	-5.8887955E-02	+1.1733036E-01
+1.4642000E+02	-4.6024915E-02	+1.2298667E-01
+1.4648000E+02	-3.2630600E-02	+1.2723666E-01
+1.4653999E+02	-1.8858317E-02	+1.3003190E-01
+1.4660001E+02	-4.8654634E-03	+1.3134064E-01
+1.4666000E+02	+9.1879545E-03	+1.3114807E-01
+1.4672000E+02	+2.3141397E-02	+1.2945662E-01
+1.4678000E+02	+3.6835689E-02	+1.2628573E-01
+1.4684000E+02	+5.0114501E-02	+1.2167170E-01
+1.4689999E+02	+6.2826470E-02	+1.1566731E-01
+1.4696001E+02	+7.4826740E-02	+1.0834105E-01
+1.4702000E+02	+8.5978553E-02	+9.9776529E-02
+1.4708000E+02	+9.6154951E-02	+9.0071328E-02
+1.4714000E+02	+1.0524014E-01	+7.9335965E-02
+1.4720000E+02	+1.1313076E-01	+6.7692660E-02
+1.4725999E+02	+1.1973705E-01	+5.5273827E-02
+1.4732001E+02	+1.2498391E-01	+4.2220678E-02
+1.4738000E+02	+1.2881172E-01	+2.8681546E-02
+1.4744000E+02	+1.3117693E-01	+1.4810218E-02
+1.4750000E+02	+1.3205265E-01	+7.6419138E-04
+1.4756000E+02	+1.3142884E-01	-1.3297114E-02
+1.4762000E+02	+1.2931252E-01	-2.7214160E-02
+1.4767999E+02	+1.2572759E-01	-4.0829092E-02
+1.4774001E+02	+1.2071451E-01	-5.3987600E-02
+1.4780000E+02	+1.1433003E-01	-6.6540420E-02
+1.4786000E+02	+1.0664631E-01	-7.8345321E-02
+1.4792000E+02	+9.7750127E-02	-8.9268640E-02
+1.4798000E+02	+8.7742075E-02	-9.9186517E-02
+1.4803999E+02	+7.6735280E-02	-1.0798661E-01
+1.4810001E+02	+6.4854026E-02	-1.1556922E-01
+1.4816000E+02	+5.2232504E-02	-1.2184844E-01
+1.4822000E+02	+3.9013281E-02	-1.2675302E-01
+1.4828000E+02	+2.5345534E-02	-1.3022733E-01
+1.4834000E+02	+1.1383685E-02	-1.3223182E-01
+1.4839999E+02	-2.7148502E-03	-1.3274358E-01
+1.4846001E+02	-1.6790954E-02	-1.3175648E-01
+1.4852000E+02	-3.0685710E-02	-1.2928134E-01
+1.4858000E+02	-4.4242397E-02	-1.2534574E-01
+1.4864000E+02	-5.7308052E-02	-1.1999367E-01
+1.4870000E+02	-6.9735304E-02	-1.1328510E-01
+1.4875999E+02	-8.1383936E-02	-1.0529526E-01
+1.4882001E+02	-9.2122503E-02	-9.6113831E-02
+1.4888000E+02	-1.0182986E-01	-8.5843839E-02
+1.4894000E+02	-1.1039639E-01	-7.4600577E-02
+1.4900000E+02	-1.1772536E-01	-6.2510349E-02
+1.4906000E+02	-1.2373394E-01	-4.9708851E-02
+1.4912000E+02	-1.2835410E-01	-3.6339913E-02
+1.4917999E+02	-1.3153349E-01	-2.2553634E-02
+1.4924001E+02	-1.3323587E-01	-8.5048582E-03
+1.4930000E+02	-1.3344166E-01	+5.6485985E-03
+1.4936000E+02	-1.3214803E-01	+1.9747782E-02
+1.4942000E+02	-1.2936898E-01	+3.3634335E-02
+1.4948000E+02	-1.2513521E-01	+4.7152244E-02
+1.4953999E+02	-1.1949375E-01	+6.0149595E-02
+1.4960001E+02	-1.1250739E-01	+7.2480462E-02
+1.4966000E+02	-1.0425403E-01	+8.4006146E-02
+1.4972000E+02	-9.4825797E-02	+9.4597138E-02
+1.4978000E+02	-8.4328018E-02	+1.0413432E-01
+1.4984000E+02	-7.2877936E-02	+1.1251043E-01
+1.4989999E+02	-6.0603470E-02	+1.1963119E-01
+1.4996001E+02	-4.7641974E-02	+1.2541625E-01
+1.5002000E+02	-3.4138326E-02	+1.2980039E-01
+1.5008000E+02	-2.0243503E-02	+1.3273402E-01
+1.5014000E+02	-6.1129881E-03	+1.3418372E-01
+1.5020000E+02	+8.0951387E-03	+1.3413273E-01
+1.5025999E+02	+2.2222040E-02	+1.3258107E-01
+1.5032001E+02	+3.6109515E-02	+1.2954557E-01
+1.5038000E+02	+4.9602207E-02	+1.2505962E-01
+1.5044000E+02	+6.2549107E-02	+1.1917286E-01
+1.5050000E+02	+7.4805342E-02	+1.1195055E-01
+1.5056000E+02	+8.6233541E-02	+1.0347307E-01
+1.5062000E+02	+9.6705869E-02	+9.3834579E-02
+1.5067999E+02	+1.0610498E-01	+8.3142400E-02
+1.5074001E+02	+1.1432554E-01	+7.1515538E-02
+1.5080000E+02	+1.2127538E-01	+5.9083518E-02
+1.5086000E+02	+1.2687653E-01	+4.5984834E-02
+1.5092000E+02	+1.3106604E-01	+3.2365441E-02
+1.5098000E+02	+1.3379674E-01	+1.8377114E-02
+1.5103999E+02	+1.3503771E-01	+4.1757566E-03
+1.5110001E+02	+1.3477467E-01	-1.0080347E-02
+1.5116000E+02	+1.3301015E-01	-2.4232293E-02
+1.5122000E+02	+1.2976336E-01	-3.8122330E-02
+1.5128000E+02	+1.2507008E-01	-5.1595632E-02
+1.5134000E+02	+1.1898222E-01	-6.4502008E-02
+1.5139999E+02	+1.1156724E-01	-7.6697595E-02
+1.5146001E+02	+1.0290733E-01	-8.8046484E-02
+1.5152000E+02	+9.3098633E-02	-9.8422103E-02
+1.5158000E+02	+8.2250014E-02	-1.0770884E-01
+1.5164000E+02	+7.0481934E-02	-1.1580317E-01
+1.5170000E+02	+5.7925113E-02	-1.2261484E-01
+1.5175999E+02	+4.4718981E-02	-1.2806790E-01
+1.5182001E+02	+3.1010248E-02	-1.3210146E-01
+1.5188000E+02	+1.6951129E-02	-1.3467056E-01
+1.5194000E+02	+2.6977598E-03	-1.3574642E-01
+1.5200000E+02	-1.1591580E-02	-1.3531692E-01
+1.5206000E+02	-2.5758306E-02	-1.3338667E-01
+1.5212000E+02	-3.9645154E-02	-1.2997693E-01
+1.5217999E+02	-5.3098015E-02	-1.2512544E-01
+1.5224001E+02	-6.5967627E-02	-1.1888590E-01
+1.5230000E+02	-7.8111321E-02	-1.1132745E-01
+1.5236000E+02	-8.9394443E-02	-1.0253381E-01
+1.5242000E+02	-9.9691883E-02	-9.2602417E-02
+1.5248000E+02	-1.0888968E-01	-8.1643298E-02
+1.5253999E+02	-1.1688592E-01	-6.9777809E-02
+1.5260001E+02	-1.2359216E-01	-5.7137385E-02
+1.5266000E+02	-1.2893420E-01	-4.3861933E-02
+1.5272000E+02	-1.3285308E-01	-3.0098421E-02
+1.5278000E+02	-1.3530558E-01	-1.5998993E-02
+1.5284000E+02	-1.3626476E-01	-1.7196393E-03
+1.5289999E+02	-1.3572016E-01	+1.2581827E-02
+1.5296001E+02	-1.3367805E-01	+2.6747392E-02
+1.5302000E+02	-1.3016121E-01	+4.0620614E-02
+1.5308000E+02	-1.2520872E-01	+5.4048453E-02
+1.5314000E+02	-1.1887555E-01	+6.6882722E-02
+1.5320000E+02	-1.1123185E-01	+7.8982040E-02
+1.5325999E+02	-1.0236216E-01	+9.0213113E-02
+1.5332001E+02	-9.2364661E-02	+1.0045239E-01
+1.5338000E+02	-8.1349730E-02	+1.0958728E-01
+1.5344000E+02	-6.9439031E-02	+1.1751752E-01
+1.5350000E+02	-5.6763969E-02	+1.2415615E-01
+1.5356000E+02	-4.3464385E-02	+1.2943050E-01
+1.5362000E+02	-2.9686671E-02	+1.3328308E-01
+1.5367999E+02	-1.5582546E-02	+1.3567194E-01
+1.5374001E+02	-1.3071878E-03	+1.3657148E-01
+1.5380000E+02	+1.2982471E-02	+1.3597235E-01
+1.5386000E+02	+2.7129469E-02	+1.3388176E-01
+1.5392000E+02	+4.0978618E-02	+1.3032335E-01
+1.5398000E+02	+5.4378029E-02	+1.2533678E-01
+1.5403999E+02	+6.7180961E-02	+1.1897741E-01
+1.5410001E+02	+7.9247348E-02	+1.1131565E-01
+1.5416000E+02	+9.0445310E-02	+1.0243611E-01
+1.5422000E+02	+1.0065261E-01	+9.2436701E-02
+1.5428000E+02	+1.0975804E-01	+8.1427462E-02
+1.5434000E+02	+1.1766257E-01	+6.9529466E-02
+1.5439999E+02	+1.2428042E-01	+5.6873333E-02
+1.5446001E+02	+1.2953995E-01	+4.3597892E-02
+1.5452000E+02	+1.3338450E-01	+2.9848579E-02
+1.5458000E+02	+1.3577290E-01	+1.5775871E-02
+1.5464000E+02	+1.3668005E-01	+1.5336089E-03
+1.5470000E+02	+1.3609691E-01	-1.2722682E-02
+1.5475999E+02	+1.3403088E-01	-2.6837500E-02
+1.5482001E+02	+1.3050541E-01	-4.0657062E-02
+1.5488000E+02	+1.2555988E-01	-5.4030981E-02
+1.5494000E+02	+1.1924917E-01	-6.6813909E-02
+1.5500000E+02	+1.1164289E-01	-7.8867130E-02
+1.5506000E+02	+1.0282469E-01	-9.0059981E-02
+1.5512000E+02	+9.2891350E-02	-1.0027138E-01
+1.5517999E+02	+8.1951626E-02	-1.0939106E-01
+1.5524001E+02	+7.0125096E-02	-1.1732074E-01
+1.5530000E+02	+5.7540819E-02	-1.2397519E-01
+1.5536000E+02	+4.4335894E-02	-1.2928317E-01
+1.5542000E+02	+3.0654093E-02	-1.3318808E-01
+1.5548000E+02	+1.6644003E-02	-1.3564870E-01
+1.5553999E+02	+2.4576951E-03	-1.3663943E-01
+1.5560001E+02	-1.1751034E-02	-1.3615070E-01
+1.5566000E+02	-2.5828412E-02	-1.3418894E-01
+1.5572000E+02	-3.9622225E-02	-1.3077646E-01
+1.5578000E+02	-5.2983604E-02	-1.2595132E-01
+1.5584000E+02	-6.5768383E-02	-1.1976679E-01
+1.5589999E+02	-7.7839106E-02	-1.1229070E-01
+1.5596001E+02	-8.9065827E-02	-1.0360474E-01
+1.5602000E+02	-9.9328257E-02	-9.3803585E-02
+1.5608000E+02	-1.0851635E-01	-8.2993805E-02
+1.5614000E+02	-1.1653197E-01	-7.1292646E-02
+1.5620000E+02	-1.2328965E-01	-5.8826935E-02
+1.5625999E+02	-1.2871763E-01	-4.5731399E-02
+1.5632001E+02	-1.3275847E-01	-3.2147460E-02
+1.5638000E+02	-1.3536979E-01	-1.8221630E-02
+1.5644000E+02	-1.3652460E-01	-4.1037933E-03
+1.5650000E+02	-1.3621160E-01	+1.0054143E-02
+1.5656000E+02	-1.3443521E-01	+2.4100164E-02
+1.5662000E+02	-1.3121560E-01	+3.7883520E-02
+1.5667999E+02	-1.2658833E-01	+5.1256593E-02
+1.5674001E+02	-1.2060401E-01	+6.4076290E-02
+1.5680000E+02	-1.1332777E-01	+7.6205552E-02
+1.5686000E+02	-1.0483841E-01	+8.7514967E-02
+1.5692000E+02	-9.5227703E-02	+9.7883992E-02
+1.5698000E+02	-8.4599212E-02	+1.0720230E-01
+1.5703999E+02	-7.3067233E-02	+1.1537091E-01
+1.5710001E+02	-6.0755786E-02	+1.2230321E-01
+1.5716000E+02	-4.7796823E-02	+1.2792592E-01
+1.5722000E+02	-3.4329172E-02	+1.3217977E-01
+1.5728000E+02	-2.0496950E-02	+1.3502015E-01
+1.5734000E+02	-6.4479415E-03	+1.3641760E-01
+1.5739999E+02	+7.6678349E-03	+1.3635799E-01
+1.5746001E+02	+2.1699835E-02	+1.3484278E-01
+1.5752000E+02	+3.5498586E-02	+1.3188887E-01
+1.5758000E+02	+4.8917171E-02	+1.2752846E-01
+1.5764000E+02	+6.1812911E-02	+1.2180866E-01
+1.5770000E+02	+7.4048795E-02	+1.1479103E-01
+1.5775999E+02	+8.5494891E-02	+1.0655077E-01
+1.5782001E+02	+9.6029811E-02	+9.7176075E-02
+1.5788000E+02	+1.0554194E-01	+8.6767055E-02
+1.5794000E+02	+1.1393055E-01	+7.5434759E-02
+1.5800000E+02	+1.2110694E-01	+6.3299894E-02
+1.5806000E+02	+1.2699531E-01	+5.0491601E-02
+1.5812000E+02	+1.3153352E-01	+3.7146084E-02
+1.5817999E+02	+1.3467385E-01	+2.3405122E-02
+1.5824001E+02	+1.3638334E-01	+9.4146058E-03
+1.5830000E+02	+1.3664421E-01	-4.6770209E-03
+1.5836000E+02	+1.3545400E-01	-1.8720333E-02
+1.5842000E+02	+1.3282563E-01	-3.2566488E-02
+1.5848000E+02	+1.2878717E-01	-4.6068802E-02
+1.5853999E+02	+1.2338164E-01	-5.9084300E-02
+1.5860001E+02	+1.1666643E-01	-7.1475200E-02
+1.5866000E+02	+1.0871278E-01	-8.3110362E-02
+1.5872000E+02	+9.9604949E-02	-9.3866691E-02
+1.5878000E+02	+8.9439377E-02	-1.0363041E-01
+1.5884000E+02	+7.8323655E-02	-1.1229824E-01
+1.5889999E+02	+6.6375367E-02	-1.1977850E-01
+1.5896001E+02	+5.3720798E-02	-1.2599204E-01
+1.5902000E+02	+4.0493723E-02	-1.3087310E-01
+1.5908000E+02	+2.6833944E-02	-1.3437001E-01
+1.5914000E+02	+1.2885822E-02	-1.3644561E-01
+1.5920000E+02	-1.2033579E-03	-1.3707784E-01
+1.5925999E+02	-1.5284683E-02	-1.3625981E-01
+1.5932001E+02	-2.9209444E-02	-1.3399990E-01
+1.5938000E+02	-4.2830557E-02	-1.3032171E-01
+1.5944000E+02	-5.6003992E-02	-1.2526378E-01
+1.5950000E+02	-6.8590671E-02	-1.1887918E-01
+1.5956000E+02	-8.0457404E-02	-1.1123502E-01
+1.5962000E+02	-9.1478825E-02	-1.0241158E-01
+1.5967999E+02	-1.0153830E-01	-9.2501707E-02
+1.5974001E+02	-1.1052931E-01	-8.1609681E-02
+1.5980000E+02	-1.1835659E-01	-6.9850102E-02
+1.5986000E+02	-1.2493714E-01	-5.7346784E-02
+1.5992000E+02	-1.3020107E-01	-4.4231363E-02
+1.5998000E+02	-1.3409224E-01	-3.0642068E-02
+1.6003999E+02	-1.3656910E-01	-1.6722059E-02
+1.6010001E+02	-1.3760488E-01	-2.6181089E-03
+1.6016000E+02	-1.3718806E-01	+1.1521039E-02
+1.6022000E+02	-1.3532233E-01	+2.5546212E-02
+1.6028000E+02	-1.3202673E-01	+3.9309405E-02
+1.6034000E+02	-1.2733540E-01	+5.2665219E-02
+1.6039999E+02	-1.2129708E-01	+6.5472573E-02
+1.6046001E+02	-1.1397485E-01	+7.7596053E-02
+1.6052000E+02	-1.0544536E-01	+8.8907391E-02
+1.6058000E+02	-9.5797904E-02	+9.9286817E-02
+1.6064000E+02	-8.5133769E-02	+1.0862432E-01
+1.6070000E+02	-7.3564962E-02	+1.1682086E-01
+1.6075999E+02	-6.1213050E-02	+1.2378927E-01
+1.6082001E+02	-4.8207909E-02	+1.2945543E-01
+1.6088000E+02	-3.4686521E-02	+1.3375883E-01
+1.6094000E+02	-2.0791236E-02	+1.3665330E-01
+1.6100000E+02	-6.6685411E-03	+1.3810752E-01
+1.6106000E+02	+7.5326585E-03	+1.3810545E-01
+1.6112000E+02	+2.1662444E-02	+1.3664626E-01
+1.6117999E+02	+3.5571761E-02	+1.3374460E-01
+1.6124001E+02	+4.9113609E-02	+1.2943034E-01
+1.6130000E+02	+6.2144838E-02	+1.2374829E-01
+1.6136000E+02	+7.4527621E-02	+1.1675774E-01
+1.6142000E+02	+8.6130925E-02	+1.0853178E-01
+1.6148000E+02	+9.6831866E-02	+9.9156708E-02
+1.6153999E+02	+1.0651699E-01	+8.8730901E-02
+1.6160001E+02	+1.1508362E-01	+7.7363960E-02
+1.6166000E+02	+1.2244075E-01	+6.5175466E-02
+1.6172000E+02	+1.2851016E-01	+5.2293766E-02
+1.6178000E+02	+1.3322720E-01	+3.8854562E-02
+1.6184000E+02	+1.3654152E-01	+2.4999566E-02
+1.6189999E+02	+1.3841754E-01	+1.0874899E-02
+1.6196001E+02	+1.3883495E-01	-3.3703663E-03
+1.6202000E+02	+1.3778879E-01	-1.7585842E-02
+1.6208000E+02	+1.3528962E-01	-3.1621393E-02
+1.6214000E+02	+1.3136341E-01	-4.5328733E-02
+1.6220000E+02	+1.2605120E-01	-5.8563024E-02
+1.6225999E+02	+1.1940873E-01	-7.1184374E-02
+1.6232001E+02	+1.1150582E-01	-8.3059333E-02
+1.6238000E+02	+1.0242567E-01	-9.4062373E-02
+1.6244000E+02	+9.2263974E-02	-1.0407714E-01
+1.6250000E+02	+8.1127882E-02	-1.1299772E-01
+1.6256000E+02	+6.9134846E-02	-1.2072979E-01
+1.6262000E+02	+5.6411374E-02	-1.2719165E-01
+1.6267999E+02	+4.3091822E-02	-1.3231494E-01
+1.6274001E+02	+2.9316830E-02	-1.3604556E-01
+1.6280000E+02	+1.5231708E-02	-1.3834420E-01
+1.6286000E+02	+9.8522753E-04	-1.3918662E-01
+1.6292000E+02	-1.3272220E-02	-1.3856407E-01
+1.6298000E+02	-2.7390284E-02	-1.3648328E-01
+1.6303999E+02	-4.1219875E-02	-1.3296646E-01
+1.6310001E+02	-5.4615259E-02	-1.2805101E-01
+1.6316000E+02	-6.7435153E-02	-1.2178910E-01
+1.6322000E+02	-7.9544507E-02	-1.1424717E-01
+1.6328000E+02	-9.0815954E-02	-1.0550511E-01
+1.6334000E+02	-1.0113082E-01	-9.5655605E-02
+1.6339999E+02	-1.1038083E-01	-8.4802873E-02
+1.6346001E+02	-1.1846896E-01	-7.3061764E-02
+1.6352000E+02	-1.2531053E-01	-6.0556449E-02
+1.6358000E+02	-1.3083416E-01	-4.7419019E-02
+1.6364000E+02	-1.3498247E-01	-3.3788238E-02
+1.6370000E+02	-1.3771257E-01	-1.9807927E-02
+1.6375999E+02	-1.3899672E-01	-5.6254445E-03
+1.6382001E+02	-1.3882241E-01	+8.6097885E-03
+1.6388000E+02	-1.3719261E-01	+2.2747951E-02
+1.6394000E+02	-1.3412556E-01	+3.6640573E-02
+1.6400000E+02	-1.2965482E-01	+5.0141651E-02
+1.6406000E+02	-1.2382853E-01	+6.3109756E-02
+1.6412000E+02	-1.1670921E-01	+7.5409092E-02
+1.6417999E+02	-1.0837290E-01	+8.6911239E-02
+1.6424001E+02	-9.8908350E-02	+9.7496197E-02
+1.6430000E+02	-8.8416077E-02	+1.0705394E-01
+1.6436000E+02	-7.7007316E-02	+1.1548536E-01
+1.6442000E+02	-6.4802647E-02	+1.2270338E-01
+1.6448000E+02	-5.1930942E-02	+1.2863386E-01
+1.6453999E+02	-3.8527917E-02	+1.3321625E-01
+1.6460001E+02	-2.4734512E-02	+1.3640434E-01
+1.6466000E+02	-1.0695564E-02	+1.3816665E-01
+1.6472000E+02	+3.4417792E-03	+1.3848673E-01
+1.6478000E+02	+1.7529614E-02	+1.3736324E-01
+1.6484000E+02	+3.1420786E-02	+1.3481008E-01
+1.6489999E+02	+4.4970695E-02	+1.3085599E-01
+1.6496001E+02	+5.8038350E-02	+1.2554444E-01
+1.6502000E+02	+7.0488386E-02	+1.1893295E-01
+1.6508000E+02	+8.2191922E-02	+1.1109248E-01
+1.6514000E+02	+9.3028396E-02	+1.0210675E-01
+1.6520000E+02	+1.0288646E-01	+9.2071205E-02
+1.6525999E+02	+1.1166525E-01	+8.1092022E-02
+1.6532001E+02	+1.1927542E-01	+6.9285013E-02
+1.6538000E+02	+1.2564002E-01	+5.6774225E-02
+1.6544000E+02	+1.3069524E-01	+4.3690778E-02
+1.6550000E+02	+1.3439102E-01	+3.0171506E-02
+1.6556000E+02	+1.3669161E-01	+1.6357312E-02
+1.6562000E+02	+1.3757586E-01	+2.3918278E-03
+1.6567999E+02	+1.3703731E-01	-1.1580127E-02
+1.6574001E+02	+1.3508426E-01	-2.5414050E-02
+1.6580000E+02	+1.3173969E-01	-3.8967263E-02
+1.6586000E+02	+1.2704085E-01	-5.2100368E-02
+1.6592000E+02	+1.2103892E-01	-6.4678714E-02
+1.6598000E+02	+1.1379842E-01	-7.6573737E-02
+1.6603999E+02	+1.0539640E-01	-8.7664299E-02
+1.6610001E+02	+9.5921688E-02	-9.7837865E-02
+1.6616000E+02	+8.5473895E-02	-1.0699169E-01
+1.6622000E+02	+7.4162357E-02	-1.1503378E-01
+1.6628000E+02	+6.2104993E-02	-1.2188385E-01
+1.6634000E+02	+4.9426977E-02	-1.2747405E-01
+1.6639999E+02	+3.6259588E-02	-1.3174969E-01
+1.6646001E+02	+2.2738572E-02	-1.3466963E-01
+1.6652000E+02	+9.0030655E-03	-1.3620675E-01
+1.6658000E+02	-4.8060548E-03	-1.3634813E-01
+1.6664000E+02	-1.8547701E-02	-1.3509513E-01
+1.6670000E+02	-3.2081608E-02	-1.3246335E-01
+1.6675999E+02	-4.5270238E-02	-1.2848233E-01
+1.6682001E+02	-5.7979900E-02	-1.2319525E-01
+1.6688000E+02	-7.0082128E-02	-1.1665851E-01
+1.6694000E+02	-8.1454977E-02	-1.0894101E-01
+1.6700000E+02	-9.1984250E-02	-1.0012336E-01
+1.6706000E+02	-1.0156450E-01	-9.0297200E-02
+1.6712000E+02	-1.1010035E-01	-7.9564035E-02
+1.6717999E+02	-1.1750710E-01	-6.8034373E-02
+1.6724001E+02	-1.2371165E-01	-5.5826366E-02
+1.6730000E+02	-1.2865330E-01	-4.3064736E-02
+1.6736000E+02	-1.3228415E-01	-2.9879585E-02
+1.6742000E+02	-1.3456962E-01	-1.6404824E-02
+1.6748000E+02	-1.3548876E-01	-2.7769525E-03
+1.6753999E+02	-1.3503437E-01	+1.0866133E-02
+1.6760001E+02	-1.3321307E-01	+2.4386883E-02
+1.6766000E+02	-1.3004513E-01	+3.7649196E-02
+1.6772000E+02	-1.2556428E-01	+5.0519813E-02
+1.6778000E+02	-1.1981737E-01	+6.2869720E-02
+1.6784000E+02	-1.1286376E-01	+7.4575268E-02
+1.6789999E+02	-1.0477475E-01	+8.5519567E-02
+1.6796001E+02	-9.5632888E-02	+9.5593475E-02
+1.6802000E+02	-8.5531019E-02	+1.0469674E-01
+1.6808000E+02	-7.4571595E-02	+1.1273888E-01
+1.6814000E+02	-6.2865235E-02	+1.1964018E-01
+1.6820000E+02	-5.0529867E-02	+1.2533242E-01
+1.6825999E+02	-3.7689708E-02	+1.2975933E-01
+1.6832001E+02	-2.4473820E-02	+1.3287744E-01
+1.6838000E+02	-1.1014606E-02	+1.3465627E-01
+1.6844000E+02	+2.5529815E-03	+1.3507868E-01
+1.6850000E+02	+1.6093077E-02	+1.3414101E-01
+1.6856000E+02	+2.9470181E-02	+1.3185307E-01
+1.6862000E+02	+4.2550545E-02	+1.2823808E-01
+1.6867999E+02	+5.5203274E-02	+1.2333246E-01
+1.6874001E+02	+6.7301981E-02	+1.1718530E-01
+1.6880000E+02	+7.8725576E-02	+1.0985811E-01
+1.6886000E+02	+8.9359805E-02	+1.0142400E-01
+1.6892000E+02	+9.9098220E-02	+9.1967106E-02
+1.6898000E+02	+1.0784314E-01	+8.1581697E-02
+1.6903999E+02	+1.1550679E-01	+7.0371300E-02
+1.6910001E+02	+1.2201204E-01	+5.8447599E-02
+1.6916000E+02	+1.2729320E-01	+4.5929488E-02
+1.6922000E+02	+1.3129669E-01	+3.2941800E-02
+1.6928000E+02	+1.3398153E-01	+1.9614119E-02
+1.6934000E+02	+1.3531980E-01	+6.0795499E-03
+1.6939999E+02	+1.3529693E-01	-7.5266263E-03
+1.6946001E+02	+1.3391180E-01	-2.1068254E-02
+1.6952000E+02	+1.3117689E-01	-3.4409638E-02
+1.6958000E+02	+1.2711805E-01	-4.7416881E-02
+1.6964000E+02	+1.2177433E-01	-5.9959196E-02
+1.6970000E+02	+1.1519772E-01	-7.1910210E-02
+1.6975999E+02	+1.0745247E-01	-8.3149232E-02
+1.6982001E+02	+9.8614685E-02	-9.3562394E-02
+1.6988000E+02	+8.8771433E-02	-1.0304390E-01
+1.6994000E+02	+7.8020081E-02	-1.1149696E-01
+1.7000000E+02	+6.6467233E-02	-1.1883491E-01
