+1.1000000E+02	-1.9045558E-02	+5.8120489E-02
+1.1006000E+02	-1.8435223E-02	+5.8204550E-02
+1.1012000E+02	-1.7823245E-02	+5.8282182E-02
+1.1018000E+02	-1.7209671E-02	+5.8353133E-02
+1.1024000E+02	-1.6594512E-02	+5.8417145E-02
+1.1030000E+02	-1.5977889E-02	+5.8473960E-02
+1.1036000E+02	-1.5359906E-02	+5.8523323E-02
+1.1042000E+02	-1.4740711E-02	+5.8565006E-02
+1.1048000E+02	-1.4120519E-02	+5.8598775E-02
+1.1054000E+02	-1.3499544E-02	+5.8624443E-02
+1.1060000E+02	-1.2878052E-02	+5.8641829E-02
+1.1066000E+02	-1.2256308E-02	+5.8650780E-02
+1.1072000E+02	-1.1634640E-02	+5.8651194E-02
+1.1078000E+02	-1.1013330E-02	+5.8642987E-02
+1.1084000E+02	-1.0392707E-02	+5.8626112E-02
+1.1090000E+02	-9.7731315E-03	+5.8600564E-02
+1.1096000E+02	-9.1549139E-03	+5.8566369E-02
+1.1102000E+02	-8.5383635E-03	+5.8523595E-02
+1.1108000E+02	-7.9238033E-03	+5.8472320E-02
+1.1114000E+02	-7.3115560E-03	+5.8412705E-02
+1.1120000E+02	-6.7018834E-03	+5.8344897E-02
+1.1126000E+02	-6.0950541E-03	+5.8269069E-02
+1.1132000E+02	-5.4913061E-03	+5.8185447E-02
+1.1138000E+02	-4.8908670E-03	+5.8094252E-02
+1.1144000E+02	-4.2938753E-03	+5.7995737E-02
+1.1150000E+02	-3.7005290E-03	+5.7890158E-02
+1.1156000E+02	-3.1109198E-03	+5.7777788E-02
+1.1162000E+02	-2.5251447E-03	+5.7658877E-02
+1.1168000E+02	-1.9432361E-03	+5.7533707E-02
+1.1174000E+02	-1.3652459E-03	+5.7402525E-02
+1.1180000E+02	-7.9116161E-04	+5.7265591E-02
+1.1186000E+02	-2.2093704E-04	+5.7123136E-02
+1.1192000E+02	+3.4548086E-04	+5.6975376E-02
+1.1198000E+02	+9.0815086E-04	+5.6822523E-02
+1.1204000E+02	+1.4672040E-03	+5.6664750E-02
+1.1210000E+02	+2.0227339E-03	+5.6502208E-02
+1.1216000E+02	+2.5748904E-03	+5.6335025E-02
+1.1222000E+02	+3.1237702E-03	+5.6163300E-02
+1.1228000E+02	+3.6695364E-03	+5.5987108E-02
+1.1234000E+02	+4.2122980E-03	+5.5806495E-02
+1.1240000E+02	+4.7522271E-03	+5.5621486E-02
+1.1246000E+02	+5.2894126E-03	+5.5432081E-02
+1.1252000E+02	+5.8239913E-03	+5.5238236E-02
+1.1258000E+02	+6.3560689E-03	+5.5039924E-02
+1.1264000E+02	+6.8857051E-03	+5.4837052E-02
+1.1270000E+02	+7.4129920E-03	+5.4629546E-02
+1.1276000E+02	+7.9379650E-03	+5.4417312E-02
+1.1282000E+02	+8.4606363E-03	+5.4200239E-02
+1.1288000E+02	+8.9810137E-03	+5.3978220E-02
+1.1294000E+02	+9.4990963E-03	+5.3751130E-02
+1.1300000E+02	+1.0014801E-02	+5.3518847E-02
+1.1306000E+02	+1.0528091E-02	+5.3281266E-02
+1.1312000E+02	+1.1038848E-02	+5.3038277E-02
+1.1318000E+02	+1.1546986E-02	+5.2789781E-02
+1.1324000E+02	+1.2052367E-02	+5.2535694E-02
+1.1330000E+02	+1.2554825E-02	+5.2275941E-02
+1.1336000E+02	+1.3054222E-02	+5.2010477E-02
+1.1342000E+02	+1.3550362E-02	+5.1739261E-02
+1.1348000E+02	+1.4043084E-02	+5.1462281E-02
+1.1354000E+02	+1.4532193E-02	+5.1179543E-02
+1.1360000E+02	+1.5017487E-02	+5.0891064E-02
+1.1366000E+02	+1.5498785E-02	+5.0596911E-02
+1.1372000E+02	+1.5975880E-02	+5.0297145E-02
+1.1378000E+02	+1.6448615E-02	+4.9991857E-02
+1.1384000E+02	+1.6916784E-02	+4.9681164E-02
+1.1390000E+02	+1.7380256E-02	+4.9365181E-02
+1.1396000E+02	+1.7838854E-02	+4.9044069E-02
+1.1402000E+02	+1.8292453E-02	+4.8717987E-02
+1.1408000E+02	+1.8740928E-02	+4.8387088E-02
+1.1414000E+02	+1.9184187E-02	+4.8051566E-02
+1.1420000E+02	+1.9622147E-02	+4.7711607E-02
+1.1426000E+02	+2.0054726E-02	+4.7367409E-02
+1.1432000E+02	+2.0481894E-02	+4.7019150E-02
+1.1438000E+02	+2.0903638E-02	+4.6667032E-02
+1.1444000E+02	+2.1319935E-02	+4.6311248E-02
+1.1450000E+02	+2.1730809E-02	+4.5951974E-02
+1.1456000E+02	+2.2136291E-02	+4.5589376E-02
+1.1462000E+02	+2.2536440E-02	+4.5223631E-02
+1.1468000E+02	+2.2931291E-02	+4.4854883E-02
+1.1474000E+02	+2.3320923E-02	+4.4483278E-02
+1.1480000E+02	+2.3705428E-02	+4.4108924E-02
+1.1486000E+02	+2.4084885E-02	+4.3731932E-02
+1.1492000E+02	+2.4459381E-02	+4.3352399E-02
+1.1498000E+02	+2.4829043E-02	+4.2970374E-02
+1.1504000E+02	+2.5193932E-02	+4.2585935E-02
+1.1510000E+02	+2.5554148E-02	+4.2199120E-02
+1.1516000E+02	+2.5909813E-02	+4.1809924E-02
+1.1522000E+02	+2.6260933E-02	+4.1418415E-02
+1.1528000E+02	+2.6607692E-02	+4.1024502E-02
+1.1534000E+02	+2.6950072E-02	+4.0628232E-02
+1.1540000E+02	+2.7288133E-02	+4.0229570E-02
+1.1546000E+02	+2.7621971E-02	+3.9828438E-02
+1.1552000E+02	+2.7951526E-02	+3.9424859E-02
+1.1558000E+02	+2.8276894E-02	+3.9018717E-02
+1.1564000E+02	+2.8598022E-02	+3.8610004E-02
+1.1570000E+02	+2.8914897E-02	+3.8198665E-02
+1.1576000E+02	+2.9227519E-02	+3.7784629E-02
+1.1582000E+02	+2.9535798E-02	+3.7367888E-02
+1.1588000E+02	+2.9839717E-02	+3.6948368E-02
+1.1594000E+02	+3.0139158E-02	+3.6526080E-02
+1.1600000E+02	+3.0434072E-02	+3.6100980E-02
+1.1606000E+02	+3.0724362E-02	+3.5673052E-02
+1.1612000E+02	+3.1009933E-02	+3.5242312E-02
+1.1618000E+02	+3.1290691E-02	+3.4808751E-02
+1.1624000E+02	+3.1566486E-02	+3.4372441E-02
+1.1630000E+02	+3.1837255E-02	+3.3933382E-02
+1.1636000E+02	+3.2102883E-02	+3.3491641E-02
+1.1642000E+02	+3.2363240E-02	+3.3047300E-02
+1.1648000E+02	+3.2618228E-02	+3.2600444E-02
+1.1654000E+02	+3.2867756E-02	+3.2151148E-02
+1.1660000E+02	+3.3111721E-02	+3.1699542E-02
+1.1666000E+02	+3.3350062E-02	+3.1245720E-02
+1.1672000E+02	+3.3582695E-02	+3.0789813E-02
+1.1678000E+02	+3.3809558E-02	+3.0331967E-02
+1.1684000E+02	+3.4030594E-02	+2.9872324E-02
+1.1690000E+02	+3.4245785E-02	+2.9411016E-02
+1.1696000E+02	+3.4455091E-02	+2.8948197E-02
+1.1702000E+02	+3.4658518E-02	+2.8484020E-02
+1.1708000E+02	+3.4856047E-02	+2.8018620E-02
+1.1714000E+02	+3.5047702E-02	+2.7552160E-02
+1.1720000E+02	+3.5233524E-02	+2.7084766E-02
+1.1726000E+02	+3.5413530E-02	+2.6616577E-02
+1.1732000E+02	+3.5587788E-02	+2.6147725E-02
+1.1738000E+02	+3.5756342E-02	+2.5678329E-02
+1.1744000E+02	+3.5919271E-02	+2.5208499E-02
+1.1750000E+02	+3.6076635E-02	+2.4738342E-02
+1.1756000E+02	+3.6228526E-02	+2.4267938E-02
+1.1762000E+02	+3.6375016E-02	+2.3797370E-02
+1.1768000E+02	+3.6516201E-02	+2.3326706E-02
+1.1774000E+02	+3.6652151E-02	+2.2856008E-02
+1.1780000E+02	+3.6782965E-02	+2.2385309E-02
+1.1786000E+02	+3.6908712E-02	+2.1914650E-02
+1.1792000E+02	+3.7029475E-02	+2.1444051E-02
+1.1798000E+02	+3.7145328E-02	+2.0973528E-02
+1.1804000E+02	+3.7256334E-02	+2.0503087E-02
+1.1810000E+02	+3.7362546E-02	+2.0032728E-02
+1.1816000E+02	+3.7464026E-02	+1.9562444E-02
+1.1822000E+02	+3.7560798E-02	+1.9092217E-02
+1.1828000E+02	+3.7652913E-02	+1.8622037E-02
+1.1834000E+02	+3.7740376E-02	+1.8151879E-02
+1.1840000E+02	+3.7823215E-02	+1.7681733E-02
+1.1846000E+02	+3.7901416E-02	+1.7211579E-02
+1.1852000E+02	+3.7974987E-02	+1.6741399E-02
+1.1858000E+02	+3.8043909E-02	+1.6271181E-02
+1.1864000E+02	+3.8108155E-02	+1.5800919E-02
+1.1870000E+02	+3.8167700E-02	+1.5330615E-02
+1.1876000E+02	+3.8222503E-02	+1.4860269E-02
+1.1882000E+02	+3.8272522E-02	+1.4389898E-02
+1.1888000E+02	+3.8317718E-02	+1.3919516E-02
+1.1894000E+02	+3.8358044E-02	+1.3449160E-02
+1.1900000E+02	+3.8393438E-02	+1.2978866E-02
+1.1906000E+02	+3.8423862E-02	+1.2508678E-02
+1.1912000E+02	+3.8449261E-02	+1.2038655E-02
+1.1918000E+02	+3.8469594E-02	+1.1568863E-02
+1.1924000E+02	+3.8484812E-02	+1.1099370E-02
+1.1930000E+02	+3.8494878E-02	+1.0630261E-02
+1.1936000E+02	+3.8499765E-02	+1.0161621E-02
+1.1942000E+02	+3.8499445E-02	+9.6935472E-03
+1.1948000E+02	+3.8493890E-02	+9.2261313E-03
+1.1954000E+02	+3.8483109E-02	+8.7594809E-03
+1.1960000E+02	+3.8467083E-02	+8.2937004E-03
+1.1966000E+02	+3.8445823E-02	+7.8288969E-03
+1.1972000E+02	+3.8419347E-02	+7.3651779E-03
+1.1978000E+02	+3.8387679E-02	+6.9026514E-03
+1.1984000E+02	+3.8350850E-02	+6.4414209E-03
+1.1990000E+02	+3.8308900E-02	+5.9815901E-03
+1.1996000E+02	+3.8261883E-02	+5.5232598E-03
+1.2002000E+02	+3.8209848E-02	+5.0665205E-03
+1.2008000E+02	+3.8152866E-02	+4.6114624E-03
+1.2014000E+02	+3.8090996E-02	+4.1581667E-03
+1.2020000E+02	+3.8024325E-02	+3.7067086E-03
+1.2026000E+02	+3.7952907E-02	+3.2571545E-03
+1.2032000E+02	+3.7876844E-02	+2.8095644E-03
+1.2038000E+02	+3.7796199E-02	+2.3639894E-03
+1.2044000E+02	+3.7711065E-02	+1.9204726E-03
+1.2050000E+02	+3.7621520E-02	+1.4790496E-03
+1.2056000E+02	+3.7527639E-02	+1.0397477E-03
+1.2062000E+02	+3.7429508E-02	+6.0258771E-04
+1.2068000E+02	+3.7327185E-02	+1.6758300E-04
+1.2074000E+02	+3.7220754E-02	-2.6525889E-04
+1.2080000E+02	+3.7110265E-02	-6.9593580E-04
+1.2086000E+02	+3.6995783E-02	-1.1244502E-03
+1.2092000E+02	+3.6877364E-02	-1.5508082E-03
+1.2098000E+02	+3.6755051E-02	-1.9750188E-03
+1.2104000E+02	+3.6628876E-02	-2.3970921E-03
+1.2110000E+02	+3.6498874E-02	-2.8170403E-03
+1.2116000E+02	+3.6365081E-02	-3.2348742E-03
+1.2122000E+02	+3.6227506E-02	-3.6506040E-03
+1.2128000E+02	+3.6086168E-02	-4.0642386E-03
+1.2134000E+02	+3.5941064E-02	-4.4757822E-03
+1.2140000E+02	+3.5792209E-02	-4.8852381E-03
+1.2146000E+02	+3.5639588E-02	-5.2926019E-03
+1.2152000E+02	+3.5483215E-02	-5.6978678E-03
+1.2158000E+02	+3.5323061E-02	-6.1010229E-03
+1.2164000E+02	+3.5159122E-02	-6.5020481E-03
+1.2170000E+02	+3.4991391E-02	-6.9009205E-03
+1.2176000E+02	+3.4819849E-02	-7.2976095E-03
+1.2182000E+02	+3.4644485E-02	-7.6920791E-03
+1.2188000E+02	+3.4465291E-02	-8.0842869E-03
+1.2194000E+02	+3.4282256E-02	-8.4741879E-03
+1.2200000E+02	+3.4095373E-02	-8.8617271E-03
+1.2206000E+02	+3.3904649E-02	-9.2468504E-03
+1.2212000E+02	+3.3710074E-02	-9.6294945E-03
+1.2218000E+02	+3.3511661E-02	-1.0009592E-02
+1.2224000E+02	+3.3309419E-02	-1.0387082E-02
+1.2230000E+02	+3.3103377E-02	-1.0761891E-02
+1.2236000E+02	+3.2893546E-02	-1.1133949E-02
+1.2242000E+02	+3.2679968E-02	-1.1503187E-02
+1.2248000E+02	+3.2462664E-02	-1.1869532E-02
+1.2254000E+02	+3.2241691E-02	-1.2232915E-02
+1.2260000E+02	+3.2017086E-02	-1.2593271E-02
+1.2266000E+02	+3.1788908E-02	-1.2950533E-02
+1.2272000E+02	+3.1557214E-02	-1.3304641E-02
+1.2278000E+02	+3.1322062E-02	-1.3655539E-02
+1.2284000E+02	+3.1083526E-02	-1.4003171E-02
+1.2290000E+02	+3.0841669E-02	-1.4347490E-02
+1.2296000E+02	+3.0596562E-02	-1.4688458E-02
+1.2302000E+02	+3.0348284E-02	-1.5026032E-02
+1.2308000E+02	+3.0096907E-02	-1.5360186E-02
+1.2314000E+02	+2.9842507E-02	-1.5690891E-02
+1.2320000E+02	+2.9585160E-02	-1.6018130E-02
+1.2326000E+02	+2.9324936E-02	-1.6341886E-02
+1.2332000E+02	+2.9061910E-02	-1.6662151E-02
+1.2338000E+02	+2.8796148E-02	-1.6978923E-02
+1.2344000E+02	+2.8527720E-02	-1.7292196E-02
+1.2350000E+02	+2.8256686E-02	-1.7601980E-02
+1.2356000E+02	+2.7983110E-02	-1.7908279E-02
+1.2362000E+02	+2.7707046E-02	-1.8211106E-02
+1.2368000E+02	+2.7428534E-02	-1.8510472E-02
+1.2374000E+02	+2.7147632E-02	-1.8806390E-02
+1.2380000E+02	+2.6864376E-02	-1.9098876E-02
+1.2386000E+02	+2.6578801E-02	-1.9387944E-02
+1.2392000E+02	+2.6290938E-02	-1.9673606E-02
+1.2398000E+02	+2.6000822E-02	-1.9955881E-02
+1.2404000E+02	+2.5708463E-02	-2.0234773E-02
+1.2410000E+02	+2.5413889E-02	-2.0510292E-02
+1.2416000E+02	+2.5117116E-02	-2.0782448E-02
+1.2422000E+02	+2.4818152E-02	-2.1051239E-02
+1.2428000E+02	+2.4517015E-02	-2.1316662E-02
+1.2434000E+02	+2.4213707E-02	-2.1578724E-02
+1.2440000E+02	+2.3908248E-02	-2.1837400E-02
+1.2446000E+02	+2.3600634E-02	-2.2092693E-02
+1.2452000E+02	+2.3290884E-02	-2.2344572E-02
+1.2458000E+02	+2.2978993E-02	-2.2593029E-02
+1.2464000E+02	+2.2664985E-02	-2.2838030E-02
+1.2470000E+02	+2.2348870E-02	-2.3079548E-02
+1.2476000E+02	+2.2030655E-02	-2.3317555E-02
+1.2482000E+02	+2.1710370E-02	-2.3552017E-02
+1.2488000E+02	+2.1388026E-02	-2.3782900E-02
+1.2494000E+02	+2.1063657E-02	-2.4010161E-02
+1.2500000E+02	+2.0737290E-02	-2.4233766E-02
+1.2506000E+02	+2.0408949E-02	-2.4453668E-02
+1.2512000E+02	+2.0078685E-02	-2.4669832E-02
+1.2518000E+02	+1.9746521E-02	-2.4882216E-02
+1.2524000E+02	+1.9412527E-02	-2.5090786E-02
+1.2530000E+02	+1.9076731E-02	-2.5295500E-02
+1.2536000E+02	+1.8739196E-02	-2.5496325E-02
+1.2542000E+02	+1.8399971E-02	-2.5693227E-02
+1.2548000E+02	+1.8059127E-02	-2.5886180E-02
+1.2554000E+02	+1.7716711E-02	-2.6075153E-02
+1.2560000E+02	+1.7372800E-02	-2.6260126E-02
+1.2566000E+02	+1.7027453E-02	-2.6441084E-02
+1.2572000E+02	+1.6680744E-02	-2.6618009E-02
+1.2578000E+02	+1.6332725E-02	-2.6790895E-02
+1.2584000E+02	+1.5983474E-02	-2.6959728E-02
+1.2590000E+02	+1.5633060E-02	-2.7124511E-02
+1.2596000E+02	+1.5281546E-02	-2.7285246E-02
+1.2602000E+02	+1.4928988E-02	-2.7441937E-02
+1.2608000E+02	+1.4575461E-02	-2.7594598E-02
+1.2614000E+02	+1.4221021E-02	-2.7743237E-02
+1.2620000E+02	+1.3865730E-02	-2.7887870E-02
+1.2626000E+02	+1.3509633E-02	-2.8028516E-02
+1.2632000E+02	+1.3152787E-02	-2.8165201E-02
+1.2638000E+02	+1.2795233E-02	-2.8297937E-02
+1.2644000E+02	+1.2437025E-02	-2.8426750E-02
+1.2650000E+02	+1.2078199E-02	-2.8551662E-02
+1.2656000E+02	+1.1718793E-02	-2.8672701E-02
+1.2662000E+02	+1.1358830E-02	-2.8789885E-02
+1.2668000E+02	+1.0998364E-02	-2.8903237E-02
+1.2674000E+02	+1.0637402E-02	-2.9012777E-02
+1.2680000E+02	+1.0275974E-02	-2.9118527E-02
+1.2686000E+02	+9.9141123E-03	-2.9220499E-02
+1.2692000E+02	+9.5518222E-03	-2.9318713E-02
+1.2698000E+02	+9.1891345E-03	-2.9413173E-02
+1.2704000E+02	+8.8260584E-03	-2.9503895E-02
+1.2710000E+02	+8.4626134E-03	-2.9590882E-02
+1.2716000E+02	+8.0988212E-03	-2.9674143E-02
+1.2722000E+02	+7.7346936E-03	-2.9753668E-02
+1.2728000E+02	+7.3702377E-03	-2.9829465E-02
+1.2734000E+02	+7.0054904E-03	-2.9901525E-02
+1.2740000E+02	+6.6404617E-03	-2.9969841E-02
+1.2746000E+02	+6.2751756E-03	-3.0034404E-02
+1.2752000E+02	+5.9096580E-03	-3.0095207E-02
+1.2758000E+02	+5.5439333E-03	-3.0152230E-02
+1.2764000E+02	+5.1780269E-03	-3.0205462E-02
+1.2770000E+02	+4.8119663E-03	-3.0254891E-02
+1.2776000E+02	+4.4457940E-03	-3.0300504E-02
+1.2782000E+02	+4.0795649E-03	-3.0342283E-02
+1.2788000E+02	+3.7132809E-03	-3.0380212E-02
+1.2794000E+02	+3.3470150E-03	-3.0414283E-02
+1.2800000E+02	+2.9807987E-03	-3.0444482E-02
+1.2806000E+02	+2.6146779E-03	-3.0470805E-02
+1.2812000E+02	+2.2486995E-03	-3.0493241E-02
+1.2817999E+02	+1.8829409E-03	-3.0511782E-02
+1.2824001E+02	+1.5174352E-03	-3.0526429E-02
+1.2830000E+02	+1.1522312E-03	-3.0537188E-02
+1.2836000E+02	+7.8740763E-04	-3.0544052E-02
+1.2842000E+02	+4.2301341E-04	-3.0547038E-02
+1.2848000E+02	+5.9097816E-05	-3.0546151E-02
+1.2853999E+02	-3.0428986E-04	-3.0541411E-02
+1.2860001E+02	-6.6708616E-04	-3.0532822E-02
+1.2866000E+02	-1.0292424E-03	-3.0520415E-02
+1.2872000E+02	-1.3906672E-03	-3.0504214E-02
+1.2878000E+02	-1.7513855E-03	-3.0484233E-02
+1.2884000E+02	-2.1112927E-03	-3.0460512E-02
+1.2889999E+02	-2.4703576E-03	-3.0433072E-02
+1.2896001E+02	-2.8285203E-03	-3.0401951E-02
+1.2902000E+02	-3.1857952E-03	-3.0367171E-02
+1.2908000E+02	-3.5420808E-03	-3.0328779E-02
+1.2914000E+02	-3.8973785E-03	-3.0286800E-02
+1.2920000E+02	-4.2516617E-03	-3.0241266E-02
+1.2925999E+02	-4.6048900E-03	-3.0192215E-02
+1.2932001E+02	-4.9570380E-03	-3.0139683E-02
+1.2938000E+02	-5.3080670E-03	-3.0083699E-02
+1.2944000E+02	-5.6579961E-03	-3.0024290E-02
+1.2950000E+02	-6.0067736E-03	-2.9961491E-02
+1.2956000E+02	-6.3544041E-03	-2.9895321E-02
+1.2962000E+02	-6.7008659E-03	-2.9825808E-02
+1.2967999E+02	-7.0461496E-03	-2.9752977E-02
+1.2974001E+02	-7.3902332E-03	-2.9676849E-02
+1.2980000E+02	-7.7331201E-03	-2.9597433E-02
+1.2986000E+02	-8.0747884E-03	-2.9514749E-02
+1.2992000E+02	-8.4152147E-03	-2.9428814E-02
+1.2998000E+02	-8.7544145E-03	-2.9339628E-02
+1.3003999E+02	-9.0923635E-03	-2.9247200E-02
+1.3010001E+02	-9.4290217E-03	-2.9151548E-02
+1.3016000E+02	-9.7644180E-03	-2.9052656E-02
+1.3022000E+02	-1.0098495E-02	-2.8950544E-02
+1.3028000E+02	-1.0431251E-02	-2.8845204E-02
+1.3034000E+02	-1.0762660E-02	-2.8736638E-02
+1.3039999E+02	-1.1092686E-02	-2.8624846E-02
+1.3046001E+02	-1.1421313E-02	-2.8509829E-02
+1.3052000E+02	-1.1748508E-02	-2.8391585E-02
+1.3058000E+02	-1.2074237E-02	-2.8270114E-02
+1.3064000E+02	-1.2398466E-02	-2.8145421E-02
+1.3070000E+02	-1.2721145E-02	-2.8017508E-02
+1.3075999E+02	-1.3042253E-02	-2.7886378E-02
+1.3082001E+02	-1.3361743E-02	-2.7752034E-02
+1.3088000E+02	-1.3679562E-02	-2.7614495E-02
+1.3094000E+02	-1.3995665E-02	-2.7473768E-02
+1.3100000E+02	-1.4310028E-02	-2.7329862E-02
+1.3106000E+02	-1.4622579E-02	-2.7182806E-02
+1.3112000E+02	-1.4933294E-02	-2.7032603E-02
+1.3117999E+02	-1.5242101E-02	-2.6879294E-02
+1.3124001E+02	-1.5548984E-02	-2.6722889E-02
+1.3130000E+02	-1.5853882E-02	-2.6563423E-02
+1.3136000E+02	-1.6156740E-02	-2.6400937E-02
+1.3142000E+02	-1.6457548E-02	-2.6235444E-02
+1.3148000E+02	-1.6756237E-02	-2.6067000E-02
+1.3153999E+02	-1.7052781E-02	-2.5895633E-02
+1.3160001E+02	-1.7347135E-02	-2.5721401E-02
+1.3166000E+02	-1.7639287E-02	-2.5544314E-02
+1.3172000E+02	-1.7929183E-02	-2.5364440E-02
+1.3178000E+02	-1.8216813E-02	-2.5181809E-02
+1.3184000E+02	-1.8502139E-02	-2.4996474E-02
+1.3189999E+02	-1.8785156E-02	-2.4808472E-02
+1.3196001E+02	-1.9065831E-02	-2.4617862E-02
+1.3202000E+02	-1.9344168E-02	-2.4424663E-02
+1.3208000E+02	-1.9620135E-02	-2.4228934E-02
+1.3214000E+02	-1.9893723E-02	-2.4030715E-02
+1.3220000E+02	-2.0164933E-02	-2.3830039E-02
+1.3225999E+02	-2.0433741E-02	-2.3626950E-02
+1.3232001E+02	-2.0700164E-02	-2.3421481E-02
+1.3238000E+02	-2.0964194E-02	-2.3213664E-02
+1.3244000E+02	-2.1225829E-02	-2.3003528E-02
+1.3250000E+02	-2.1485064E-02	-2.2791103E-02
+1.3256000E+02	-2.1741886E-02	-2.2576418E-02
+1.3262000E+02	-2.1996327E-02	-2.2359487E-02
+1.3267999E+02	-2.2248346E-02	-2.2140348E-02
+1.3274001E+02	-2.2497971E-02	-2.1919010E-02
+1.3280000E+02	-2.2745185E-02	-2.1695483E-02
+1.3286000E+02	-2.2989979E-02	-2.1469800E-02
+1.3292000E+02	-2.3232358E-02	-2.1241954E-02
+1.3298000E+02	-2.3472315E-02	-2.1011973E-02
+1.3303999E+02	-2.3709835E-02	-2.0779856E-02
+1.3310001E+02	-2.3944903E-02	-2.0545622E-02
+1.3316000E+02	-2.4177518E-02	-2.0309281E-02
+1.3322000E+02	-2.4407651E-02	-2.0070827E-02
+1.3328000E+02	-2.4635285E-02	-1.9830290E-02
+1.3334000E+02	-2.4860404E-02	-1.9587668E-02
+1.3339999E+02	-2.5082989E-02	-1.9342979E-02
+1.3346001E+02	-2.5303010E-02	-1.9096226E-02
+1.3352000E+02	-2.5520446E-02	-1.8847434E-02
+1.3358000E+02	-2.5735259E-02	-1.8596608E-02
+1.3364000E+02	-2.5947427E-02	-1.8343767E-02
+1.3370000E+02	-2.6156923E-02	-1.8088937E-02
+1.3375999E+02	-2.6363710E-02	-1.7832143E-02
+1.3382001E+02	-2.6567761E-02	-1.7573396E-02
+1.3388000E+02	-2.6769040E-02	-1.7312732E-02
+1.3394000E+02	-2.6967518E-02	-1.7050184E-02
+1.3400000E+02	-2.7163172E-02	-1.6785763E-02
+1.3406000E+02	-2.7355962E-02	-1.6519528E-02
+1.3412000E+02	-2.7545864E-02	-1.6251501E-02
+1.3417999E+02	-2.7732858E-02	-1.5981719E-02
+1.3424001E+02	-2.7916906E-02	-1.5710231E-02
+1.3430000E+02	-2.8097987E-02	-1.5437078E-02
+1.3436000E+02	-2.8276082E-02	-1.5162294E-02
+1.3442000E+02	-2.8451178E-02	-1.4885924E-02
+1.3448000E+02	-2.8623253E-02	-1.4608030E-02
+1.3453999E+02	-2.8792294E-02	-1.4328634E-02
+1.3460001E+02	-2.8958293E-02	-1.4047795E-02
+1.3466000E+02	-2.9121231E-02	-1.3765568E-02
+1.3472000E+02	-2.9281111E-02	-1.3481980E-02
+1.3478000E+02	-2.9437918E-02	-1.3197079E-02
+1.3484000E+02	-2.9591667E-02	-1.2910922E-02
+1.3489999E+02	-2.9742351E-02	-1.2623531E-02
+1.3496001E+02	-2.9889960E-02	-1.2334967E-02
+1.3502000E+02	-3.0034514E-02	-1.2045258E-02
+1.3508000E+02	-3.0176004E-02	-1.1754448E-02
+1.3514000E+02	-3.0314447E-02	-1.1462567E-02
+1.3520000E+02	-3.0449849E-02	-1.1169657E-02
+1.3525999E+02	-3.0582208E-02	-1.0875737E-02
+1.3532001E+02	-3.0711541E-02	-1.0580842E-02
+1.3538000E+02	-3.0837854E-02	-1.0285011E-02
+1.3544000E+02	-3.0961148E-02	-9.9882577E-03
+1.3550000E+02	-3.1081438E-02	-9.6906116E-03
+1.3556000E+02	-3.1198725E-02	-9.3920752E-03
+1.3562000E+02	-3.1313013E-02	-9.0927063E-03
+1.3567999E+02	-3.1424306E-02	-8.7924963E-03
+1.3574001E+02	-3.1532608E-02	-8.4914733E-03
+1.3580000E+02	-3.1637914E-02	-8.1896586E-03
+1.3586000E+02	-3.1740230E-02	-7.8870542E-03
+1.3592000E+02	-3.1839553E-02	-7.5836908E-03
+1.3598000E+02	-3.1935871E-02	-7.2795739E-03
+1.3603999E+02	-3.2029182E-02	-6.9747353E-03
+1.3610001E+02	-3.2119483E-02	-6.6691805E-03
+1.3616000E+02	-3.2206755E-02	-6.3629476E-03
+1.3622000E+02	-3.2290995E-02	-6.0560275E-03
+1.3628000E+02	-3.2372184E-02	-5.7484573E-03
+1.3634000E+02	-3.2450318E-02	-5.4402528E-03
+1.3639999E+02	-3.2525372E-02	-5.1314505E-03
+1.3646001E+02	-3.2597348E-02	-4.8220670E-03
+1.3652000E+02	-3.2666210E-02	-4.5121321E-03
+1.3658000E+02	-3.2731961E-02	-4.2016706E-03
+1.3664000E+02	-3.2794584E-02	-3.8907221E-03
+1.3670000E+02	-3.2854058E-02	-3.5793111E-03
+1.3675999E+02	-3.2910373E-02	-3.2674784E-03
+1.3682001E+02	-3.2963526E-02	-2.9552577E-03
+1.3688000E+02	-3.3013493E-02	-2.6426986E-03
+1.3694000E+02	-3.3060279E-02	-2.3298119E-03
+1.3700000E+02	-3.3103865E-02	-2.0166796E-03
+1.3706000E+02	-3.3144247E-02	-1.7033132E-03
+1.3712000E+02	-3.3181429E-02	-1.3897634E-03
+1.3717999E+02	-3.3215404E-02	-1.0760897E-03
+1.3724001E+02	-3.3246178E-02	-7.6230388E-04
+1.3730000E+02	-3.3273749E-02	-4.4847335E-04
+1.3736000E+02	-3.3298124E-02	-1.3464142E-04
+1.3742000E+02	-3.3319313E-02	+1.7915646E-04
+1.3748000E+02	-3.3337321E-02	+4.9287727E-04
+1.3753999E+02	-3.3352166E-02	+8.0648618E-04
+1.3760001E+02	-3.3363853E-02	+1.1199246E-03
+1.3766000E+02	-3.3372406E-02	+1.4331746E-03
+1.3772000E+02	-3.3377834E-02	+1.7461788E-03
+1.3778000E+02	-3.3380158E-02	+2.0589202E-03
+1.3784000E+02	-3.3379395E-02	+2.3713582E-03
+1.3789999E+02	-3.3375561E-02	+2.6834686E-03
+1.3796001E+02	-3.3368681E-02	+2.9952039E-03
+1.3802000E+02	-3.3358775E-02	+3.3065500E-03
+1.3808000E+02	-3.3345852E-02	+3.6174837E-03
+1.3814000E+02	-3.3329949E-02	+3.9279838E-03
+1.3820000E+02	-3.3311069E-02	+4.2380206E-03
+1.3825999E+02	-3.3289235E-02	+4.5475657E-03
+1.3832001E+02	-3.3264462E-02	+4.8566139E-03
+1.3838000E+02	-3.3236772E-02	+5.1651527E-03
+1.3844000E+02	-3.3206169E-02	+5.4731467E-03
+1.3850000E+02	-3.3172674E-02	+5.7805991E-03
+1.3856000E+02	-3.3136290E-02	+6.0874741E-03
+1.3862000E+02	-3.3097036E-02	+6.3937763E-03
+1.3867999E+02	-3.3054918E-02	+6.6994848E-03
+1.3874001E+02	-3.3009931E-02	+7.0045874E-03
+1.3880000E+02	-3.2962095E-02	+7.3090564E-03
+1.3886000E+02	-3.2911405E-02	+7.6128934E-03
+1.3892000E+02	-3.2857869E-02	+7.9160789E-03
+1.3898000E+02	-3.2801483E-02	+8.2185818E-03
+1.3903999E+02	-3.2742251E-02	+8.5203890E-03
+1.3910001E+02	-3.2680176E-02	+8.8214800E-03
+1.3916000E+02	-3.2615237E-02	+9.1218343E-03
+1.3922000E+02	-3.2547459E-02	+9.4214426E-03
+1.3928000E+02	-3.2476828E-02	+9.7202491E-03
+1.3934000E+02	-3.2403339E-02	+1.0018257E-02
+1.3939999E+02	-3.2326996E-02	+1.0315421E-02
+1.3946001E+02	-3.2247808E-02	+1.0611710E-02
+1.3952000E+02	-3.2165762E-02	+1.0907105E-02
+1.3958000E+02	-3.2080870E-02	+1.1201559E-02
+1.3964000E+02	-3.1993128E-02	+1.1495047E-02
+1.3970000E+02	-3.1902544E-02	+1.1787536E-02
+1.3975999E+02	-3.1809133E-02	+1.2078980E-02
+1.3982001E+02	-3.1712890E-02	+1.2369354E-02
+1.3988000E+02	-3.1613834E-02	+1.2658617E-02
+1.3994000E+02	-3.1511974E-02	+1.2946733E-02
+1.4000000E+02	-3.1407334E-02	+1.3233656E-02
+1.4006000E+02	-3.1299911E-02	+1.3519371E-02
+1.4012000E+02	-3.1189745E-02	+1.3803826E-02
+1.4017999E+02	-3.1076845E-02	+1.4086978E-02
+1.4024001E+02	-3.0961225E-02	+1.4368813E-02
+1.4030000E+02	-3.0842923E-02	+1.4649294E-02
+1.4036000E+02	-3.0721953E-02	+1.4928384E-02
+1.4042000E+02	-3.0598354E-02	+1.5206053E-02
+1.4048000E+02	-3.0472139E-02	+1.5482278E-02
+1.4053999E+02	-3.0343337E-02	+1.5757037E-02
+1.4060001E+02	-3.0211985E-02	+1.6030297E-02
+1.4066000E+02	-3.0078102E-02	+1.6302044E-02
+1.4072000E+02	-2.9941725E-02	+1.6572244E-02
+1.4078000E+02	-2.9802881E-02	+1.6840899E-02
+1.4084000E+02	-2.9661585E-02	+1.7107980E-02
+1.4089999E+02	-2.9517870E-02	+1.7373489E-02
+1.4096001E+02	-2.9371770E-02	+1.7637389E-02
+1.4102000E+02	-2.9223304E-02	+1.7899677E-02
+1.4108000E+02	-2.9072493E-02	+1.8160347E-02
+1.4114000E+02	-2.8919365E-02	+1.8419392E-02
+1.4120000E+02	-2.8763933E-02	+1.8676795E-02
+1.4125999E+02	-2.8606217E-02	+1.8932553E-02
+1.4132001E+02	-2.8446240E-02	+1.9186659E-02
+1.4138000E+02	-2.8284017E-02	+1.9439103E-02
+1.4144000E+02	-2.8119555E-02	+1.9689886E-02
+1.4150000E+02	-2.7952870E-02	+1.9938983E-02
+1.4156000E+02	-2.7783977E-02	+2.0186398E-02
+1.4162000E+02	-2.7612878E-02	+2.0432116E-02
+1.4167999E+02	-2.7439587E-02	+2.0676130E-02
+1.4174001E+02	-2.7264111E-02	+2.0918427E-02
+1.4180000E+02	-2.7086463E-02	+2.1158986E-02
+1.4186000E+02	-2.6906637E-02	+2.1397797E-02
+1.4192000E+02	-2.6724637E-02	+2.1634853E-02
+1.4198000E+02	-2.6540481E-02	+2.1870118E-02
+1.4203999E+02	-2.6354177E-02	+2.2103587E-02
+1.4210001E+02	-2.6165707E-02	+2.2335233E-02
+1.4216000E+02	-2.5975110E-02	+2.2565031E-02
+1.4222000E+02	-2.5782375E-02	+2.2792958E-02
+1.4228000E+02	-2.5587510E-02	+2.3018984E-02
+1.4234000E+02	-2.5390543E-02	+2.3243090E-02
+1.4239999E+02	-2.5191460E-02	+2.3465246E-02
+1.4246001E+02	-2.4990298E-02	+2.3685414E-02
+1.4252000E+02	-2.4787061E-02	+2.3903582E-02
+1.4258000E+02	-2.4581764E-02	+2.4119703E-02
+1.4264000E+02	-2.4374433E-02	+2.4333755E-02
+1.4270000E+02	-2.4165085E-02	+2.4545705E-02
+1.4275999E+02	-2.3953751E-02	+2.4755524E-02
+1.4282001E+02	-2.3740442E-02	+2.4963187E-02
+1.4288000E+02	-2.3525203E-02	+2.5168659E-02
+1.4294000E+02	-2.3308039E-02	+2.5371920E-02
+1.4300000E+02	-2.3089005E-02	+2.5572944E-02
+1.4306000E+02	-2.2868112E-02	+2.5771702E-02
+1.4312000E+02	-2.2645397E-02	+2.5968179E-02
+1.4317999E+02	-2.2420915E-02	+2.6162336E-02
+1.4324001E+02	-2.2194680E-02	+2.6354175E-02
+1.4330000E+02	-2.1966727E-02	+2.6543673E-02
+1.4336000E+02	-2.1737093E-02	+2.6730809E-02
+1.4342000E+02	-2.1505814E-02	+2.6915578E-02
+1.4348000E+02	-2.1272933E-02	+2.7097963E-02
+1.4353999E+02	-2.1038482E-02	+2.7277958E-02
+1.4360001E+02	-2.0802487E-02	+2.7455561E-02
+1.4366000E+02	-2.0564985E-02	+2.7630758E-02
+1.4372000E+02	-2.0326000E-02	+2.7803553E-02
+1.4378000E+02	-2.0085592E-02	+2.7973933E-02
+1.4384000E+02	-1.9843750E-02	+2.8141903E-02
+1.4389999E+02	-1.9600540E-02	+2.8307466E-02
+1.4396001E+02	-1.9355958E-02	+2.8470621E-02
+1.4402000E+02	-1.9110041E-02	+2.8631361E-02
+1.4408000E+02	-1.8862816E-02	+2.8789699E-02
+1.4414000E+02	-1.8614288E-02	+2.8945632E-02
+1.4420000E+02	-1.8364495E-02	+2.9099153E-02
+1.4425999E+02	-1.8113455E-02	+2.9250268E-02
+1.4432001E+02	-1.7861165E-02	+2.9398981E-02
+1.4438000E+02	-1.7607665E-02	+2.9545279E-02
+1.4444000E+02	-1.7352941E-02	+2.9689182E-02
+1.4450000E+02	-1.7097022E-02	+2.9830659E-02
+1.4456000E+02	-1.6839931E-02	+2.9969718E-02
+1.4462000E+02	-1.6581653E-02	+3.0106358E-02
+1.4467999E+02	-1.6322212E-02	+3.0240562E-02
+1.4474001E+02	-1.6061645E-02	+3.0372314E-02
+1.4480000E+02	-1.5799917E-02	+3.0501623E-02
+1.4486000E+02	-1.5537077E-02	+3.0628460E-02
+1.4492000E+02	-1.5273116E-02	+3.0752817E-02
+1.4498000E+02	-1.5008069E-02	+3.0874673E-02
+1.4503999E+02	-1.4741932E-02	+3.0994026E-02
+1.4510001E+02	-1.4474735E-02	+3.1110836E-02
+1.4516000E+02	-1.4206489E-02	+3.1225106E-02
+1.4522000E+02	-1.3937213E-02	+3.1336799E-02
+1.4528000E+02	-1.3666932E-02	+3.1445906E-02
+1.4534000E+02	-1.3395651E-02	+3.1552408E-02
+1.4539999E+02	-1.3123428E-02	+3.1656280E-02
+1.4546001E+02	-1.2850268E-02	+3.1757511E-02
+1.4552000E+02	-1.2576210E-02	+3.1856067E-02
+1.4558000E+02	-1.2301269E-02	+3.1951949E-02
+1.4564000E+02	-1.2025490E-02	+3.2045126E-02
+1.4570000E+02	-1.1748895E-02	+3.2135591E-02
+1.4575999E+02	-1.1471542E-02	+3.2223321E-02
+1.4582001E+02	-1.1193441E-02	+3.2308314E-02
+1.4588000E+02	-1.0914635E-02	+3.2390550E-02
+1.4594000E+02	-1.0635171E-02	+3.2470029E-02
+1.4600000E+02	-1.0355083E-02	+3.2546736E-02
+1.4606000E+02	-1.0074401E-02	+3.2620680E-02
+1.4612000E+02	-9.7931698E-03	+3.2691840E-02
+1.4617999E+02	-9.5114391E-03	+3.2760222E-02
+1.4624001E+02	-9.2292242E-03	+3.2825835E-02
+1.4630000E+02	-8.9465696E-03	+3.2888673E-02
+1.4636000E+02	-8.6635109E-03	+3.2948744E-02
+1.4642000E+02	-8.3800936E-03	+3.3006046E-02
+1.4648000E+02	-8.0963336E-03	+3.3060603E-02
+1.4653999E+02	-7.8122783E-03	+3.3112410E-02
+1.4660001E+02	-7.5279437E-03	+3.3161487E-02
+1.4666000E+02	-7.2433585E-03	+3.3207837E-02
+1.4672000E+02	-6.9585694E-03	+3.3251468E-02
+1.4678000E+02	-6.6735763E-03	+3.3292409E-02
+1.4684000E+02	-6.3884142E-03	+3.3330649E-02
+1.4689999E+02	-6.1031044E-03	+3.3366211E-02
+1.4696001E+02	-5.8176527E-03	+3.3399105E-02
+1.4702000E+02	-5.5321017E-03	+3.3429336E-02
+1.4708000E+02	-5.2464548E-03	+3.3456914E-02
+1.4714000E+02	-4.9607158E-03	+3.3481855E-02
+1.4720000E+02	-4.6749189E-03	+3.3504158E-02
+1.4725999E+02	-4.3890742E-03	+3.3523828E-02
+1.4732001E+02	-4.1031917E-03	+3.3540871E-02
+1.4738000E+02	-3.8172721E-03	+3.3555288E-02
+1.4744000E+02	-3.5313428E-03	+3.3567078E-02
+1.4750000E+02	-3.2454114E-03	+3.3576243E-02
+1.4756000E+02	-2.9594884E-03	+3.3582781E-02
+1.4762000E+02	-2.6735989E-03	+3.3586685E-02
+1.4767999E+02	-2.3877441E-03	+3.3587951E-02
+1.4774001E+02	-2.1019494E-03	+3.3586569E-02
+1.4780000E+02	-1.8162251E-03	+3.3582538E-02
+1.4786000E+02	-1.5305894E-03	+3.3575848E-02
+1.4792000E+02	-1.2450602E-03	+3.3566482E-02
+1.4798000E+02	-9.5968082E-04	+3.3554446E-02
+1.4803999E+02	-6.7444594E-04	+3.3539712E-02
+1.4810001E+02	-3.8939106E-04	+3.3522282E-02
+1.4816000E+02	-1.0455212E-04	+3.3502150E-02
+1.4822000E+02	+1.8005073E-04	+3.3479296E-02
+1.4828000E+02	+4.6439696E-04	+3.3453722E-02
+1.4834000E+02	+7.4844173E-04	+3.3425417E-02
+1.4839999E+02	+1.0321401E-03	+3.3394374E-02
+1.4846001E+02	+1.3154795E-03	+3.3360593E-02
+1.4852000E+02	+1.5984131E-03	+3.3324070E-02
+1.4858000E+02	+1.8809120E-03	+3.3284806E-02
+1.4864000E+02	+2.1629310E-03	+3.3242803E-02
+1.4870000E+02	+2.4444559E-03	+3.3198059E-02
+1.4875999E+02	+2.7253949E-03	+3.3150587E-02
+1.4882001E+02	+3.0057498E-03	+3.3100393E-02
+1.4888000E+02	+3.2854918E-03	+3.3047479E-02
+1.4894000E+02	+3.5645615E-03	+3.2991868E-02
+1.4900000E+02	+3.8429301E-03	+3.2933574E-02
+1.4906000E+02	+4.1205701E-03	+3.2872599E-02
+1.4912000E+02	+4.3974388E-03	+3.2808974E-02
+1.4917999E+02	+4.6735103E-03	+3.2742709E-02
+1.4924001E+02	+4.9487567E-03	+3.2673828E-02
+1.4930000E+02	+5.2231234E-03	+3.2602351E-02
+1.4936000E+02	+5.4966467E-03	+3.2528292E-02
+1.4942000E+02	+5.7692258E-03	+3.2451693E-02
+1.4948000E+02	+6.0408814E-03	+3.2372553E-02
+1.4953999E+02	+6.3116080E-03	+3.2290906E-02
+1.4960001E+02	+6.5813349E-03	+3.2206777E-02
+1.4966000E+02	+6.8500875E-03	+3.2120179E-02
+1.4972000E+02	+7.1178428E-03	+3.2031134E-02
+1.4978000E+02	+7.3845792E-03	+3.1939663E-02
+1.4984000E+02	+7.6502915E-03	+3.1845782E-02
+1.4989999E+02	+7.9149725E-03	+3.1749513E-02
+1.4996001E+02	+8.1785861E-03	+3.1650871E-02
+1.5002000E+02	+8.4411567E-03	+3.1549864E-02
+1.5008000E+02	+8.7026609E-03	+3.1446502E-02
+1.5014000E+02	+8.9630792E-03	+3.1340808E-02
+1.5020000E+02	+9.2224330E-03	+3.1232778E-02
+1.5025999E+02	+9.4806701E-03	+3.1122429E-02
+1.5032001E+02	+9.7378278E-03	+3.1009754E-02
+1.5038000E+02	+9.9938670E-03	+3.0894769E-02
+1.5044000E+02	+1.0248778E-02	+3.0777469E-02
+1.5050000E+02	+1.0502553E-02	+3.0657861E-02
+1.5056000E+02	+1.0755177E-02	+3.0535938E-02
+1.5062000E+02	+1.1006628E-02	+3.0411711E-02
+1.5067999E+02	+1.1256908E-02	+3.0285167E-02
+1.5074001E+02	+1.1505988E-02	+3.0156307E-02
+1.5080000E+02	+1.1753828E-02	+3.0025141E-02
+1.5086000E+02	+1.2000428E-02	+2.9891657E-02
+1.5092000E+02	+1.2245758E-02	+2.9755857E-02
+1.5098000E+02	+1.2489777E-02	+2.9617749E-02
+1.5103999E+02	+1.2732483E-02	+2.9477328E-02
+1.5110001E+02	+1.2973833E-02	+2.9334594E-02
+1.5116000E+02	+1.3213798E-02	+2.9189555E-02
+1.5122000E+02	+1.3452323E-02	+2.9042235E-02
+1.5128000E+02	+1.3689433E-02	+2.8892603E-02
+1.5134000E+02	+1.3925033E-02	+2.8740710E-02
+1.5139999E+02	+1.4159134E-02	+2.8586544E-02
+1.5146001E+02	+1.4391667E-02	+2.8430127E-02
+1.5152000E+02	+1.4622622E-02	+2.8271476E-02
+1.5158000E+02	+1.4851969E-02	+2.8110610E-02
+1.5164000E+02	+1.5079660E-02	+2.7947551E-02
+1.5170000E+02	+1.5305680E-02	+2.7782317E-02
+1.5175999E+02	+1.5529992E-02	+2.7614936E-02
+1.5182001E+02	+1.5752573E-02	+2.7445434E-02
+1.5188000E+02	+1.5973387E-02	+2.7273834E-02
+1.5194000E+02	+1.6192412E-02	+2.7100172E-02
+1.5200000E+02	+1.6409634E-02	+2.6924474E-02
+1.5206000E+02	+1.6625030E-02	+2.6746769E-02
+1.5212000E+02	+1.6838571E-02	+2.6567088E-02
+1.5217999E+02	+1.7050255E-02	+2.6385460E-02
+1.5224001E+02	+1.7260060E-02	+2.6201919E-02
+1.5230000E+02	+1.7467985E-02	+2.6016494E-02
+1.5236000E+02	+1.7674008E-02	+2.5829211E-02
+1.5242000E+02	+1.7878121E-02	+2.5640102E-02
+1.5248000E+02	+1.8080333E-02	+2.5449188E-02
+1.5253999E+02	+1.8280629E-02	+2.5256498E-02
+1.5260001E+02	+1.8479001E-02	+2.5062056E-02
+1.5266000E+02	+1.8675452E-02	+2.4865882E-02
+1.5272000E+02	+1.8869985E-02	+2.4667997E-02
+1.5278000E+02	+1.9062590E-02	+2.4468420E-02
+1.5284000E+02	+1.9253267E-02	+2.4267163E-02
+1.5289999E+02	+1.9442018E-02	+2.4064243E-02
+1.5296001E+02	+1.9628838E-02	+2.3859669E-02
+1.5302000E+02	+1.9813728E-02	+2.3653453E-02
+1.5308000E+02	+1.9996682E-02	+2.3445606E-02
+1.5314000E+02	+2.0177694E-02	+2.3236129E-02
+1.5320000E+02	+2.0356758E-02	+2.3025034E-02
+1.5325999E+02	+2.0533860E-02	+2.2812322E-02
+1.5332001E+02	+2.0709001E-02	+2.2597997E-02
+1.5338000E+02	+2.0882156E-02	+2.2382060E-02
+1.5344000E+02	+2.1053325E-02	+2.2164520E-02
+1.5350000E+02	+2.1222482E-02	+2.1945376E-02
+1.5356000E+02	+2.1389605E-02	+2.1724634E-02
+1.5362000E+02	+2.1554682E-02	+2.1502296E-02
+1.5367999E+02	+2.1717686E-02	+2.1278370E-02
+1.5374001E+02	+2.1878593E-02	+2.1052865E-02
+1.5380000E+02	+2.2037372E-02	+2.0825785E-02
+1.5386000E+02	+2.2194009E-02	+2.0597141E-02
+1.5392000E+02	+2.2348464E-02	+2.0366948E-02
+1.5398000E+02	+2.2500711E-02	+2.0135222E-02
+1.5403999E+02	+2.2650726E-02	+1.9901976E-02
+1.5410001E+02	+2.2798469E-02	+1.9667231E-02
+1.5416000E+02	+2.2943918E-02	+1.9431012E-02
+1.5422000E+02	+2.3087038E-02	+1.9193338E-02
+1.5428000E+02	+2.3227798E-02	+1.8954244E-02
+1.5434000E+02	+2.3366185E-02	+1.8713752E-02
+1.5439999E+02	+2.3502152E-02	+1.8471897E-02
+1.5446001E+02	+2.3635689E-02	+1.8228713E-02
+1.5452000E+02	+2.3766767E-02	+1.7984238E-02
+1.5458000E+02	+2.3895374E-02	+1.7738504E-02
+1.5464000E+02	+2.4021480E-02	+1.7491549E-02
+1.5470000E+02	+2.4145076E-02	+1.7243421E-02
+1.5475999E+02	+2.4266150E-02	+1.6994154E-02
+1.5482001E+02	+2.4384692E-02	+1.6743787E-02
+1.5488000E+02	+2.4500690E-02	+1.6492363E-02
+1.5494000E+02	+2.4614144E-02	+1.6239921E-02
+1.5500000E+02	+2.4725050E-02	+1.5986500E-02
+1.5506000E+02	+2.4833407E-02	+1.5732139E-02
+1.5512000E+02	+2.4939222E-02	+1.5476872E-02
+1.5517999E+02	+2.5042497E-02	+1.5220740E-02
+1.5524001E+02	+2.5143242E-02	+1.4963770E-02
+1.5530000E+02	+2.5241461E-02	+1.4705996E-02
+1.5536000E+02	+2.5337161E-02	+1.4447445E-02
+1.5542000E+02	+2.5430361E-02	+1.4188144E-02
+1.5548000E+02	+2.5521068E-02	+1.3928114E-02
+1.5553999E+02	+2.5609292E-02	+1.3667380E-02
+1.5560001E+02	+2.5695045E-02	+1.3405958E-02
+1.5566000E+02	+2.5778335E-02	+1.3143864E-02
+1.5572000E+02	+2.5859177E-02	+1.2881110E-02
+1.5578000E+02	+2.5937574E-02	+1.2617708E-02
+1.5584000E+02	+2.6013536E-02	+1.2353669E-02
+1.5589999E+02	+2.6087068E-02	+1.2088998E-02
+1.5596001E+02	+2.6158167E-02	+1.1823702E-02
+1.5602000E+02	+2.6226839E-02	+1.1557783E-02
+1.5608000E+02	+2.6293084E-02	+1.1291249E-02
+1.5614000E+02	+2.6356891E-02	+1.1024101E-02
+1.5620000E+02	+2.6418259E-02	+1.0756343E-02
+1.5625999E+02	+2.6477175E-02	+1.0487979E-02
+1.5632001E+02	+2.6533626E-02	+1.0219011E-02
+1.5638000E+02	+2.6587600E-02	+9.9494476E-03
+1.5644000E+02	+2.6639078E-02	+9.6792933E-03
+1.5650000E+02	+2.6688043E-02	+9.4085606E-03
+1.5656000E+02	+2.6734473E-02	+9.1372551E-03
+1.5662000E+02	+2.6778346E-02	+8.8653928E-03
+1.5667999E+02	+2.6819637E-02	+8.5929912E-03
+1.5674001E+02	+2.6858322E-02	+8.3200652E-03
+1.5680000E+02	+2.6894381E-02	+8.0466401E-03
+1.5686000E+02	+2.6927782E-02	+7.7727363E-03
+1.5692000E+02	+2.6958507E-02	+7.4983821E-03
+1.5698000E+02	+2.6986530E-02	+7.2236089E-03
+1.5703999E+02	+2.7011827E-02	+6.9484501E-03
+1.5710001E+02	+2.7034376E-02	+6.6729393E-03
+1.5716000E+02	+2.7054163E-02	+6.3971165E-03
+1.5722000E+02	+2.7071169E-02	+6.1210208E-03
+1.5728000E+02	+2.7085379E-02	+5.8446950E-03
+1.5734000E+02	+2.7096782E-02	+5.5681826E-03
+1.5739999E+02	+2.7105371E-02	+5.2915295E-03
+1.5746001E+02	+2.7111135E-02	+5.0147809E-03
+1.5752000E+02	+2.7114078E-02	+4.7379844E-03
+1.5758000E+02	+2.7114199E-02	+4.4611841E-03
+1.5764000E+02	+2.7111506E-02	+4.1844258E-03
+1.5770000E+02	+2.7106006E-02	+3.9077564E-03
+1.5775999E+02	+2.7097704E-02	+3.6312183E-03
+1.5782001E+02	+2.7086616E-02	+3.3548533E-03
+1.5788000E+02	+2.7072761E-02	+3.0787014E-03
+1.5794000E+02	+2.7056154E-02	+2.8028002E-03
+1.5800000E+02	+2.7036818E-02	+2.5271841E-03
+1.5806000E+02	+2.7014775E-02	+2.2518858E-03
+1.5812000E+02	+2.6990041E-02	+1.9769338E-03
+1.5817999E+02	+2.6962651E-02	+1.7023541E-03
+1.5824001E+02	+2.6932621E-02	+1.4281693E-03
+1.5830000E+02	+2.6899975E-02	+1.1543985E-03
+1.5836000E+02	+2.6864739E-02	+8.8105845E-04
+1.5842000E+02	+2.6826933E-02	+6.0816208E-04
+1.5848000E+02	+2.6786579E-02	+3.3572008E-04
+1.5853999E+02	+2.6743697E-02	+6.3740285E-05
+1.5860001E+02	+2.6698301E-02	-2.0777168E-04
+1.5866000E+02	+2.6650401E-02	-4.7881200E-04
+1.5872000E+02	+2.6600020E-02	-7.4937852E-04
+1.5878000E+02	+2.6547154E-02	-1.0194702E-03
+1.5884000E+02	+2.6491815E-02	-1.2890862E-03
+1.5889999E+02	+2.6434004E-02	-1.5582266E-03
+1.5896001E+02	+2.6373720E-02	-1.8268910E-03
+1.5902000E+02	+2.6310956E-02	-2.0950777E-03
+1.5908000E+02	+2.6245708E-02	-2.3627840E-03
+1.5914000E+02	+2.6177965E-02	-2.6300063E-03
+1.5920000E+02	+2.6107714E-02	-2.8967382E-03
+1.5925999E+02	+2.6034940E-02	-3.1629705E-03
+1.5932001E+02	+2.5959628E-02	-3.4286925E-03
+1.5938000E+02	+2.5881756E-02	-3.6938891E-03
+1.5944000E+02	+2.5801307E-02	-3.9585428E-03
+1.5950000E+02	+2.5718264E-02	-4.2226319E-03
+1.5956000E+02	+2.5632603E-02	-4.4861329E-03
+1.5962000E+02	+2.5544303E-02	-4.7490159E-03
+1.5967999E+02	+2.5453348E-02	-5.0112503E-03
+1.5974001E+02	+2.5359724E-02	-5.2728001E-03
+1.5980000E+02	+2.5263406E-02	-5.5336272E-03
+1.5986000E+02	+2.5164394E-02	-5.7936898E-03
+1.5992000E+02	+2.5062665E-02	-6.0529439E-03
+1.5998000E+02	+2.4958219E-02	-6.3113440E-03
+1.6003999E+02	+2.4851047E-02	-6.5688412E-03
+1.6010001E+02	+2.4741158E-02	-6.8253861E-03
+1.6016000E+02	+2.4628546E-02	-7.0809275E-03
+1.6022000E+02	+2.4513222E-02	-7.3354156E-03
+1.6028000E+02	+2.4395198E-02	-7.5887986E-03
+1.6034000E+02	+2.4274491E-02	-7.8410264E-03
+1.6039999E+02	+2.4151117E-02	-8.0920504E-03
+1.6046001E+02	+2.4025101E-02	-8.3418228E-03
+1.6052000E+02	+2.3896469E-02	-8.5902996E-03
+1.6058000E+02	+2.3765253E-02	-8.8374363E-03
+1.6064000E+02	+2.3631483E-02	-9.0831947E-03
+1.6070000E+02	+2.3495192E-02	-9.3275383E-03
+1.6075999E+02	+2.3356425E-02	-9.5704366E-03
+1.6082001E+02	+2.3215208E-02	-9.8118568E-03
+1.6088000E+02	+2.3071595E-02	-1.0051779E-02
+1.6094000E+02	+2.2925610E-02	-1.0290178E-02
+1.6100000E+02	+2.2777300E-02	-1.0527043E-02
+1.6106000E+02	+2.2626704E-02	-1.0762358E-02
+1.6112000E+02	+2.2473855E-02	-1.0996115E-02
+1.6117999E+02	+2.2318790E-02	-1.1228310E-02
+1.6124001E+02	+2.2161538E-02	-1.1458940E-02
+1.6130000E+02	+2.2002129E-02	-1.1688008E-02
+1.6136000E+02	+2.1840595E-02	-1.1915516E-02
+1.6142000E+02	+2.1676952E-02	-1.2141473E-02
+1.6148000E+02	+2.1511223E-02	-1.2365881E-02
+1.6153999E+02	+2.1343419E-02	-1.2588753E-02
+1.6160001E+02	+2.1173552E-02	-1.2810093E-02
+1.6166000E+02	+2.1001630E-02	-1.3029912E-02
+1.6172000E+02	+2.0827651E-02	-1.3248216E-02
+1.6178000E+02	+2.0651620E-02	-1.3465012E-02
+1.6184000E+02	+2.0473525E-02	-1.3680300E-02
+1.6189999E+02	+2.0293362E-02	-1.3894084E-02
+1.6196001E+02	+2.0111116E-02	-1.4106357E-02
+1.6202000E+02	+1.9926783E-02	-1.4317118E-02
+1.6208000E+02	+1.9740330E-02	-1.4526352E-02
+1.6214000E+02	+1.9551758E-02	-1.4734048E-02
+1.6220000E+02	+1.9361038E-02	-1.4940190E-02
+1.6225999E+02	+1.9168153E-02	-1.5144749E-02
+1.6232001E+02	+1.8973092E-02	-1.5347699E-02
+1.6238000E+02	+1.8775832E-02	-1.5549012E-02
+1.6244000E+02	+1.8576361E-02	-1.5748644E-02
+1.6250000E+02	+1.8374663E-02	-1.5946561E-02
+1.6256000E+02	+1.8170740E-02	-1.6142713E-02
+1.6262000E+02	+1.7964575E-02	-1.6337058E-02
+1.6267999E+02	+1.7756173E-02	-1.6529536E-02
+1.6274001E+02	+1.7545536E-02	-1.6720105E-02
+1.6280000E+02	+1.7332673E-02	-1.6908703E-02
+1.6286000E+02	+1.7117592E-02	-1.7095271E-02
+1.6292000E+02	+1.6900321E-02	-1.7279763E-02
+1.6298000E+02	+1.6680880E-02	-1.7462112E-02
+1.6303999E+02	+1.6459290E-02	-1.7642271E-02
+1.6310001E+02	+1.6235597E-02	-1.7820179E-02
+1.6316000E+02	+1.6009826E-02	-1.7995793E-02
+1.6322000E+02	+1.5782038E-02	-1.8169051E-02
+1.6328000E+02	+1.5552266E-02	-1.8339926E-02
+1.6334000E+02	+1.5320576E-02	-1.8508362E-02
+1.6339999E+02	+1.5087007E-02	-1.8674336E-02
+1.6346001E+02	+1.4851612E-02	-1.8837817E-02
+1.6352000E+02	+1.4614478E-02	-1.8998766E-02
+1.6358000E+02	+1.4375642E-02	-1.9157175E-02
+1.6364000E+02	+1.4135163E-02	-1.9313032E-02
+1.6370000E+02	+1.3893127E-02	-1.9466311E-02
+1.6375999E+02	+1.3649551E-02	-1.9617036E-02
+1.6382001E+02	+1.3404533E-02	-1.9765181E-02
+1.6388000E+02	+1.3158096E-02	-1.9910779E-02
+1.6394000E+02	+1.2910298E-02	-2.0053837E-02
+1.6400000E+02	+1.2661204E-02	-2.0194354E-02
+1.6406000E+02	+1.2410826E-02	-2.0332372E-02
+1.6412000E+02	+1.2159235E-02	-2.0467890E-02
+1.6417999E+02	+1.1906439E-02	-2.0600954E-02
+1.6424001E+02	+1.1652469E-02	-2.0731583E-02
+1.6430000E+02	+1.1397343E-02	-2.0859806E-02
+1.6436000E+02	+1.1141079E-02	-2.0985648E-02
+1.6442000E+02	+1.0883690E-02	-2.1109134E-02
+1.6448000E+02	+1.0625178E-02	-2.1230288E-02
+1.6453999E+02	+1.0365537E-02	-2.1349130E-02
+1.6460001E+02	+1.0104766E-02	-2.1465680E-02
+1.6466000E+02	+9.8428447E-03	-2.1579955E-02
+1.6472000E+02	+9.5797721E-03	-2.1691957E-02
+1.6478000E+02	+9.3155233E-03	-2.1801693E-02
+1.6484000E+02	+9.0500843E-03	-2.1909161E-02
+1.6489999E+02	+8.7834150E-03	-2.2014361E-02
+1.6496001E+02	+8.5155154E-03	-2.2117266E-02
+1.6502000E+02	+8.2463576E-03	-2.2217866E-02
+1.6508000E+02	+7.9759257E-03	-2.2316130E-02
+1.6514000E+02	+7.7042002E-03	-2.2412026E-02
+1.6520000E+02	+7.4311565E-03	-2.2505520E-02
+1.6525999E+02	+7.1567842E-03	-2.2596572E-02
+1.6532001E+02	+6.8810917E-03	-2.2685124E-02
+1.6538000E+02	+6.6040708E-03	-2.2771133E-02
+1.6544000E+02	+6.3257175E-03	-2.2854540E-02
+1.6550000E+02	+6.0460512E-03	-2.2935290E-02
+1.6556000E+02	+5.7650940E-03	-2.3013320E-02
+1.6562000E+02	+5.4828594E-03	-2.3088573E-02
+1.6567999E+02	+5.1993802E-03	-2.3160987E-02
+1.6574001E+02	+4.9147015E-03	-2.3230504E-02
+1.6580000E+02	+4.6288609E-03	-2.3297066E-02
+1.6586000E+02	+4.3419092E-03	-2.3360621E-02
+1.6592000E+02	+4.0539168E-03	-2.3421116E-02
+1.6598000E+02	+3.7649339E-03	-2.3478510E-02
+1.6603999E+02	+3.4750360E-03	-2.3532759E-02
+1.6610001E+02	+3.1842946E-03	-2.3583833E-02
+1.6616000E+02	+2.8927876E-03	-2.3631698E-02
+1.6622000E+02	+2.6005909E-03	-2.3676340E-02
+1.6628000E+02	+2.3077852E-03	-2.3717748E-02
+1.6634000E+02	+2.0144533E-03	-2.3755912E-02
+1.6639999E+02	+1.7206775E-03	-2.3790840E-02
+1.6646001E+02	+1.4265293E-03	-2.3822537E-02
+1.6652000E+02	+1.1320850E-03	-2.3851026E-02
+1.6658000E+02	+8.3743199E-04	-2.3876324E-02
+1.6664000E+02	+5.4262805E-04	-2.3898471E-02
+1.6670000E+02	+2.4773512E-04	-2.3917502E-02
+1.6675999E+02	-4.7180856E-05	-2.3933453E-02
+1.6682001E+02	-3.4208427E-04	-2.3946373E-02
+1.6688000E+02	-6.3691317E-04	-2.3956312E-02
+1.6694000E+02	-9.3164190E-04	-2.3963319E-02
+1.6700000E+02	-1.2262474E-03	-2.3967449E-02
+1.6706000E+02	-1.5206971E-03	-2.3968751E-02
+1.6712000E+02	-1.8149951E-03	-2.3967277E-02
+1.6717999E+02	-2.1091134E-03	-2.3963075E-02
+1.6724001E+02	-2.4030653E-03	-2.3956191E-02
+1.6730000E+02	-2.6968666E-03	-2.3946663E-02
+1.6736000E+02	-2.9905224E-03	-2.3934530E-02
+1.6742000E+02	-3.2840618E-03	-2.3919819E-02
+1.6748000E+02	-3.5774913E-03	-2.3902548E-02
+1.6753999E+02	-3.8708528E-03	-2.3882745E-02
+1.6760001E+02	-4.1641705E-03	-2.3860402E-02
+1.6766000E+02	-4.4574784E-03	-2.3835531E-02
+1.6772000E+02	-4.7507929E-03	-2.3808111E-02
+1.6778000E+02	-5.0441530E-03	-2.3778135E-02
+1.6784000E+02	-5.3375810E-03	-2.3745570E-02
+1.6789999E+02	-5.6310999E-03	-2.3710389E-02
+1.6796001E+02	-5.9247185E-03	-2.3672551E-02
+1.6802000E+02	-6.2184525E-03	-2.3632007E-02
+1.6808000E+02	-6.5123080E-03	-2.3588708E-02
+1.6814000E+02	-6.8062735E-03	-2.3542598E-02
+1.6820000E+02	-7.1003377E-03	-2.3493620E-02
+1.6825999E+02	-7.3944861E-03	-2.3441711E-02
+1.6832001E+02	-7.6886667E-03	-2.3386810E-02
+1.6838000E+02	-7.9828650E-03	-2.3328854E-02
+1.6844000E+02	-8.2770102E-03	-2.3267789E-02
+1.6850000E+02	-8.5710473E-03	-2.3203552E-02
+1.6856000E+02	-8.8649206E-03	-2.3136096E-02
+1.6862000E+02	-9.1585303E-03	-2.3065375E-02
+1.6867999E+02	-9.4518084E-03	-2.2991350E-02
+1.6874001E+02	-9.7446619E-03	-2.2913991E-02
+1.6880000E+02	-1.0036989E-02	-2.2833273E-02
+1.6886000E+02	-1.0328696E-02	-2.2749189E-02
+1.6892000E+02	-1.0619674E-02	-2.2661734E-02
+1.6898000E+02	-1.0909824E-02	-2.2570919E-02
+1.6903999E+02	-1.1199026E-02	-2.2476766E-02
+1.6910001E+02	-1.1487206E-02	-2.2379301E-02
+1.6916000E+02	-1.1774227E-02	-2.2278575E-02
+1.6922000E+02	-1.2060014E-02	-2.2174634E-02
+1.6928000E+02	-1.2344463E-02	-2.2067543E-02
+1.6934000E+02	-1.2627508E-02	-2.1957377E-02
+1.6939999E+02	-1.2909060E-02	-2.1844214E-02
+1.6946001E+02	-1.3189052E-02	-2.1728141E-02
+1.6952000E+02	-1.3467442E-02	-2.1609258E-02
+1.6958000E+02	-1.3744163E-02	-2.1487655E-02
+1.6964000E+02	-1.4019207E-02	-2.1363443E-02
+1.6970000E+02	-1.4292535E-02	-2.1236712E-02
+1.6975999E+02	-1.4564145E-02	-2.1107575E-02
+1.6982001E+02	-1.4834046E-02	-2.0976132E-02
+1.6988000E+02	-1.5102242E-02	-2.0842470E-02
+1.6994000E+02	-1.5368762E-02	-2.0706702E-02
+1.7000000E+02	-1.5633654E-02	-2.0568894E-02
