+1.1000000E+02	+2.7581856E-02	-5.2557662E-02
+1.1006000E+02	+2.0217584E-02	-5.5871777E-02
+1.1012000E+02	+1.2467705E-02	-5.8159951E-02
+1.1018000E+02	+4.4742553E-03	-5.9379268E-02
+1.1024000E+02	-3.6162245E-03	-5.9506368E-02
+1.1030000E+02	-1.1655387E-02	-5.8537845E-02
+1.1036000E+02	-1.9495910E-02	-5.6490280E-02
+1.1042000E+02	-2.6993914E-02	-5.3399976E-02
+1.1048000E+02	-3.4011766E-02	-4.9322262E-02
+1.1054000E+02	-4.0420603E-02	-4.4330440E-02
+1.1060000E+02	-4.6102460E-02	-3.8514547E-02
+1.1066000E+02	-5.0952677E-02	-3.1979583E-02
+1.1072000E+02	-5.4881569E-02	-2.4843743E-02
+1.1078000E+02	-5.7816144E-02	-1.7236162E-02
+1.1084000E+02	-5.9701409E-02	-9.2946645E-03
+1.1090000E+02	-6.0501389E-02	-1.1631796E-03
+1.1096000E+02	-6.0199697E-02	+7.0107919E-03
+1.1102000E+02	-5.8799908E-02	+1.5078813E-02
+1.1108000E+02	-5.6325465E-02	+2.2894287E-02
+1.1114000E+02	-5.2819230E-02	+3.0315019E-02
+1.1120000E+02	-4.8342787E-02	+3.7205800E-02
+1.1126000E+02	-4.2975273E-02	+4.3440823E-02
+1.1132000E+02	-3.6811952E-02	+4.8906021E-02
+1.1138000E+02	-2.9962579E-02	+5.3501010E-02
+1.1144000E+02	-2.2549396E-02	+5.7140984E-02
+1.1150000E+02	-1.4704886E-02	+5.9758171E-02
+1.1156000E+02	-6.5695317E-03	+6.1303139E-02
+1.1162000E+02	+1.7108265E-03	+6.1745610E-02
+1.1168000E+02	+9.9875443E-03	+6.1075062E-02
+1.1174000E+02	+1.8111764E-02	+5.9300900E-02
+1.1180000E+02	+2.5937211E-02	+5.6452312E-02
+1.1186000E+02	+3.3322643E-02	+5.2577775E-02
+1.1192000E+02	+4.0134575E-02	+4.7744181E-02
+1.1198000E+02	+4.6249460E-02	+4.2035662E-02
+1.1204000E+02	+5.1556006E-02	+3.5552137E-02
+1.1210000E+02	+5.5957165E-02	+2.8407477E-02
+1.1216000E+02	+5.9371859E-02	+2.0727590E-02
+1.1222000E+02	+6.1736401E-02	+1.2648107E-02
+1.1228000E+02	+6.3005686E-02	+4.3120356E-03
+1.1234000E+02	+6.3153990E-02	-4.1327858E-03
+1.1240000E+02	+6.2175475E-02	-1.2536302E-02
+1.1246000E+02	+6.0084246E-02	-2.0748897E-02
+1.1252000E+02	+5.6914203E-02	-2.8624030E-02
+1.1258000E+02	+5.2718386E-02	-3.6020841E-02
+1.1264000E+02	+4.7568176E-02	-4.2806663E-02
+1.1270000E+02	+4.1551925E-02	-4.8859302E-02
+1.1276000E+02	+3.4773484E-02	-5.4069314E-02
+1.1282000E+02	+2.7350366E-02	-5.8341879E-02
+1.1288000E+02	+1.9411828E-02	-6.1598439E-02
+1.1294000E+02	+1.1096414E-02	-6.3778251E-02
+1.1300000E+02	+2.5495696E-03	-6.4839333E-02
+1.1306000E+02	-6.0787145E-03	-6.4759336E-02
+1.1312000E+02	-1.4636724E-02	-6.3535869E-02
+1.1318000E+02	-2.2973621E-02	-6.1186653E-02
+1.1324000E+02	-3.0942095E-02	-5.7749178E-02
+1.1330000E+02	-3.8400866E-02	-5.3280164E-02
+1.1336000E+02	-4.5217358E-02	-4.7854453E-02
+1.1342000E+02	-5.1269766E-02	-4.1563887E-02
+1.1348000E+02	-5.6449402E-02	-3.4515649E-02
+1.1354000E+02	-6.0662538E-02	-2.6830439E-02
+1.1360000E+02	-6.3832060E-02	-1.8640354E-02
+1.1366000E+02	-6.5898880E-02	-1.0086727E-02
+1.1372000E+02	-6.6822961E-02	-1.3174844E-03
+1.1378000E+02	-6.6584021E-02	+7.5152041E-03
+1.1384000E+02	-6.5181985E-02	+1.6257668E-02
+1.1390000E+02	-6.2636994E-02	+2.4757447E-02
+1.1396000E+02	-5.8989055E-02	+3.2865796E-02
+1.1402000E+02	-5.4297455E-02	+4.0440388E-02
+1.1408000E+02	-4.8639722E-02	+4.7347769E-02
+1.1414000E+02	-4.2110335E-02	+5.3465597E-02
+1.1420000E+02	-3.4819115E-02	+5.8684900E-02
+1.1426000E+02	-2.6889388E-02	+6.2911928E-02
+1.1432000E+02	-1.8455846E-02	+6.6069752E-02
+1.1438000E+02	-9.6622538E-03	+6.8099722E-02
+1.1444000E+02	-6.5901835E-04	+6.8962418E-02
+1.1450000E+02	+8.3993990E-03	+6.8638444E-02
+1.1456000E+02	+1.7357137E-02	+6.7128755E-02
+1.1462000E+02	+2.6059605E-02	+6.4454682E-02
+1.1468000E+02	+3.4356140E-02	+6.0657624E-02
+1.1474000E+02	+4.2102575E-02	+5.5798423E-02
+1.1480000E+02	+4.9163748E-02	+4.9956243E-02
+1.1486000E+02	+5.5415828E-02	+4.3227404E-02
+1.1492000E+02	+6.0748462E-02	+3.5723645E-02
+1.1498000E+02	+6.5066695E-02	+2.7570294E-02
+1.1504000E+02	+6.8292581E-02	+1.8904228E-02
+1.1510000E+02	+7.0366599E-02	+9.8714205E-03
+1.1516000E+02	+7.1248695E-02	+6.2459405E-04
+1.1522000E+02	+7.0918985E-02	-8.6794142E-03
+1.1528000E+02	+6.9378167E-02	-1.7882302E-02
+1.1534000E+02	+6.6647537E-02	-2.6826998E-02
+1.1540000E+02	+6.2768683E-02	-3.5360325E-02
+1.1546000E+02	+5.7802781E-02	-4.3335598E-02
+1.1552000E+02	+5.1829699E-02	-5.0615143E-02
+1.1558000E+02	+4.4946607E-02	-5.7072636E-02
+1.1564000E+02	+3.7266374E-02	-6.2595293E-02
+1.1570000E+02	+2.8915714E-02	-6.7085750E-02
+1.1576000E+02	+2.0033108E-02	-7.0463806E-02
+1.1582000E+02	+1.0766437E-02	-7.2667792E-02
+1.1588000E+02	+1.2705607E-03	-7.3655613E-02
+1.1594000E+02	-8.2953479E-03	-7.3405601E-02
+1.1600000E+02	-1.7770389E-02	-7.1916796E-02
+1.1606000E+02	-2.6994681E-02	-6.9209144E-02
+1.1612000E+02	-3.5812031E-02	-6.5323077E-02
+1.1618000E+02	-4.4072628E-02	-6.0319018E-02
+1.1624000E+02	-5.1635411E-02	-5.4276314E-02
+1.1630000E+02	-5.8370706E-02	-4.7291964E-02
+1.1636000E+02	-6.4162150E-02	-3.9479110E-02
+1.1642000E+02	-6.8908922E-02	-3.0965006E-02
+1.1648000E+02	-7.2527237E-02	-2.1889217E-02
+1.1654000E+02	-7.4951932E-02	-1.2400999E-02
+1.1660000E+02	-7.6137565E-02	-2.6570342E-03
+1.1666000E+02	-7.6059185E-02	+7.1812123E-03
+1.1672000E+02	-7.4712843E-02	+1.6950233E-02
+1.1678000E+02	-7.2115675E-02	+2.6487127E-02
+1.1684000E+02	-6.8305641E-02	+3.5632275E-02
+1.1690000E+02	-6.3340999E-02	+4.4232111E-02
+1.1696000E+02	-5.7299402E-02	+5.2141611E-02
+1.1702000E+02	-5.0276551E-02	+5.9226695E-02
+1.1708000E+02	-4.2384718E-02	+6.5366603E-02
+1.1714000E+02	-3.3750981E-02	+7.0455700E-02
+1.1720000E+02	-2.4515050E-02	+7.4405499E-02
+1.1726000E+02	-1.4827011E-02	+7.7146016E-02
+1.1732000E+02	-4.8450083E-03	+7.8627005E-02
+1.1738000E+02	+5.2676075E-03	+7.8818858E-02
+1.1744000E+02	+1.5344736E-02	+7.7713095E-02
+1.1750000E+02	+2.5220331E-02	+7.5322568E-02
+1.1756000E+02	+3.4731131E-02	+7.1681321E-02
+1.1762000E+02	+4.3719362E-02	+6.6844054E-02
+1.1768000E+02	+5.2035313E-02	+6.0885299E-02
+1.1774000E+02	+5.9539881E-02	+5.3898193E-02
+1.1780000E+02	+6.6106774E-02	+4.5993034E-02
+1.1786000E+02	+7.1624644E-02	+3.7295509E-02
+1.1792000E+02	+7.5999007E-02	+2.7944652E-02
+1.1798000E+02	+7.9153754E-02	+1.8090621E-02
+1.1804000E+02	+8.1032448E-02	+7.8922547E-03
+1.1810000E+02	+8.1599288E-02	-2.4854955E-03
+1.1816000E+02	+8.0839783E-02	-1.2874240E-02
+1.1822000E+02	+7.8760982E-02	-2.3104893E-02
+1.1828000E+02	+7.5391419E-02	-3.3010416E-02
+1.1834000E+02	+7.0780687E-02	-4.2428549E-02
+1.1840000E+02	+6.4998746E-02	-5.1204450E-02
+1.1846000E+02	+5.8134705E-02	-5.9193231E-02
+1.1852000E+02	+5.0295543E-02	-6.6262312E-02
+1.1858000E+02	+4.1604329E-02	-7.2293632E-02
+1.1864000E+02	+3.2198295E-02	-7.7185564E-02
+1.1870000E+02	+2.2226658E-02	-8.0854580E-02
+1.1876000E+02	+1.1848217E-02	-8.3236687E-02
+1.1882000E+02	+1.2288057E-03	-8.4288485E-02
+1.1888000E+02	-9.4614048E-03	-8.3987840E-02
+1.1894000E+02	-2.0050522E-02	-8.2334407E-02
+1.1900000E+02	-3.0367875E-02	-7.9349570E-02
+1.1906000E+02	-4.0246557E-02	-7.5076230E-02
+1.1912000E+02	-4.9526326E-02	-6.9578074E-02
+1.1918000E+02	-5.8056068E-02	-6.2938645E-02
+1.1924000E+02	-6.5696180E-02	-5.5260066E-02
+1.1930000E+02	-7.2321035E-02	-4.6661362E-02
+1.1936000E+02	-7.7820860E-02	-3.7276648E-02
+1.1942000E+02	-8.2103528E-02	-2.7252965E-02
+1.1948000E+02	-8.5096158E-02	-1.6748000E-02
+1.1954000E+02	-8.6746246E-02	-5.9275916E-03
+1.1960000E+02	-8.7022550E-02	+5.0369822E-03
+1.1966000E+02	-8.5915670E-02	+1.5971672E-02
+1.1972000E+02	-8.3438136E-02	+2.6702423E-02
+1.1978000E+02	-7.9624422E-02	+3.7057880E-02
+1.1984000E+02	-7.4530222E-02	+4.6872299E-02
+1.1990000E+02	-6.8231791E-02	+5.5988044E-02
+1.1996000E+02	-6.0824655E-02	+6.4258128E-02
+1.2002000E+02	-5.2422192E-02	+7.1548581E-02
+1.2008000E+02	-4.3153860E-02	+7.7740587E-02
+1.2014000E+02	-3.3163052E-02	+8.2732476E-02
+1.2020000E+02	-2.2605065E-02	+8.6441189E-02
+1.2026000E+02	-1.1644511E-02	+8.8803798E-02
+1.2032000E+02	-4.5276681E-04	+8.9778386E-02
+1.2038000E+02	+1.0794719E-02	+8.9344881E-02
+1.2044000E+02	+2.1921145E-02	+8.7505296E-02
+1.2050000E+02	+3.2751217E-02	+8.4283806E-02
+1.2056000E+02	+4.3113858E-02	+7.9726353E-02
+1.2062000E+02	+5.2844912E-02	+7.3899955E-02
+1.2068000E+02	+6.1789725E-02	+6.6891782E-02
+1.2074000E+02	+6.9805637E-02	+5.8807675E-02
+1.2080000E+02	+7.6764166E-02	+4.9770586E-02
+1.2086000E+02	+8.2553089E-02	+3.9918724E-02
+1.2092000E+02	+8.7078206E-02	+2.9403305E-02
+1.2098000E+02	+9.0264887E-02	+1.8386291E-02
+1.2104000E+02	+9.2059158E-02	+7.0378319E-03
+1.2110000E+02	+9.2428684E-02	-4.4663656E-03
+1.2116000E+02	+9.1363251E-02	-1.5947774E-02
+1.2122000E+02	+8.8874921E-02	-2.7227825E-02
+1.2128000E+02	+8.4997982E-02	-3.8130693E-02
+1.2134000E+02	+7.9788312E-02	-4.8486028E-02
+1.2140000E+02	+7.3322624E-02	-5.8131617E-02
+1.2146000E+02	+6.5697283E-02	-6.6915914E-02
+1.2152000E+02	+5.7026789E-02	-7.4700400E-02
+1.2158000E+02	+4.7442120E-02	-8.1361748E-02
+1.2164000E+02	+3.7088599E-02	-8.6793736E-02
+1.2170000E+02	+2.6123799E-02	-9.0908967E-02
+1.2176000E+02	+1.4714975E-02	-9.3640164E-02
+1.2182000E+02	+3.0365956E-03	-9.4941266E-02
+1.2188000E+02	-8.7323776E-03	-9.4788186E-02
+1.2194000E+02	-2.0411288E-02	-9.3179151E-02
+1.2200000E+02	-3.1820387E-02	-9.0134822E-02
+1.2206000E+02	-4.2783916E-02	-8.5697919E-02
+1.2212000E+02	-5.3132534E-02	-7.9932652E-02
+1.2218000E+02	-6.2706009E-02	-7.2923720E-02
+1.2224000E+02	-7.1355708E-02	-6.4775027E-02
+1.2230000E+02	-7.8946956E-02	-5.5608135E-02
+1.2236000E+02	-8.5360982E-02	-4.5560356E-02
+1.2242000E+02	-9.0496749E-02	-3.4782793E-02
+1.2248000E+02	-9.4272703E-02	-2.3437817E-02
+1.2254000E+02	-9.6627757E-02	-1.1696847E-02
+1.2260000E+02	-9.7522497E-02	+2.6246844E-04
+1.2266000E+02	-9.6939631E-02	+1.2258781E-02
+1.2272000E+02	-9.4884321E-02	+2.4109965E-02
+1.2278000E+02	-9.1384120E-02	+3.5635795E-02
+1.2284000E+02	-8.6488605E-02	+4.6660684E-02
+1.2290000E+02	-8.0268554E-02	+5.7016406E-02
+1.2296000E+02	-7.2814956E-02	+6.6544652E-02
+1.2302000E+02	-6.4237587E-02	+7.5099342E-02
+1.2308000E+02	-5.4663491E-02	+8.2548991E-02
+1.2314000E+02	-4.4234745E-02	+8.8778600E-02
+1.2320000E+02	-3.3106785E-02	+9.3691446E-02
+1.2326000E+02	-2.1445584E-02	+9.7210549E-02
+1.2332000E+02	-9.4254911E-03	+9.9279866E-02
+1.2338000E+02	+2.7734605E-03	+9.9865034E-02
+1.2344000E+02	+1.4968479E-02	+9.8954074E-02
+1.2350000E+02	+2.6976466E-02	+9.6557446E-02
+1.2356000E+02	+3.8616963E-02	+9.2707925E-02
+1.2362000E+02	+4.9714848E-02	+8.7460153E-02
+1.2368000E+02	+6.0102835E-02	+8.0889769E-02
+1.2374000E+02	+6.9624178E-02	+7.3092341E-02
+1.2380000E+02	+7.8134850E-02	+6.4181887E-02
+1.2386000E+02	+8.5505858E-02	+5.4289196E-02
+1.2392000E+02	+9.1625035E-02	+4.3559849E-02
+1.2398000E+02	+9.6398808E-02	+3.2152090E-02
+1.2404000E+02	+9.9753544E-02	+2.0234404E-02
+1.2410000E+02	+1.0163671E-01	+7.9830568E-03
+1.2416000E+02	+1.0201759E-01	-4.4205626E-03
+1.2422000E+02	+1.0088781E-01	-1.6792638E-02
+1.2428000E+02	+9.8261386E-02	-2.8949648E-02
+1.2434000E+02	+9.4174594E-02	-4.0711123E-02
+1.2440000E+02	+8.8685371E-02	-5.1902298E-02
+1.2446000E+02	+8.1872456E-02	-6.2356696E-02
+1.2452000E+02	+7.3834293E-02	-7.1918644E-02
+1.2458000E+02	+6.4687431E-02	-8.0445543E-02
+1.2464000E+02	+5.4564957E-02	-8.7809950E-02
+1.2470000E+02	+4.3614402E-02	-9.3901508E-02
+1.2476000E+02	+3.1995606E-02	-9.8628566E-02
+1.2482000E+02	+1.9878428E-02	-1.0191947E-01
+1.2488000E+02	+7.4400408E-03	-1.0372369E-01
+1.2494000E+02	-5.1374985E-03	-1.0401250E-01
+1.2500000E+02	-1.7669981E-02	-1.0277946E-01
+1.2506000E+02	-2.9973716E-02	-1.0004036E-01
+1.2512000E+02	-4.1868363E-02	-9.5833190E-02
+1.2518000E+02	-5.3179443E-02	-9.0217382E-02
+1.2524000E+02	-6.3740924E-02	-8.3273016E-02
+1.2530000E+02	-7.3397644E-02	-7.5099647E-02
+1.2536000E+02	-8.2007684E-02	-6.5814815E-02
+1.2542000E+02	-8.9444220E-02	-5.5552315E-02
+1.2548000E+02	-9.5597558E-02	-4.4460252E-02
+1.2554000E+02	-1.0037667E-01	-3.2698806E-02
+1.2560000E+02	-1.0371041E-01	-2.0437999E-02
+1.2566000E+02	-1.0554874E-01	-7.8551555E-03
+1.2572000E+02	-1.0586321E-01	+4.8676990E-03
+1.2578000E+02	-1.0464754E-01	+1.7546460E-02
+1.2584000E+02	-1.0191759E-01	+2.9997649E-02
+1.2590000E+02	-9.7711168E-02	+4.2041030E-02
+1.2596000E+02	-9.2087418E-02	+5.3502217E-02
+1.2602000E+02	-8.5126042E-02	+6.4215235E-02
+1.2608000E+02	-7.6925956E-02	+7.4024916E-02
+1.2614000E+02	-6.7604013E-02	+8.2789108E-02
+1.2620000E+02	-5.7293262E-02	+9.0380661E-02
+1.2626000E+02	-4.6140905E-02	+9.6689381E-02
+1.2632000E+02	-3.4306385E-02	+1.0162346E-01
+1.2638000E+02	-2.1958789E-02	+1.0511088E-01
+1.2644000E+02	-9.2746262E-03	+1.0710038E-01
+1.2650000E+02	+3.5647205E-03	+1.0756219E-01
+1.2656000E+02	+1.6375789E-02	+1.0648843E-01
+1.2662000E+02	+2.8975403E-02	+1.0389318E-01
+1.2668000E+02	+4.1183565E-02	+9.9812306E-02
+1.2674000E+02	+5.2825823E-02	+9.4302848E-02
+1.2680000E+02	+6.3735820E-02	+8.7442271E-02
+1.2686000E+02	+7.3757723E-02	+7.9327255E-02
+1.2692000E+02	+8.2748376E-02	+7.0072331E-02
+1.2698000E+02	+9.0579301E-02	+5.9808236E-02
+1.2704000E+02	+9.7138584E-02	+4.8680007E-02
+1.2710000E+02	+1.0233238E-01	+3.6844917E-02
+1.2716000E+02	+1.0608624E-01	+2.4470203E-02
+1.2722000E+02	+1.0834619E-01	+1.1730716E-02
+1.2728000E+02	+1.0907938E-01	-1.1936012E-03
+1.2734000E+02	+1.0827462E-01	-1.4120257E-02
+1.2740000E+02	+1.0594243E-01	-2.6866799E-02
+1.2746000E+02	+1.0211488E-01	-3.9253391E-02
+1.2752000E+02	+9.6845172E-02	-5.1105361E-02
+1.2758000E+02	+9.0206772E-02	-6.2255643E-02
+1.2764000E+02	+8.2292378E-02	-7.2547130E-02
+1.2770000E+02	+7.3212601E-02	-8.1834882E-02
+1.2776000E+02	+6.3094370E-02	-8.9988135E-02
+1.2782000E+02	+5.2079093E-02	-9.6892096E-02
+1.2788000E+02	+4.0320773E-02	-1.0244957E-01
+1.2794000E+02	+2.7983615E-02	-1.0658231E-01
+1.2800000E+02	+1.5239916E-02	-1.0923203E-01
+1.2806000E+02	+2.2675521E-03	-1.1036120E-01
+1.2812000E+02	-1.0752583E-02	-1.0995361E-01
+1.2817999E+02	-2.3639048E-02	-1.0801442E-01
+1.2824001E+02	-3.6212228E-02	-1.0457023E-01
+1.2830000E+02	-4.8297193E-02	-9.9668533E-02
+1.2836000E+02	-5.9725780E-02	-9.3377076E-02
+1.2842000E+02	-7.0339151E-02	-8.5782893E-02
+1.2848000E+02	-7.9989836E-02	-7.6991089E-02
+1.2853999E+02	-8.8543855E-02	-6.7123219E-02
+1.2860001E+02	-9.5882602E-02	-5.6315713E-02
+1.2866000E+02	-1.0190429E-01	-4.4717893E-02
+1.2872000E+02	-1.0652543E-01	-3.2489967E-02
+1.2878000E+02	-1.0968205E-01	-1.9800615E-02
+1.2884000E+02	-1.1133033E-01	-6.8248655E-03
+1.2889999E+02	-1.1144739E-01	+6.2584779E-03
+1.2896001E+02	-1.1003143E-01	+1.9269360E-02
+1.2902000E+02	-1.0710173E-01	+3.2028764E-02
+1.2908000E+02	-1.0269841E-01	+4.4361312E-02
+1.2914000E+02	-9.6881814E-02	+5.6097664E-02
+1.2920000E+02	-8.9731582E-02	+6.7076765E-02
+1.2925999E+02	-8.1345618E-02	+7.7148117E-02
+1.2932001E+02	-7.1838707E-02	+8.6173773E-02
+1.2938000E+02	-6.1340783E-02	+9.4030254E-02
+1.2944000E+02	-4.9995255E-02	+1.0061017E-01
+1.2950000E+02	-3.7957028E-02	+1.0582361E-01
+1.2956000E+02	-2.5390236E-02	+1.0959945E-01
+1.2962000E+02	-1.2466139E-02	+1.1188625E-01
+1.2967999E+02	+6.3931051E-04	+1.1265282E-01
+1.2974001E+02	+1.3747875E-02	+1.1188877E-01
+1.2980000E+02	+2.6681418E-02	+1.0960451E-01
+1.2986000E+02	+3.9264344E-02	+1.0583106E-01
+1.2992000E+02	+5.1326033E-02	+1.0061962E-01
+1.2998000E+02	+6.2703043E-02	+9.4040863E-02
+1.3003999E+02	+7.3241338E-02	+8.6183906E-02
+1.3010001E+02	+8.2798451E-02	+7.7155076E-02
+1.3016000E+02	+9.1245264E-02	+6.7076437E-02
+1.3022000E+02	+9.8467812E-02	+5.6084096E-02
+1.3028000E+02	+1.0436872E-01	+4.4326384E-02
+1.3034000E+02	+1.0886856E-01	+3.1961791E-02
+1.3039999E+02	+1.1190683E-01	+1.9156827E-02
+1.3046001E+02	+1.1344275E-01	+6.0837679E-03
+1.3052000E+02	+1.1345578E-01	-7.0816721E-03
+1.3058000E+02	+1.1194587E-01	-2.0162718E-02
+1.3064000E+02	+1.0893336E-01	-3.2983888E-02
+1.3070000E+02	+1.0445876E-01	-4.5373403E-02
+1.3075999E+02	+9.8582119E-02	-5.7165284E-02
+1.3082001E+02	+9.1382101E-02	-6.8201974E-02
+1.3088000E+02	+8.2955122E-02	-7.8335837E-02
+1.3094000E+02	+7.3413797E-02	-8.7431706E-02
+1.3100000E+02	+6.2885478E-02	-9.5368303E-02
+1.3106000E+02	+5.1510613E-02	-1.0203991E-01
+1.3112000E+02	+3.9440833E-02	-1.0735772E-01
+1.3117999E+02	+2.6836785E-02	-1.1125109E-01
+1.3124001E+02	+1.3866053E-02	-1.1366836E-01
+1.3130000E+02	+7.0099375E-04	-1.1457755E-01
+1.3136000E+02	-1.2483683E-02	-1.1396668E-01
+1.3142000E+02	-2.5513055E-02	-1.1184395E-01
+1.3148000E+02	-3.8214538E-02	-1.0823761E-01
+1.3153999E+02	-5.0420031E-02	-1.0319544E-01
+1.3160001E+02	-6.1968111E-02	-9.6784286E-02
+1.3166000E+02	-7.2706141E-02	-8.9088917E-02
+1.3172000E+02	-8.2492433E-02	-8.0211006E-02
+1.3178000E+02	-9.1197960E-02	-7.0267729E-02
+1.3184000E+02	-9.8707952E-02	-5.9390202E-02
+1.3189999E+02	-1.0492354E-01	-4.7721773E-02
+1.3196001E+02	-1.0976299E-01	-3.5415970E-02
+1.3202000E+02	-1.1316273E-01	-2.2634611E-02
+1.3208000E+02	-1.1507809E-01	-9.5456392E-03
+1.3214000E+02	-1.1548398E-01	+3.6790718E-03
+1.3220000E+02	-1.1437505E-01	+1.6866153E-02
+1.3225999E+02	-1.1176589E-01	+2.9842736E-02
+1.3232001E+02	-1.0769061E-01	+4.2438947E-02
+1.3238000E+02	-1.0220256E-01	+5.4489888E-02
+1.3244000E+02	-9.5373377E-02	+6.5838091E-02
+1.3250000E+02	-8.7292336E-02	+7.6335244E-02
+1.3256000E+02	-7.8064799E-02	+8.5844345E-02
+1.3262000E+02	-6.7811079E-02	+9.4241306E-02
+1.3267999E+02	-5.6664817E-02	+1.0141663E-01
+1.3274001E+02	-4.4770975E-02	+1.0727686E-01
+1.3280000E+02	-3.2284319E-02	+1.1174563E-01
+1.3286000E+02	-1.9367181E-02	+1.1476474E-01
+1.3292000E+02	-6.1872322E-03	+1.1629484E-01
+1.3298000E+02	+7.0844390E-03	+1.1631592E-01
+1.3303999E+02	+2.0275673E-02	+1.1482758E-01
+1.3310001E+02	+3.3215407E-02	+1.1184892E-01
+1.3316000E+02	+4.5736220E-02	+1.0741830E-01
+1.3322000E+02	+5.7675842E-02	+1.0159292E-01
+1.3328000E+02	+6.8879902E-02	+9.4447844E-02
+1.3334000E+02	+7.9203449E-02	+8.6075246E-02
+1.3339999E+02	+8.8513024E-02	+7.6583058E-02
+1.3346001E+02	+9.6688397E-02	+6.6093452E-02
+1.3352000E+02	+1.0362390E-01	+5.4741587E-02
+1.3358000E+02	+1.0922994E-01	+4.2673524E-02
+1.3364000E+02	+1.1343406E-01	+3.0044481E-02
+1.3370000E+02	+1.1618188E-01	+1.7016819E-02
+1.3375999E+02	+1.1743771E-01	+3.7579311E-03
+1.3382001E+02	+1.1718506E-01	-9.5618945E-03
+1.3388000E+02	+1.1542683E-01	-2.2771671E-02
+1.3394000E+02	+1.1218514E-01	-3.5701901E-02
+1.3400000E+02	+1.0750114E-01	-4.8186734E-02
+1.3406000E+02	+1.0143445E-01	-6.0066100E-02
+1.3412000E+02	+9.4062321E-02	-7.1187712E-02
+1.3417999E+02	+8.5478656E-02	-8.1409074E-02
+1.3424001E+02	+7.5792834E-02	-9.0599202E-02
+1.3430000E+02	+6.5128215E-02	-9.8640323E-02
+1.3436000E+02	+5.3620640E-02	-1.0542938E-01
+1.3442000E+02	+4.1416675E-02	-1.1087932E-01
+1.3448000E+02	+2.8671632E-02	-1.1492012E-01
+1.3453999E+02	+1.5547737E-02	-1.1749981E-01
+1.3460001E+02	+2.2120026E-03	-1.1858492E-01
+1.3466000E+02	-1.1165973E-02	-1.1816107E-01
+1.3472000E+02	-2.4416085E-02	-1.1623301E-01
+1.3478000E+02	-3.7369791E-02	-1.1282466E-01
+1.3484000E+02	-4.9862452E-02	-1.0797861E-01
+1.3489999E+02	-6.1735295E-02	-1.0175579E-01
+1.3496001E+02	-7.2837457E-02	-9.4234496E-02
+1.3502000E+02	-8.3027691E-02	-8.5509509E-02
+1.3508000E+02	-9.2176571E-02	-7.5690761E-02
+1.3514000E+02	-1.0016766E-01	-6.4902119E-02
+1.3520000E+02	-1.0689934E-01	-5.3279575E-02
+1.3525999E+02	-1.1228572E-01	-4.0969752E-02
+1.3532001E+02	-1.1625811E-01	-2.8127866E-02
+1.3538000E+02	-1.1876553E-01	-1.4915895E-02
+1.3544000E+02	-1.1977556E-01	-1.5004380E-03
+1.3550000E+02	-1.1927462E-01	+1.1949372E-02
+1.3556000E+02	-1.1726824E-01	+2.5263889E-02
+1.3562000E+02	-1.1378081E-01	+3.8275264E-02
+1.3567999E+02	-1.0885543E-01	+5.0819382E-02
+1.3574001E+02	-1.0255328E-01	+6.2738135E-02
+1.3580000E+02	-9.4952814E-02	+7.3881119E-02
+1.3586000E+02	-8.6148836E-02	+8.4107801E-02
+1.3592000E+02	-7.6251261E-02	+9.3289100E-02
+1.3598000E+02	-6.5383799E-02	+1.0130897E-01
+1.3603999E+02	-5.3682212E-02	+1.0806610E-01
+1.3610001E+02	-4.1292809E-02	+1.1347488E-01
+1.3616000E+02	-2.8370537E-02	+1.1746661E-01
+1.3622000E+02	-1.5077040E-02	+1.1999036E-01
+1.3628000E+02	-1.5785004E-03	+1.2101358E-01
+1.3634000E+02	+1.1956134E-02	+1.2052247E-01
+1.3639999E+02	+2.5357505E-02	+1.1852217E-01
+1.3646001E+02	+3.8457982E-02	+1.1503667E-01
+1.3652000E+02	+5.1093560E-02	+1.1010858E-01
+1.3658000E+02	+6.3106067E-02	+1.0379846E-01
+1.3664000E+02	+7.4345082E-02	+9.6184179E-02
+1.3670000E+02	+8.4669776E-02	+8.7359883E-02
+1.3675999E+02	+9.3950763E-02	+7.7434786E-02
+1.3682001E+02	+1.0207158E-01	+6.6531874E-02
+1.3688000E+02	+1.0893025E-01	+5.4786365E-02
+1.3694000E+02	+1.1444040E-01	+4.2343922E-02
+1.3700000E+02	+1.1853253E-01	+2.9358961E-02
+1.3706000E+02	+1.2115473E-01	+1.5992669E-02
+1.3712000E+02	+1.2227330E-01	+2.4110049E-03
+1.3717999E+02	+1.2187330E-01	-1.1217362E-02
+1.3724001E+02	+1.1995861E-01	-2.4723146E-02
+1.3730000E+02	+1.1655190E-01	-3.7938543E-02
+1.3736000E+02	+1.1169442E-01	-5.0699320E-02
+1.3742000E+02	+1.0544538E-01	-6.2846847E-02
+1.3748000E+02	+9.7881258E-02	-7.4230045E-02
+1.3753999E+02	+8.9094840E-02	-8.4707305E-02
+1.3760001E+02	+7.9194143E-02	-9.4148174E-02
+1.3766000E+02	+6.8300925E-02	-1.0243502E-01
+1.3772000E+02	+5.6549251E-02	-1.0946449E-01
+1.3778000E+02	+4.4083931E-02	-1.1514869E-01
+1.3784000E+02	+3.1058563E-02	-1.1941642E-01
+1.3789999E+02	+1.7633673E-02	-1.2221391E-01
+1.3796001E+02	+3.9748661E-03	-1.2350556E-01
+1.3802000E+02	-9.7494470E-03	-1.2327440E-01
+1.3808000E+02	-2.3369974E-02	-1.2152218E-01
+1.3814000E+02	-3.6718607E-02	-1.1826946E-01
+1.3820000E+02	-4.9630538E-02	-1.1355529E-01
+1.3825999E+02	-6.1946463E-02	-1.0743676E-01
+1.3832001E+02	-7.3514268E-02	-9.9988252E-02
+1.3838000E+02	-8.4190995E-02	-9.1300547E-02
+1.3844000E+02	-9.3844637E-02	-8.1479706E-02
+1.3850000E+02	-1.0235586E-01	-7.0645802E-02
+1.3856000E+02	-1.0961920E-01	-5.8931276E-02
+1.3862000E+02	-1.1554463E-01	-4.6479527E-02
+1.3867999E+02	-1.2005851E-01	-3.3442941E-02
+1.3874001E+02	-1.2310448E-01	-1.9981228E-02
+1.3880000E+02	-1.2464424E-01	-6.2592914E-03
+1.3886000E+02	-1.2465795E-01	+7.5548091E-03
+1.3892000E+02	-1.2314450E-01	+2.1291737E-02
+1.3898000E+02	-1.2012147E-01	+3.4783162E-02
+1.3903999E+02	-1.1562496E-01	+4.7863726E-02
+1.3910001E+02	-1.0970914E-01	+6.0373049E-02
+1.3916000E+02	-1.0244549E-01	+7.2157748E-02
+1.3922000E+02	-9.3922116E-02	+8.3073288E-02
+1.3928000E+02	-8.4242426E-02	+9.2985757E-02
+1.3934000E+02	-7.3524065E-02	+1.0177348E-01
+1.3939999E+02	-6.1897259E-02	+1.0932851E-01
+1.3946001E+02	-4.9503520E-02	+1.1555798E-01
+1.3952000E+02	-3.6493585E-02	+1.2038517E-01
+1.3958000E+02	-2.3025714E-02	+1.2375048E-01
+1.3964000E+02	-9.2639094E-03	+1.2561214E-01
+1.3970000E+02	+4.6244315E-03	+1.2594672E-01
+1.3975999E+02	+1.8470183E-02	+1.2474938E-01
+1.3982001E+02	+3.2104950E-02	+1.2203396E-01
+1.3988000E+02	+4.5362614E-02	+1.1783276E-01
+1.3994000E+02	+5.8081955E-02	+1.1219618E-01
+1.4000000E+02	+7.0108108E-02	+1.0519209E-01
+1.4006000E+02	+8.1294738E-02	+9.6904926E-02
+1.4012000E+02	+9.1505669E-02	+8.7434769E-02
+1.4017999E+02	+1.0061657E-01	+7.6896034E-02
+1.4024001E+02	+1.0851657E-01	+6.5416098E-02
+1.4030000E+02	+1.1510939E-01	+5.3133745E-02
+1.4036000E+02	+1.2031469E-01	+4.0197488E-02
+1.4042000E+02	+1.2406895E-01	+2.6763735E-02
+1.4048000E+02	+1.2632617E-01	+1.2994906E-02
+1.4053999E+02	+1.2705861E-01	-9.4255368E-04
+1.4060001E+02	+1.2625688E-01	-1.4880185E-02
+1.4066000E+02	+1.2393019E-01	-2.8649556E-02
+1.4072000E+02	+1.2010623E-01	-4.2084314E-02
+1.4078000E+02	+1.1483072E-01	-5.5022165E-02
+1.4084000E+02	+1.0816690E-01	-6.7306884E-02
+1.4089999E+02	+1.0019479E-01	-7.8790136E-02
+1.4096001E+02	+9.1010198E-02	-8.9333341E-02
+1.4102000E+02	+8.0723427E-02	-9.8809257E-02
+1.4108000E+02	+6.9458157E-02	-1.0710357E-01
+1.4114000E+02	+5.7349719E-02	-1.1411621E-01
+1.4120000E+02	+4.4543631E-02	-1.1976262E-01
+1.4125999E+02	+3.1193718E-02	-1.2397466E-01
+1.4132001E+02	+1.7460225E-02	-1.2670147E-01
+1.4138000E+02	+3.5081089E-03	-1.2791015E-01
+1.4144000E+02	-1.0495252E-02	-1.2758595E-01
+1.4150000E+02	-2.4381921E-02	-1.2573259E-01
+1.4156000E+02	-3.7985370E-02	-1.2237211E-01
+1.4162000E+02	-5.1142525E-02	-1.1754468E-01
+1.4167999E+02	-6.3695841E-02	-1.1130796E-01
+1.4174001E+02	-7.5494982E-02	-1.0373652E-01
+1.4180000E+02	-8.6398795E-02	-9.4920829E-02
+1.4186000E+02	-9.6276827E-02	-8.4966332E-02
+1.4192000E+02	-1.0501108E-01	-7.3991865E-02
+1.4198000E+02	-1.1249720E-01	-6.2128548E-02
+1.4203999E+02	-1.1864581E-01	-4.9517918E-02
+1.4210001E+02	-1.2338360E-01	-3.6310479E-02
+1.4216000E+02	-1.2665412E-01	-2.2663666E-02
+1.4222000E+02	-1.2841846E-01	-8.7401485E-03
+1.4228000E+02	-1.2865564E-01	+5.2942219E-03
+1.4234000E+02	-1.2736301E-01	+1.9272488E-02
+1.4239999E+02	-1.2455601E-01	+3.3028256E-02
+1.4246001E+02	-1.2026813E-01	+4.6398073E-02
+1.4252000E+02	-1.1455051E-01	+5.9223060E-02
+1.4258000E+02	-1.0747115E-01	+7.1351066E-02
+1.4264000E+02	-9.9114306E-02	+8.2638144E-02
+1.4270000E+02	-8.9579195E-02	+9.2950575E-02
+1.4275999E+02	-7.8979045E-02	+1.0216626E-01
+1.4282001E+02	-6.7439660E-02	+1.1017612E-01
+1.4288000E+02	-5.5097770E-02	+1.1688554E-01
+1.4294000E+02	-4.2099573E-02	+1.2221535E-01
+1.4300000E+02	-2.8598908E-02	+1.2610276E-01
+1.4306000E+02	-1.4755516E-02	+1.2850209E-01
+1.4312000E+02	-7.3293346E-04	+1.2938531E-01
+1.4317999E+02	+1.3303185E-02	+1.2874229E-01
+1.4324001E+02	+2.7187280E-02	+1.2658097E-01
+1.4330000E+02	+4.0755663E-02	+1.2292714E-01
+1.4336000E+02	+5.3848412E-02	+1.1782428E-01
+1.4342000E+02	+6.6311516E-02	+1.1133280E-01
+1.4348000E+02	+7.7998392E-02	+1.0352947E-01
+1.4353999E+02	+8.8771768E-02	+9.4506413E-02
+1.4360001E+02	+9.8505169E-02	+8.4370069E-02
+1.4366000E+02	+1.0708454E-01	+7.3239826E-02
+1.4372000E+02	+1.1440943E-01	+6.1246667E-02
+1.4378000E+02	+1.2039424E-01	+4.8531599E-02
+1.4384000E+02	+1.2496914E-01	+3.5243973E-02
+1.4389999E+02	+1.2808092E-01	+2.1539724E-02
+1.4396001E+02	+1.2969352E-01	+7.5795250E-03
+1.4402000E+02	+1.2978856E-01	-6.4730844E-03
+1.4408000E+02	+1.2836537E-01	-2.0453637E-02
+1.4414000E+02	+1.2544104E-01	-3.4198657E-02
+1.4420000E+02	+1.2105022E-01	-4.7547553E-02
+1.4425999E+02	+1.1524469E-01	-6.0344532E-02
+1.4432001E+02	+1.0809267E-01	-7.2440371E-02
+1.4438000E+02	+9.9677980E-02	-8.3694167E-02
+1.4444000E+02	+9.0099193E-02	-9.3974955E-02
+1.4450000E+02	+7.9468265E-02	-1.0316326E-01
+1.4456000E+02	+6.7909412E-02	-1.1115239E-01
+1.4462000E+02	+5.5557419E-02	-1.1784977E-01
+1.4467999E+02	+4.2556252E-02	-1.2317787E-01
+1.4474001E+02	+2.9057261E-02	-1.2707521E-01
+1.4480000E+02	+1.5217504E-02	-1.2949696E-01
+1.4486000E+02	+1.1977147E-03	-1.3041547E-01
+1.4492000E+02	-1.2839164E-02	-1.2982054E-01
+1.4498000E+02	-2.6730541E-02	-1.2771954E-01
+1.4503999E+02	-4.0315229E-02	-1.2413735E-01
+1.4510001E+02	-5.3435985E-02	-1.1911590E-01
+1.4516000E+02	-6.5941118E-02	-1.1271376E-01
+1.4522000E+02	-7.7685960E-02	-1.0500548E-01
+1.4528000E+02	-8.8535003E-02	-9.6080579E-02
+1.4534000E+02	-9.8362975E-02	-8.6042605E-02
+1.4539999E+02	-1.0705674E-01	-7.5007886E-02
+1.4546001E+02	-1.1451621E-01	-6.3104026E-02
+1.4552000E+02	-1.2065561E-01	-5.0468769E-02
+1.4558000E+02	-1.2540454E-01	-3.7247963E-02
+1.4564000E+02	-1.2870860E-01	-2.3594204E-02
+1.4570000E+02	-1.3053012E-01	-9.6649416E-03
+1.4575999E+02	-1.3084851E-01	+4.3794271E-03
+1.4582001E+02	-1.2966049E-01	+1.8377159E-02
+1.4588000E+02	-1.2698008E-01	+3.2167297E-02
+1.4594000E+02	-1.2283842E-01	+4.5591328E-02
+1.4600000E+02	-1.1728347E-01	+5.8495130E-02
+1.4606000E+02	-1.1037934E-01	+7.0730545E-02
+1.4612000E+02	-1.0220554E-01	+8.2157336E-02
+1.4617999E+02	-9.2856139E-02	+9.2644528E-02
+1.4624001E+02	-8.2438543E-02	+1.0207208E-01
+1.4630000E+02	-7.1072370E-02	+1.1033215E-01
+1.4636000E+02	-5.8887944E-02	+1.1733033E-01
+1.4642000E+02	-4.6024904E-02	+1.2298664E-01
+1.4648000E+02	-3.2630593E-02	+1.2723663E-01
+1.4653999E+02	-1.8858314E-02	+1.3003187E-01
+1.4660001E+02	-4.8654624E-03	+1.3134061E-01
+1.4666000E+02	+9.1879210E-03	+1.3114804E-01
+1.4672000E+02	+2.3141392E-02	+1.2945659E-01
+1.4678000E+02	+3.6835682E-02	+1.2628572E-01
+1.4684000E+02	+5.0114490E-02	+1.2167167E-01
+1.4689999E+02	+6.2826455E-02	+1.1566728E-01
+1.4696001E+02	+7.4826725E-02	+1.0834102E-01
+1.4702000E+02	+8.5978530E-02	+9.9776514E-02
+1.4708000E+02	+9.6154928E-02	+9.0071313E-02
+1.4714000E+02	+1.0524013E-01	+7.9335965E-02
+1.4720000E+02	+1.1313072E-01	+6.7692652E-02
+1.4725999E+02	+1.1973701E-01	+5.5273831E-02
+1.4732001E+02	+1.2498390E-01	+4.2220686E-02
+1.4738000E+02	+1.2881167E-01	+2.8681554E-02
+1.4744000E+02	+1.3117689E-01	+1.4810228E-02
+1.4750000E+02	+1.3205262E-01	+7.6420564E-04
+1.4756000E+02	+1.3142882E-01	-1.3297095E-02
+1.4762000E+02	+1.2931250E-01	-2.7214142E-02
+1.4767999E+02	+1.2572756E-01	-4.0829085E-02
+1.4774001E+02	+1.2071449E-01	-5.3987592E-02
+1.4780000E+02	+1.1433000E-01	-6.6540405E-02
+1.4786000E+02	+1.0664628E-01	-7.8345306E-02
+1.4792000E+02	+9.7750120E-02	-8.9268625E-02
+1.4798000E+02	+8.7742068E-02	-9.9186510E-02
+1.4803999E+02	+7.6735318E-02	-1.0798655E-01
+1.4810001E+02	+6.4854078E-02	-1.1556917E-01
+1.4816000E+02	+5.2232493E-02	-1.2184842E-01
+1.4822000E+02	+3.9013274E-02	-1.2675299E-01
+1.4828000E+02	+2.5345532E-02	-1.3022731E-01
+1.4834000E+02	+1.1383682E-02	-1.3223179E-01
+1.4839999E+02	-2.7148495E-03	-1.3274355E-01
+1.4846001E+02	-1.6790951E-02	-1.3175647E-01
+1.4852000E+02	-3.0685706E-02	-1.2928134E-01
+1.4858000E+02	-4.4242386E-02	-1.2534572E-01
+1.4864000E+02	-5.7308037E-02	-1.1999366E-01
+1.4870000E+02	-6.9735289E-02	-1.1328507E-01
+1.4875999E+02	-8.1383877E-02	-1.0529526E-01
+1.4882001E+02	-9.2122488E-02	-9.6113808E-02
+1.4888000E+02	-1.0182984E-01	-8.5843816E-02
+1.4894000E+02	-1.1039635E-01	-7.4600600E-02
+1.4900000E+02	-1.1772531E-01	-6.2510356E-02
+1.4906000E+02	-1.2373391E-01	-4.9708840E-02
+1.4912000E+02	-1.2835407E-01	-3.6339939E-02
+1.4917999E+02	-1.3153346E-01	-2.2553658E-02
+1.4924001E+02	-1.3323584E-01	-8.5048880E-03
+1.4930000E+02	-1.3344164E-01	+5.6485659E-03
+1.4936000E+02	-1.3214803E-01	+1.9747749E-02
+1.4942000E+02	-1.2936896E-01	+3.3634331E-02
+1.4948000E+02	-1.2513520E-01	+4.7152206E-02
+1.4953999E+02	-1.1949374E-01	+6.0149562E-02
+1.4960001E+02	-1.1250737E-01	+7.2480410E-02
+1.4966000E+02	-1.0425404E-01	+8.4006108E-02
+1.4972000E+02	-9.4825827E-02	+9.4597101E-02
+1.4978000E+02	-8.4328003E-02	+1.0413431E-01
+1.4984000E+02	-7.2877921E-02	+1.1251041E-01
+1.4989999E+02	-6.0603514E-02	+1.1963113E-01
+1.4996001E+02	-4.7642022E-02	+1.2541620E-01
+1.5002000E+02	-3.4138322E-02	+1.2980038E-01
+1.5008000E+02	-2.0243501E-02	+1.3273400E-01
+1.5014000E+02	-6.1129867E-03	+1.3418369E-01
+1.5020000E+02	+8.0951378E-03	+1.3413271E-01
+1.5025999E+02	+2.2221973E-02	+1.3258107E-01
+1.5032001E+02	+3.6109511E-02	+1.2954555E-01
+1.5038000E+02	+4.9602203E-02	+1.2505960E-01
+1.5044000E+02	+6.2549040E-02	+1.1917286E-01
+1.5050000E+02	+7.4805230E-02	+1.1195061E-01
+1.5056000E+02	+8.6233482E-02	+1.0347310E-01
+1.5062000E+02	+9.6705817E-02	+9.3834601E-02
+1.5067999E+02	+1.0610493E-01	+8.3142415E-02
+1.5074001E+02	+1.1432551E-01	+7.1515568E-02
+1.5080000E+02	+1.2127537E-01	+5.9083540E-02
+1.5086000E+02	+1.2687650E-01	+4.5984861E-02
+1.5092000E+02	+1.3106604E-01	+3.2365475E-02
+1.5098000E+02	+1.3379672E-01	+1.8377148E-02
+1.5103999E+02	+1.3503771E-01	+4.1757901E-03
+1.5110001E+02	+1.3477468E-01	-1.0080312E-02
+1.5116000E+02	+1.3301013E-01	-2.4232253E-02
+1.5122000E+02	+1.2976336E-01	-3.8122293E-02
+1.5128000E+02	+1.2507010E-01	-5.1595595E-02
+1.5134000E+02	+1.1898223E-01	-6.4501986E-02
+1.5139999E+02	+1.1156726E-01	-7.6697573E-02
+1.5146001E+02	+1.0290736E-01	-8.8046439E-02
+1.5152000E+02	+9.3098655E-02	-9.8422088E-02
+1.5158000E+02	+8.2250036E-02	-1.0770883E-01
+1.5164000E+02	+7.0481956E-02	-1.1580316E-01
+1.5170000E+02	+5.7925113E-02	-1.2261482E-01
+1.5175999E+02	+4.4719007E-02	-1.2806787E-01
+1.5182001E+02	+3.1010279E-02	-1.3210146E-01
+1.5188000E+02	+1.6951161E-02	-1.3467056E-01
+1.5194000E+02	+2.6977924E-03	-1.3574642E-01
+1.5200000E+02	-1.1591580E-02	-1.3531692E-01
+1.5206000E+02	-2.5758304E-02	-1.3338667E-01
+1.5212000E+02	-3.9645124E-02	-1.2997694E-01
+1.5217999E+02	-5.3097956E-02	-1.2512547E-01
+1.5224001E+02	-6.5967627E-02	-1.1888591E-01
+1.5230000E+02	-7.8111321E-02	-1.1132746E-01
+1.5236000E+02	-8.9394398E-02	-1.0253383E-01
+1.5242000E+02	-9.9691883E-02	-9.2602439E-02
+1.5248000E+02	-1.0888965E-01	-8.1643336E-02
+1.5253999E+02	-1.1688593E-01	-6.9777846E-02
+1.5260001E+02	-1.2359213E-01	-5.7137445E-02
+1.5266000E+02	-1.2893419E-01	-4.3861996E-02
+1.5272000E+02	-1.3285306E-01	-3.0098451E-02
+1.5278000E+02	-1.3530557E-01	-1.5999027E-02
+1.5284000E+02	-1.3626476E-01	-1.7196718E-03
+1.5289999E+02	-1.3572018E-01	+1.2581795E-02
+1.5296001E+02	-1.3367805E-01	+2.6747359E-02
+1.5302000E+02	-1.3016124E-01	+4.0620588E-02
+1.5308000E+02	-1.2520875E-01	+5.4048397E-02
+1.5314000E+02	-1.1887557E-01	+6.6882700E-02
+1.5320000E+02	-1.1123185E-01	+7.8982003E-02
+1.5325999E+02	-1.0236221E-01	+9.0213083E-02
+1.5332001E+02	-9.2364669E-02	+1.0045238E-01
+1.5338000E+02	-8.1349738E-02	+1.0958729E-01
+1.5344000E+02	-6.9439039E-02	+1.1751753E-01
+1.5350000E+02	-5.6764033E-02	+1.2415614E-01
+1.5356000E+02	-4.3464422E-02	+1.2943052E-01
+1.5362000E+02	-2.9686671E-02	+1.3328306E-01
+1.5367999E+02	-1.5582580E-02	+1.3567196E-01
+1.5374001E+02	-1.3072205E-03	+1.3657150E-01
+1.5380000E+02	+1.2982407E-02	+1.3597237E-01
+1.5386000E+02	+2.7129441E-02	+1.3388179E-01
+1.5392000E+02	+4.0978596E-02	+1.3032338E-01
+1.5398000E+02	+5.4378007E-02	+1.2533681E-01
+1.5403999E+02	+6.7180969E-02	+1.1897744E-01
+1.5410001E+02	+7.9247333E-02	+1.1131568E-01
+1.5416000E+02	+9.0445295E-02	+1.0243615E-01
+1.5422000E+02	+1.0065261E-01	+9.2436746E-02
+1.5428000E+02	+1.0975803E-01	+8.1427500E-02
+1.5434000E+02	+1.1766258E-01	+6.9529489E-02
+1.5439999E+02	+1.2428042E-01	+5.6873370E-02
+1.5446001E+02	+1.2953995E-01	+4.3597925E-02
+1.5452000E+02	+1.3338450E-01	+2.9848615E-02
+1.5458000E+02	+1.3577293E-01	+1.5775906E-02
+1.5464000E+02	+1.3668005E-01	+1.5336415E-03
+1.5470000E+02	+1.3609694E-01	-1.2722651E-02
+1.5475999E+02	+1.3403089E-01	-2.6837470E-02
+1.5482001E+02	+1.3050543E-01	-4.0657032E-02
+1.5488000E+02	+1.2555991E-01	-5.4030959E-02
+1.5494000E+02	+1.1924920E-01	-6.6813894E-02
+1.5500000E+02	+1.1164293E-01	-7.8867100E-02
+1.5506000E+02	+1.0282473E-01	-9.0059966E-02
+1.5512000E+02	+9.2891388E-02	-1.0027137E-01
+1.5517999E+02	+8.1951663E-02	-1.0939106E-01
+1.5524001E+02	+7.0125133E-02	-1.1732073E-01
+1.5530000E+02	+5.7540860E-02	-1.2397520E-01
+1.5536000E+02	+4.4335961E-02	-1.2928317E-01
+1.5542000E+02	+3.0654101E-02	-1.3318811E-01
+1.5548000E+02	+1.6644005E-02	-1.3564871E-01
+1.5553999E+02	+2.4577281E-03	-1.3663946E-01
+1.5560001E+02	-1.1751037E-02	-1.3615073E-01
+1.5566000E+02	-2.5828388E-02	-1.3418896E-01
+1.5572000E+02	-3.9622232E-02	-1.3077649E-01
+1.5578000E+02	-5.2983556E-02	-1.2595138E-01
+1.5584000E+02	-6.5768398E-02	-1.1976682E-01
+1.5589999E+02	-7.7839062E-02	-1.1229073E-01
+1.5596001E+02	-8.9065842E-02	-1.0360476E-01
+1.5602000E+02	-9.9328279E-02	-9.3803607E-02
+1.5608000E+02	-1.0851633E-01	-8.2993850E-02
+1.5614000E+02	-1.1653199E-01	-7.1292691E-02
+1.5620000E+02	-1.2328968E-01	-5.8826946E-02
+1.5625999E+02	-1.2871760E-01	-4.5731436E-02
+1.5632001E+02	-1.3275848E-01	-3.2147497E-02
+1.5638000E+02	-1.3536982E-01	-1.8221635E-02
+1.5644000E+02	-1.3652463E-01	-4.1037942E-03
+1.5650000E+02	-1.3621163E-01	+1.0054145E-02
+1.5656000E+02	-1.3443524E-01	+2.4100136E-02
+1.5662000E+02	-1.3121563E-01	+3.7883498E-02
+1.5667999E+02	-1.2658836E-01	+5.1256575E-02
+1.5674001E+02	-1.2060405E-01	+6.4076267E-02
+1.5680000E+02	-1.1332780E-01	+7.6205567E-02
+1.5686000E+02	-1.0483843E-01	+8.7514982E-02
+1.5692000E+02	-9.5227726E-02	+9.7883984E-02
+1.5698000E+02	-8.4599234E-02	+1.0720232E-01
+1.5703999E+02	-7.3067307E-02	+1.1537092E-01
+1.5710001E+02	-6.0755800E-02	+1.2230324E-01
+1.5716000E+02	-4.7796834E-02	+1.2792595E-01
+1.5722000E+02	-3.4329213E-02	+1.3217980E-01
+1.5728000E+02	-2.0496987E-02	+1.3502018E-01
+1.5734000E+02	-6.4479429E-03	+1.3641763E-01
+1.5739999E+02	+7.6678041E-03	+1.3635802E-01
+1.5746001E+02	+2.1699840E-02	+1.3484281E-01
+1.5752000E+02	+3.5498593E-02	+1.3188890E-01
+1.5758000E+02	+4.8917182E-02	+1.2752849E-01
+1.5764000E+02	+6.1812926E-02	+1.2180869E-01
+1.5770000E+02	+7.4048810E-02	+1.1479105E-01
+1.5775999E+02	+8.5494913E-02	+1.0655080E-01
+1.5782001E+02	+9.6029833E-02	+9.7176105E-02
+1.5788000E+02	+1.0554194E-01	+8.6767085E-02
+1.5794000E+02	+1.1393056E-01	+7.5434789E-02
+1.5800000E+02	+1.2110696E-01	+6.3299917E-02
+1.5806000E+02	+1.2699531E-01	+5.0491627E-02
+1.5812000E+02	+1.3153355E-01	+3.7146106E-02
+1.5817999E+02	+1.3467389E-01	+2.3405140E-02
+1.5824001E+02	+1.3638337E-01	+9.4146198E-03
+1.5830000E+02	+1.3664424E-01	-4.6770102E-03
+1.5836000E+02	+1.3545403E-01	-1.8720325E-02
+1.5842000E+02	+1.3282566E-01	-3.2566484E-02
+1.5848000E+02	+1.2878720E-01	-4.6068802E-02
+1.5853999E+02	+1.2338167E-01	-5.9084300E-02
+1.5860001E+02	+1.1666647E-01	-7.1475200E-02
+1.5866000E+02	+1.0871281E-01	-8.3110377E-02
+1.5872000E+02	+9.9604972E-02	-9.3866706E-02
+1.5878000E+02	+8.9439437E-02	-1.0363045E-01
+1.5884000E+02	+7.8323670E-02	-1.1229827E-01
+1.5889999E+02	+6.6375382E-02	-1.1977852E-01
+1.5896001E+02	+5.3720810E-02	-1.2599206E-01
+1.5902000E+02	+4.0493768E-02	-1.3087313E-01
+1.5908000E+02	+2.6833983E-02	-1.3437003E-01
+1.5914000E+02	+1.2885826E-02	-1.3644564E-01
+1.5920000E+02	-1.2033257E-03	-1.3707788E-01
+1.5925999E+02	-1.5284686E-02	-1.3625984E-01
+1.5932001E+02	-2.9209452E-02	-1.3399993E-01
+1.5938000E+02	-4.2830568E-02	-1.3032174E-01
+1.5944000E+02	-5.6004003E-02	-1.2526380E-01
+1.5950000E+02	-6.8590686E-02	-1.1887921E-01
+1.5956000E+02	-8.0457427E-02	-1.1123504E-01
+1.5962000E+02	-9.1478840E-02	-1.0241161E-01
+1.5967999E+02	-1.0153832E-01	-9.2501752E-02
+1.5974001E+02	-1.1052930E-01	-8.1609726E-02
+1.5980000E+02	-1.1835662E-01	-6.9850124E-02
+1.5986000E+02	-1.2493717E-01	-5.7346795E-02
+1.5992000E+02	-1.3020110E-01	-4.4231370E-02
+1.5998000E+02	-1.3409227E-01	-3.0642077E-02
+1.6003999E+02	-1.3656913E-01	-1.6722063E-02
+1.6010001E+02	-1.3760492E-01	-2.6181098E-03
+1.6016000E+02	-1.3718809E-01	+1.1521009E-02
+1.6022000E+02	-1.3532236E-01	+2.5546217E-02
+1.6028000E+02	-1.3202679E-01	+3.9309382E-02
+1.6034000E+02	-1.2733541E-01	+5.2665230E-02
+1.6039999E+02	-1.2129711E-01	+6.5472588E-02
+1.6046001E+02	-1.1397488E-01	+7.7596076E-02
+1.6052000E+02	-1.0544538E-01	+8.8907413E-02
+1.6058000E+02	-9.5797926E-02	+9.9286839E-02
+1.6064000E+02	-8.5133798E-02	+1.0862436E-01
+1.6070000E+02	-7.3564984E-02	+1.1682086E-01
+1.6075999E+02	-6.1213069E-02	+1.2378930E-01
+1.6082001E+02	-4.8207950E-02	+1.2945546E-01
+1.6088000E+02	-3.4686528E-02	+1.3375886E-01
+1.6094000E+02	-2.0791242E-02	+1.3665333E-01
+1.6100000E+02	-6.6685760E-03	+1.3810757E-01
+1.6106000E+02	+7.5326599E-03	+1.3810548E-01
+1.6112000E+02	+2.1662451E-02	+1.3664630E-01
+1.6117999E+02	+3.5571773E-02	+1.3374464E-01
+1.6124001E+02	+4.9113624E-02	+1.2943038E-01
+1.6130000E+02	+6.2144831E-02	+1.2374833E-01
+1.6136000E+02	+7.4527636E-02	+1.1675776E-01
+1.6142000E+02	+8.6130947E-02	+1.0853182E-01
+1.6148000E+02	+9.6831888E-02	+9.9156730E-02
+1.6153999E+02	+1.0651702E-01	+8.8730916E-02
+1.6160001E+02	+1.1508366E-01	+7.7363983E-02
+1.6166000E+02	+1.2244079E-01	+6.5175481E-02
+1.6172000E+02	+1.2851019E-01	+5.2293777E-02
+1.6178000E+02	+1.3322723E-01	+3.8854577E-02
+1.6184000E+02	+1.3654155E-01	+2.4999572E-02
+1.6189999E+02	+1.3841759E-01	+1.0874903E-02
+1.6196001E+02	+1.3883500E-01	-3.3703677E-03
+1.6202000E+02	+1.3778883E-01	-1.7585848E-02
+1.6208000E+02	+1.3528967E-01	-3.1621400E-02
+1.6214000E+02	+1.3136345E-01	-4.5328751E-02
+1.6220000E+02	+1.2605123E-01	-5.8563042E-02
+1.6225999E+02	+1.1940875E-01	-7.1184389E-02
+1.6232001E+02	+1.1150586E-01	-8.3059363E-02
+1.6238000E+02	+1.0242571E-01	-9.4062403E-02
+1.6244000E+02	+9.2264004E-02	-1.0407717E-01
+1.6250000E+02	+8.1127904E-02	-1.1299775E-01
+1.6256000E+02	+6.9134869E-02	-1.2072983E-01
+1.6262000E+02	+5.6411389E-02	-1.2719169E-01
+1.6267999E+02	+4.3091837E-02	-1.3231498E-01
+1.6274001E+02	+2.9316774E-02	-1.3604562E-01
+1.6280000E+02	+1.5231713E-02	-1.3834424E-01
+1.6286000E+02	+9.8522776E-04	-1.3918667E-01
+1.6292000E+02	-1.3272225E-02	-1.3856411E-01
+1.6298000E+02	-2.7390294E-02	-1.3648333E-01
+1.6303999E+02	-4.1219890E-02	-1.3296650E-01
+1.6310001E+02	-5.4615282E-02	-1.2805106E-01
+1.6316000E+02	-6.7435175E-02	-1.2178914E-01
+1.6322000E+02	-7.9544596E-02	-1.1424718E-01
+1.6328000E+02	-9.0815984E-02	-1.0550514E-01
+1.6334000E+02	-1.0113085E-01	-9.5655635E-02
+1.6339999E+02	-1.1038086E-01	-8.4802873E-02
+1.6346001E+02	-1.1846900E-01	-7.3061787E-02
+1.6352000E+02	-1.2531057E-01	-6.0556471E-02
+1.6358000E+02	-1.3083424E-01	-4.7419008E-02
+1.6364000E+02	-1.3498251E-01	-3.3788249E-02
+1.6370000E+02	-1.3771263E-01	-1.9807935E-02
+1.6375999E+02	-1.3899678E-01	-5.6254468E-03
+1.6382001E+02	-1.3882245E-01	+8.6097913E-03
+1.6388000E+02	-1.3719265E-01	+2.2747992E-02
+1.6394000E+02	-1.3412562E-01	+3.6640588E-02
+1.6400000E+02	-1.2965485E-01	+5.0141666E-02
+1.6406000E+02	-1.2382854E-01	+6.3109808E-02
+1.6412000E+02	-1.1670926E-01	+7.5409144E-02
+1.6417999E+02	-1.0837295E-01	+8.6911276E-02
+1.6424001E+02	-9.8908395E-02	+9.7496256E-02
+1.6430000E+02	-8.8416114E-02	+1.0705401E-01
+1.6436000E+02	-7.7007294E-02	+1.1548542E-01
+1.6442000E+02	-6.4802609E-02	+1.2270345E-01
+1.6448000E+02	-5.1930957E-02	+1.2863390E-01
+1.6453999E+02	-3.8527898E-02	+1.3321629E-01
+1.6460001E+02	-2.4734491E-02	+1.3640440E-01
+1.6466000E+02	-1.0695502E-02	+1.3816671E-01
+1.6472000E+02	+3.4418134E-03	+1.3848677E-01
+1.6478000E+02	+1.7529622E-02	+1.3736330E-01
+1.6484000E+02	+3.1420860E-02	+1.3481012E-01
+1.6489999E+02	+4.4970714E-02	+1.3085605E-01
+1.6496001E+02	+5.8038440E-02	+1.2554449E-01
+1.6502000E+02	+7.0488431E-02	+1.1893297E-01
+1.6508000E+02	+8.2191989E-02	+1.1109250E-01
+1.6514000E+02	+9.3028463E-02	+1.0210677E-01
+1.6520000E+02	+1.0288654E-01	+9.2071198E-02
+1.6525999E+02	+1.1166533E-01	+8.1092007E-02
+1.6532001E+02	+1.1927551E-01	+6.9284983E-02
+1.6538000E+02	+1.2564009E-01	+5.6774188E-02
+1.6544000E+02	+1.3069530E-01	+4.3690734E-02
+1.6550000E+02	+1.3439110E-01	+3.0171456E-02
+1.6556000E+02	+1.3669167E-01	+1.6357318E-02
+1.6562000E+02	+1.3757592E-01	+2.3917742E-03
+1.6567999E+02	+1.3703735E-01	-1.1580187E-02
+1.6574001E+02	+1.3508429E-01	-2.5414113E-02
+1.6580000E+02	+1.3173971E-01	-3.8967334E-02
+1.6586000E+02	+1.2704088E-01	-5.2100439E-02
+1.6592000E+02	+1.2103894E-01	-6.4678788E-02
+1.6598000E+02	+1.1379842E-01	-7.6573819E-02
+1.6603999E+02	+1.0539640E-01	-8.7664373E-02
+1.6610001E+02	+9.5921673E-02	-9.7837940E-02
+1.6616000E+02	+8.5473873E-02	-1.0699176E-01
+1.6622000E+02	+7.4162319E-02	-1.1503385E-01
+1.6628000E+02	+6.2104952E-02	-1.2188393E-01
+1.6634000E+02	+4.9426932E-02	-1.2747413E-01
+1.6639999E+02	+3.6259536E-02	-1.3174975E-01
+1.6646001E+02	+2.2738514E-02	-1.3466969E-01
+1.6652000E+02	+9.0030041E-03	-1.3620678E-01
+1.6658000E+02	-4.8061539E-03	-1.3634817E-01
+1.6664000E+02	-1.8547770E-02	-1.3509515E-01
+1.6670000E+02	-3.2081675E-02	-1.3246335E-01
+1.6675999E+02	-4.5270342E-02	-1.2848231E-01
+1.6682001E+02	-5.7979971E-02	-1.2319525E-01
+1.6688000E+02	-7.0082195E-02	-1.1665850E-01
+1.6694000E+02	-8.1455037E-02	-1.0894097E-01
+1.6700000E+02	-9.1984302E-02	-1.0012332E-01
+1.6706000E+02	-1.0156459E-01	-9.0297140E-02
+1.6712000E+02	-1.1010040E-01	-7.9563998E-02
+1.6717999E+02	-1.1750716E-01	-6.8034299E-02
+1.6724001E+02	-1.2371172E-01	-5.5826250E-02
+1.6730000E+02	-1.2865333E-01	-4.3064680E-02
+1.6736000E+02	-1.3228419E-01	-2.9879496E-02
+1.6742000E+02	-1.3456963E-01	-1.6404727E-02
+1.6748000E+02	-1.3548876E-01	-2.7768554E-03
+1.6753999E+02	-1.3503437E-01	+1.0866262E-02
+1.6760001E+02	-1.3321304E-01	+2.4387011E-02
+1.6766000E+02	-1.3004510E-01	+3.7649319E-02
+1.6772000E+02	-1.2556425E-01	+5.0519932E-02
+1.6778000E+02	-1.1981732E-01	+6.2869802E-02
+1.6784000E+02	-1.1286367E-01	+7.4575342E-02
+1.6789999E+02	-1.0477466E-01	+8.5519642E-02
+1.6796001E+02	-9.5632784E-02	+9.5593527E-02
+1.6802000E+02	-8.5530959E-02	+1.0469677E-01
+1.6808000E+02	-7.4571475E-02	+1.1273892E-01
+1.6814000E+02	-6.2865116E-02	+1.1964022E-01
+1.6820000E+02	-5.0529797E-02	+1.2533240E-01
+1.6825999E+02	-3.7689637E-02	+1.2975933E-01
+1.6832001E+02	-2.4473686E-02	+1.3287741E-01
+1.6838000E+02	-1.1014474E-02	+1.3465624E-01
+1.6844000E+02	+2.5531098E-03	+1.3507865E-01
+1.6850000E+02	+1.6093135E-02	+1.3414095E-01
+1.6856000E+02	+2.9470297E-02	+1.3185300E-01
+1.6862000E+02	+4.2550597E-02	+1.2823802E-01
+1.6867999E+02	+5.5203333E-02	+1.2333236E-01
+1.6874001E+02	+6.7302004E-02	+1.1718521E-01
+1.6880000E+02	+7.8725636E-02	+1.0985800E-01
+1.6886000E+02	+8.9359865E-02	+1.0142388E-01
+1.6892000E+02	+9.9098235E-02	+9.1966987E-02
+1.6898000E+02	+1.0784315E-01	+8.1581585E-02
+1.6903999E+02	+1.1550679E-01	+7.0371158E-02
+1.6910001E+02	+1.2201200E-01	+5.8447469E-02
+1.6916000E+02	+1.2729315E-01	+4.5929365E-02
+1.6922000E+02	+1.3129662E-01	+3.2941677E-02
+1.6928000E+02	+1.3398147E-01	+1.9614009E-02
+1.6934000E+02	+1.3531971E-01	+6.0794479E-03
+1.6939999E+02	+1.3529684E-01	-7.5267181E-03
+1.6946001E+02	+1.3391168E-01	-2.1068333E-02
+1.6952000E+02	+1.3117677E-01	-3.4409706E-02
+1.6958000E+02	+1.2711790E-01	-4.7416929E-02
+1.6964000E+02	+1.2177420E-01	-5.9959222E-02
+1.6970000E+02	+1.1519758E-01	-7.1910225E-02
+1.6975999E+02	+1.0745233E-01	-8.3149225E-02
+1.6982001E+02	+9.8614529E-02	-9.3562379E-02
+1.6988000E+02	+8.8771276E-02	-1.0304385E-01
+1.6994000E+02	+7.8019932E-02	-1.1149690E-01
+1.7000000E+02	+6.6467077E-02	-1.1883482E-01
