+1.1000000E+02	-1.8820560E-02	+5.8123685E-02
+1.1006000E+02	-1.8211329E-02	+5.8204975E-02
+1.1012000E+02	-1.7600553E-02	+5.8279920E-02
+1.1018000E+02	-1.6988192E-02	+5.8348276E-02
+1.1024000E+02	-1.6374292E-02	+5.8409780E-02
+1.1030000E+02	-1.5758948E-02	+5.8464181E-02
+1.1036000E+02	-1.5142248E-02	+5.8511224E-02
+1.1042000E+02	-1.4524379E-02	+5.8550678E-02
+1.1048000E+02	-1.3905484E-02	+5.8582306E-02
+1.1054000E+02	-1.3285829E-02	+5.8605909E-02
+1.1060000E+02	-1.2665623E-02	+5.8621325E-02
+1.1066000E+02	-1.2045169E-02	+5.8628380E-02
+1.1072000E+02	-1.1424751E-02	+5.8626965E-02
+1.1078000E+02	-1.0804663E-02	+5.8617007E-02
+1.1084000E+02	-1.0185244E-02	+5.8598444E-02
+1.1090000E+02	-9.5668267E-03	+5.8571257E-02
+1.1096000E+02	-8.9497166E-03	+5.8535475E-02
+1.1102000E+02	-8.3342511E-03	+5.8491159E-02
+1.1108000E+02	-7.7207242E-03	+5.8438390E-02
+1.1114000E+02	-7.1094679E-03	+5.8377299E-02
+1.1120000E+02	-6.5007303E-03	+5.8308043E-02
+1.1126000E+02	-5.8948221E-03	+5.8230791E-02
+1.1132000E+02	-5.2919365E-03	+5.8145758E-02
+1.1138000E+02	-4.6923161E-03	+5.8053169E-02
+1.1144000E+02	-4.0961248E-03	+5.7953265E-02
+1.1150000E+02	-3.5035333E-03	+5.7846289E-02
+1.1156000E+02	-2.9146338E-03	+5.7732515E-02
+1.1162000E+02	-2.3295360E-03	+5.7612207E-02
+1.1168000E+02	-1.7483005E-03	+5.7485614E-02
+1.1174000E+02	-1.1709513E-03	+5.7353009E-02
+1.1180000E+02	-5.9749029E-04	+5.7214633E-02
+1.1186000E+02	-2.7871558E-05	+5.7070725E-02
+1.1192000E+02	+5.3795753E-04	+5.6921497E-02
+1.1198000E+02	+1.1000553E-03	+5.6767154E-02
+1.1204000E+02	+1.6585252E-03	+5.6607869E-02
+1.1210000E+02	+2.2134741E-03	+5.6443807E-02
+1.1216000E+02	+2.7650374E-03	+5.6275081E-02
+1.1222000E+02	+3.3133253E-03	+5.6101806E-02
+1.1228000E+02	+3.8585002E-03	+5.5924051E-02
+1.1234000E+02	+4.4006705E-03	+5.5741873E-02
+1.1240000E+02	+4.9399813E-03	+5.5555273E-02
+1.1246000E+02	+5.4765469E-03	+5.5364270E-02
+1.1252000E+02	+6.0104914E-03	+5.5168830E-02
+1.1258000E+02	+6.5419334E-03	+5.4968905E-02
+1.1264000E+02	+7.0709186E-03	+5.4764435E-02
+1.1270000E+02	+7.5975391E-03	+5.4555327E-02
+1.1276000E+02	+8.1218155E-03	+5.4341488E-02
+1.1282000E+02	+8.6438004E-03	+5.4122813E-02
+1.1288000E+02	+9.1634858E-03	+5.3899191E-02
+1.1294000E+02	+9.6808607E-03	+5.3670503E-02
+1.1300000E+02	+1.0195852E-02	+5.3436626E-02
+1.1306000E+02	+1.0708425E-02	+5.3197455E-02
+1.1312000E+02	+1.1218470E-02	+5.2952878E-02
+1.1318000E+02	+1.1725876E-02	+5.2702796E-02
+1.1324000E+02	+1.2230518E-02	+5.2447122E-02
+1.1330000E+02	+1.2732255E-02	+5.2185781E-02
+1.1336000E+02	+1.3230932E-02	+5.1918730E-02
+1.1342000E+02	+1.3726346E-02	+5.1645923E-02
+1.1348000E+02	+1.4218343E-02	+5.1367350E-02
+1.1354000E+02	+1.4706724E-02	+5.1083006E-02
+1.1360000E+02	+1.5191294E-02	+5.0792921E-02
+1.1366000E+02	+1.5671866E-02	+5.0497141E-02
+1.1372000E+02	+1.6148252E-02	+5.0195731E-02
+1.1378000E+02	+1.6620254E-02	+4.9888793E-02
+1.1384000E+02	+1.7087692E-02	+4.9576424E-02
+1.1390000E+02	+1.7550418E-02	+4.9258757E-02
+1.1396000E+02	+1.8008273E-02	+4.8935924E-02
+1.1402000E+02	+1.8461114E-02	+4.8608098E-02
+1.1408000E+02	+1.8908825E-02	+4.8275441E-02
+1.1414000E+02	+1.9351292E-02	+4.7938131E-02
+1.1420000E+02	+1.9788424E-02	+4.7596358E-02
+1.1426000E+02	+2.0220172E-02	+4.7250316E-02
+1.1432000E+02	+2.0646483E-02	+4.6900198E-02
+1.1438000E+02	+2.1067323E-02	+4.6546187E-02
+1.1444000E+02	+2.1482691E-02	+4.6188485E-02
+1.1450000E+02	+2.1892594E-02	+4.5827277E-02
+1.1456000E+02	+2.2297066E-02	+4.5462728E-02
+1.1462000E+02	+2.2696147E-02	+4.5095012E-02
+1.1468000E+02	+2.3089889E-02	+4.4724274E-02
+1.1474000E+02	+2.3478352E-02	+4.4350676E-02
+1.1480000E+02	+2.3861647E-02	+4.3974314E-02
+1.1486000E+02	+2.4239846E-02	+4.3595303E-02
+1.1492000E+02	+2.4613027E-02	+4.3213751E-02
+1.1498000E+02	+2.4981271E-02	+4.2829737E-02
+1.1504000E+02	+2.5344711E-02	+4.2443305E-02
+1.1510000E+02	+2.5703415E-02	+4.2054508E-02
+1.1516000E+02	+2.6057515E-02	+4.1663352E-02
+1.1522000E+02	+2.6407031E-02	+4.1269876E-02
+1.1528000E+02	+2.6752107E-02	+4.0874057E-02
+1.1534000E+02	+2.7092731E-02	+4.0475909E-02
+1.1540000E+02	+2.7429024E-02	+4.0075380E-02
+1.1546000E+02	+2.7760975E-02	+3.9672460E-02
+1.1552000E+02	+2.8088681E-02	+3.9267085E-02
+1.1558000E+02	+2.8412087E-02	+3.8859241E-02
+1.1564000E+02	+2.8731233E-02	+3.8448852E-02
+1.1570000E+02	+2.9046094E-02	+3.8035884E-02
+1.1576000E+02	+2.9356657E-02	+3.7620287E-02
+1.1582000E+02	+2.9662844E-02	+3.7202042E-02
+1.1588000E+02	+2.9964630E-02	+3.6781080E-02
+1.1594000E+02	+3.0261952E-02	+3.6357380E-02
+1.1600000E+02	+3.0554706E-02	+3.5930943E-02
+1.1606000E+02	+3.0842859E-02	+3.5501711E-02
+1.1612000E+02	+3.1126237E-02	+3.5069760E-02
+1.1618000E+02	+3.1404808E-02	+3.4635037E-02
+1.1624000E+02	+3.1678468E-02	+3.4197569E-02
+1.1630000E+02	+3.1947043E-02	+3.3757459E-02
+1.1636000E+02	+3.2210477E-02	+3.3314716E-02
+1.1642000E+02	+3.2468684E-02	+3.2869387E-02
+1.1648000E+02	+3.2721527E-02	+3.2421589E-02
+1.1654000E+02	+3.2968909E-02	+3.1971421E-02
+1.1660000E+02	+3.3210762E-02	+3.1518951E-02
+1.1666000E+02	+3.3446979E-02	+3.1064324E-02
+1.1672000E+02	+3.3677530E-02	+3.0607624E-02
+1.1678000E+02	+3.3902314E-02	+3.0149018E-02
+1.1684000E+02	+3.4121301E-02	+2.9688638E-02
+1.1690000E+02	+3.4334451E-02	+2.9226616E-02
+1.1696000E+02	+3.4541734E-02	+2.8763101E-02
+1.1702000E+02	+3.4743149E-02	+2.8298238E-02
+1.1708000E+02	+3.4938678E-02	+2.7832173E-02
+1.1714000E+02	+3.5128359E-02	+2.7365047E-02
+1.1720000E+02	+3.5312198E-02	+2.6896998E-02
+1.1726000E+02	+3.5490237E-02	+2.6428167E-02
+1.1732000E+02	+3.5662536E-02	+2.5958678E-02
+1.1738000E+02	+3.5829123E-02	+2.5488645E-02
+1.1744000E+02	+3.5990093E-02	+2.5018185E-02
+1.1750000E+02	+3.6145497E-02	+2.4547398E-02
+1.1756000E+02	+3.6295414E-02	+2.4076367E-02
+1.1762000E+02	+3.6439929E-02	+2.3605183E-02
+1.1768000E+02	+3.6579121E-02	+2.3133904E-02
+1.1774000E+02	+3.6713079E-02	+2.2662591E-02
+1.1780000E+02	+3.6841873E-02	+2.2191294E-02
+1.1786000E+02	+3.6965594E-02	+2.1720041E-02
+1.1792000E+02	+3.7084304E-02	+2.1248862E-02
+1.1798000E+02	+3.7198093E-02	+2.0777777E-02
+1.1804000E+02	+3.7307005E-02	+2.0306787E-02
+1.1810000E+02	+3.7411112E-02	+1.9835897E-02
+1.1816000E+02	+3.7510458E-02	+1.9365100E-02
+1.1822000E+02	+3.7605084E-02	+1.8894389E-02
+1.1828000E+02	+3.7695028E-02	+1.8423749E-02
+1.1834000E+02	+3.7780304E-02	+1.7953163E-02
+1.1840000E+02	+3.7860930E-02	+1.7482618E-02
+1.1846000E+02	+3.7936911E-02	+1.7012095E-02
+1.1852000E+02	+3.8008239E-02	+1.6541585E-02
+1.1858000E+02	+3.8074911E-02	+1.6071076E-02
+1.1864000E+02	+3.8136888E-02	+1.5600560E-02
+1.1870000E+02	+3.8194161E-02	+1.5130042E-02
+1.1876000E+02	+3.8246680E-02	+1.4659524E-02
+1.1882000E+02	+3.8294420E-02	+1.4189022E-02
+1.1888000E+02	+3.8337331E-02	+1.3718556E-02
+1.1894000E+02	+3.8375366E-02	+1.3248157E-02
+1.1900000E+02	+3.8408484E-02	+1.2777861E-02
+1.1906000E+02	+3.8436633E-02	+1.2307715E-02
+1.1912000E+02	+3.8459774E-02	+1.1837776E-02
+1.1918000E+02	+3.8477849E-02	+1.1368105E-02
+1.1924000E+02	+3.8490832E-02	+1.0898777E-02
+1.1930000E+02	+3.8498685E-02	+1.0429869E-02
+1.1936000E+02	+3.8501371E-02	+9.9614682E-03
+1.1942000E+02	+3.8498867E-02	+9.4936620E-03
+1.1948000E+02	+3.8491160E-02	+9.0265507E-03
+1.1954000E+02	+3.8478237E-02	+8.5602319E-03
+1.1960000E+02	+3.8460102E-02	+8.0948118E-03
+1.1966000E+02	+3.8436759E-02	+7.6303920E-03
+1.1972000E+02	+3.8408224E-02	+7.1670790E-03
+1.1978000E+02	+3.8374517E-02	+6.7049791E-03
+1.1984000E+02	+3.8335677E-02	+6.2441928E-03
+1.1990000E+02	+3.8291741E-02	+5.7848212E-03
+1.1996000E+02	+3.8242761E-02	+5.3269626E-03
+1.2002000E+02	+3.8188785E-02	+4.8707058E-03
+1.2008000E+02	+3.8129885E-02	+4.4161393E-03
+1.2014000E+02	+3.8066123E-02	+3.9633429E-03
+1.2020000E+02	+3.7997562E-02	+3.5123890E-03
+1.2026000E+02	+3.7924290E-02	+3.0633444E-03
+1.2032000E+02	+3.7846379E-02	+2.6162665E-03
+1.2038000E+02	+3.7763905E-02	+2.1712065E-03
+1.2044000E+02	+3.7676945E-02	+1.7282068E-03
+1.2050000E+02	+3.7585590E-02	+1.2873025E-03
+1.2056000E+02	+3.7489910E-02	+8.4852095E-04
+1.2062000E+02	+3.7389979E-02	+4.1188311E-04
+1.2068000E+02	+3.7285864E-02	-2.2597131E-05
+1.2074000E+02	+3.7177641E-02	-4.5491164E-04
+1.2080000E+02	+3.7065364E-02	-8.8505755E-04
+1.2086000E+02	+3.6949094E-02	-1.3130361E-03
+1.2092000E+02	+3.6828883E-02	-1.7388524E-03
+1.2098000E+02	+3.6704771E-02	-2.1625140E-03
+1.2104000E+02	+3.6576804E-02	-2.5840302E-03
+1.2110000E+02	+3.6444999E-02	-3.0034105E-03
+1.2116000E+02	+3.6309399E-02	-3.4206652E-03
+1.2122000E+02	+3.6170010E-02	-3.8358027E-03
+1.2128000E+02	+3.6026850E-02	-4.2488296E-03
+1.2134000E+02	+3.5879929E-02	-4.6597496E-03
+1.2140000E+02	+3.5729244E-02	-5.0685639E-03
+1.2146000E+02	+3.5574801E-02	-5.4752668E-03
+1.2152000E+02	+3.5416588E-02	-5.8798511E-03
+1.2158000E+02	+3.5254598E-02	-6.2823016E-03
+1.2164000E+02	+3.5088826E-02	-6.6826008E-03
+1.2170000E+02	+3.4919251E-02	-7.0807226E-03
+1.2176000E+02	+3.4745872E-02	-7.4766357E-03
+1.2182000E+02	+3.4568682E-02	-7.8703044E-03
+1.2188000E+02	+3.4387656E-02	-8.2616862E-03
+1.2194000E+02	+3.4202795E-02	-8.6507322E-03
+1.2200000E+02	+3.4014098E-02	-9.0373931E-03
+1.2206000E+02	+3.3821557E-02	-9.4216103E-03
+1.2212000E+02	+3.3625182E-02	-9.8033203E-03
+1.2218000E+02	+3.3424977E-02	-1.0182462E-02
+1.2224000E+02	+3.3220958E-02	-1.0558967E-02
+1.2230000E+02	+3.3013146E-02	-1.0932768E-02
+1.2236000E+02	+3.2801565E-02	-1.1303794E-02
+1.2242000E+02	+3.2586247E-02	-1.1671974E-02
+1.2248000E+02	+3.2367226E-02	-1.2037241E-02
+1.2254000E+02	+3.2144543E-02	-1.2399523E-02
+1.2260000E+02	+3.1918254E-02	-1.2758759E-02
+1.2266000E+02	+3.1688403E-02	-1.3114881E-02
+1.2272000E+02	+3.1455055E-02	-1.3467829E-02
+1.2278000E+02	+3.1218272E-02	-1.3817551E-02
+1.2284000E+02	+3.0978117E-02	-1.4163989E-02
+1.2290000E+02	+3.0734658E-02	-1.4507099E-02
+1.2296000E+02	+3.0487971E-02	-1.4846843E-02
+1.2302000E+02	+3.0238125E-02	-1.5183179E-02
+1.2308000E+02	+2.9985197E-02	-1.5516080E-02
+1.2314000E+02	+2.9729266E-02	-1.5845520E-02
+1.2320000E+02	+2.9470401E-02	-1.6171480E-02
+1.2326000E+02	+2.9208673E-02	-1.6493946E-02
+1.2332000E+02	+2.8944157E-02	-1.6812908E-02
+1.2338000E+02	+2.8676922E-02	-1.7128361E-02
+1.2344000E+02	+2.8407037E-02	-1.7440310E-02
+1.2350000E+02	+2.8134558E-02	-1.7748754E-02
+1.2356000E+02	+2.7859546E-02	-1.8053701E-02
+1.2362000E+02	+2.7582057E-02	-1.8355165E-02
+1.2368000E+02	+2.7302137E-02	-1.8653151E-02
+1.2374000E+02	+2.7019842E-02	-1.8947681E-02
+1.2380000E+02	+2.6735198E-02	-1.9238761E-02
+1.2386000E+02	+2.6448244E-02	-1.9526405E-02
+1.2392000E+02	+2.6159015E-02	-1.9810632E-02
+1.2398000E+02	+2.5867548E-02	-2.0091452E-02
+1.2404000E+02	+2.5573852E-02	-2.0368872E-02
+1.2410000E+02	+2.5277952E-02	-2.0642906E-02
+1.2416000E+02	+2.4979867E-02	-2.0913552E-02
+1.2422000E+02	+2.4679605E-02	-2.1180820E-02
+1.2428000E+02	+2.4377184E-02	-2.1444701E-02
+1.2434000E+02	+2.4072610E-02	-2.1705195E-02
+1.2440000E+02	+2.3765899E-02	-2.1962291E-02
+1.2446000E+02	+2.3457052E-02	-2.2215975E-02
+1.2452000E+02	+2.3146082E-02	-2.2466233E-02
+1.2458000E+02	+2.2833006E-02	-2.2713045E-02
+1.2464000E+02	+2.2517825E-02	-2.2956381E-02
+1.2470000E+02	+2.2200560E-02	-2.3196217E-02
+1.2476000E+02	+2.1881226E-02	-2.3432523E-02
+1.2482000E+02	+2.1559840E-02	-2.3665262E-02
+1.2488000E+02	+2.1236427E-02	-2.3894403E-02
+1.2494000E+02	+2.0911016E-02	-2.4119910E-02
+1.2500000E+02	+2.0583631E-02	-2.4341740E-02
+1.2506000E+02	+2.0254303E-02	-2.4559854E-02
+1.2512000E+02	+1.9923083E-02	-2.4774218E-02
+1.2518000E+02	+1.9590005E-02	-2.4984788E-02
+1.2524000E+02	+1.9255115E-02	-2.5191532E-02
+1.2530000E+02	+1.8918460E-02	-2.5394415E-02
+1.2536000E+02	+1.8580101E-02	-2.5593396E-02
+1.2542000E+02	+1.8240094E-02	-2.5788452E-02
+1.2548000E+02	+1.7898491E-02	-2.5979552E-02
+1.2554000E+02	+1.7555354E-02	-2.6166674E-02
+1.2560000E+02	+1.7210754E-02	-2.6349789E-02
+1.2566000E+02	+1.6864747E-02	-2.6528895E-02
+1.2572000E+02	+1.6517410E-02	-2.6703961E-02
+1.2578000E+02	+1.6168799E-02	-2.6874995E-02
+1.2584000E+02	+1.5818991E-02	-2.7041985E-02
+1.2590000E+02	+1.5468041E-02	-2.7204927E-02
+1.2596000E+02	+1.5116026E-02	-2.7363829E-02
+1.2602000E+02	+1.4763003E-02	-2.7518699E-02
+1.2608000E+02	+1.4409029E-02	-2.7669542E-02
+1.2614000E+02	+1.4054174E-02	-2.7816379E-02
+1.2620000E+02	+1.3698482E-02	-2.7959222E-02
+1.2626000E+02	+1.3342009E-02	-2.8098091E-02
+1.2632000E+02	+1.2984814E-02	-2.8233003E-02
+1.2638000E+02	+1.2626935E-02	-2.8363988E-02
+1.2644000E+02	+1.2268415E-02	-2.8491061E-02
+1.2650000E+02	+1.1909295E-02	-2.8614245E-02
+1.2656000E+02	+1.1549611E-02	-2.8733568E-02
+1.2662000E+02	+1.1189391E-02	-2.8849050E-02
+1.2668000E+02	+1.0828677E-02	-2.8960716E-02
+1.2674000E+02	+1.0467480E-02	-2.9068578E-02
+1.2680000E+02	+1.0105837E-02	-2.9172661E-02
+1.2686000E+02	+9.7437501E-03	-2.9272979E-02
+1.2692000E+02	+9.3812635E-03	-2.9369550E-02
+1.2698000E+02	+9.0183727E-03	-2.9462377E-02
+1.2704000E+02	+8.6551076E-03	-2.9551476E-02
+1.2710000E+02	+8.2914839E-03	-2.9636847E-02
+1.2716000E+02	+7.9275053E-03	-2.9718496E-02
+1.2722000E+02	+7.5632106E-03	-2.9796420E-02
+1.2728000E+02	+7.1985959E-03	-2.9870618E-02
+1.2734000E+02	+6.8336921E-03	-2.9941082E-02
+1.2740000E+02	+6.4685079E-03	-3.0007811E-02
+1.2746000E+02	+6.1030756E-03	-3.0070782E-02
+1.2752000E+02	+5.7374127E-03	-3.0129997E-02
+1.2758000E+02	+5.3715440E-03	-3.0185435E-02
+1.2764000E+02	+5.0055105E-03	-3.0237082E-02
+1.2770000E+02	+4.6393303E-03	-3.0284924E-02
+1.2776000E+02	+4.2730551E-03	-3.0328944E-02
+1.2782000E+02	+3.9067040E-03	-3.0369135E-02
+1.2788000E+02	+3.5403059E-03	-3.0405471E-02
+1.2794000E+02	+3.1739506E-03	-3.0437946E-02
+1.2800000E+02	+2.8076542E-03	-3.0466545E-02
+1.2806000E+02	+2.4414631E-03	-3.0491265E-02
+1.2812000E+02	+2.0754247E-03	-3.0512091E-02
+1.2817999E+02	+1.7096018E-03	-3.0529022E-02
+1.2824001E+02	+1.3440570E-03	-3.0542055E-02
+1.2830000E+02	+9.7883970E-04	-3.0551190E-02
+1.2836000E+02	+6.1399897E-04	-3.0556433E-02
+1.2842000E+02	+2.4959908E-04	-3.0557787E-02
+1.2848000E+02	-1.1431055E-04	-3.0555272E-02
+1.2853999E+02	-4.7766595E-04	-3.0548893E-02
+1.2860001E+02	-8.4041798E-04	-3.0538669E-02
+1.2866000E+02	-1.2025033E-03	-3.0524623E-02
+1.2872000E+02	-1.5638741E-03	-3.0506775E-02
+1.2878000E+02	-1.9244826E-03	-3.0485153E-02
+1.2884000E+02	-2.2842819E-03	-3.0459782E-02
+1.2889999E+02	-2.6432262E-03	-3.0430695E-02
+1.2896001E+02	-3.0012557E-03	-3.0397926E-02
+1.2902000E+02	-3.3583415E-03	-3.0361503E-02
+1.2908000E+02	-3.7144832E-03	-3.0321458E-02
+1.2914000E+02	-4.0695663E-03	-3.0277835E-02
+1.2920000E+02	-4.4236374E-03	-3.0230658E-02
+1.2925999E+02	-4.7766264E-03	-3.0179968E-02
+1.2932001E+02	-5.1285080E-03	-3.0125795E-02
+1.2938000E+02	-5.4792864E-03	-3.0068170E-02
+1.2944000E+02	-5.8289245E-03	-3.0007126E-02
+1.2950000E+02	-6.1774123E-03	-2.9942691E-02
+1.2956000E+02	-6.5247132E-03	-2.9874900E-02
+1.2962000E+02	-6.8708183E-03	-2.9803772E-02
+1.2967999E+02	-7.2157471E-03	-2.9729320E-02
+1.2974001E+02	-7.5594499E-03	-2.9651582E-02
+1.2980000E+02	-7.9019452E-03	-2.9570561E-02
+1.2986000E+02	-8.2431938E-03	-2.9486278E-02
+1.2992000E+02	-8.5832030E-03	-2.9398745E-02
+1.2998000E+02	-8.9219464E-03	-2.9307976E-02
+1.3003999E+02	-9.2594270E-03	-2.9213974E-02
+1.3010001E+02	-9.5956186E-03	-2.9116742E-02
+1.3016000E+02	-9.9305091E-03	-2.9016294E-02
+1.3022000E+02	-1.0264068E-02	-2.8912626E-02
+1.3028000E+02	-1.0596297E-02	-2.8805736E-02
+1.3034000E+02	-1.0927164E-02	-2.8695630E-02
+1.3039999E+02	-1.1256625E-02	-2.8582312E-02
+1.3046001E+02	-1.1584675E-02	-2.8465774E-02
+1.3052000E+02	-1.1911281E-02	-2.8346021E-02
+1.3058000E+02	-1.2236411E-02	-2.8223047E-02
+1.3064000E+02	-1.2560014E-02	-2.8096862E-02
+1.3070000E+02	-1.2882071E-02	-2.7967464E-02
+1.3075999E+02	-1.3202519E-02	-2.7834866E-02
+1.3082001E+02	-1.3521350E-02	-2.7699061E-02
+1.3088000E+02	-1.3838488E-02	-2.7560074E-02
+1.3094000E+02	-1.4153924E-02	-2.7417900E-02
+1.3100000E+02	-1.4467569E-02	-2.7272571E-02
+1.3106000E+02	-1.4779431E-02	-2.7124085E-02
+1.3112000E+02	-1.5089408E-02	-2.6972482E-02
+1.3117999E+02	-1.5397493E-02	-2.6817771E-02
+1.3124001E+02	-1.5703628E-02	-2.6659980E-02
+1.3130000E+02	-1.6007757E-02	-2.6499150E-02
+1.3136000E+02	-1.6309863E-02	-2.6335292E-02
+1.3142000E+02	-1.6609879E-02	-2.6168454E-02
+1.3148000E+02	-1.6907783E-02	-2.5998669E-02
+1.3153999E+02	-1.7203532E-02	-2.5825974E-02
+1.3160001E+02	-1.7497091E-02	-2.5650406E-02
+1.3166000E+02	-1.7788429E-02	-2.5472011E-02
+1.3172000E+02	-1.8077509E-02	-2.5290832E-02
+1.3178000E+02	-1.8364316E-02	-2.5106911E-02
+1.3184000E+02	-1.8648809E-02	-2.4920292E-02
+1.3189999E+02	-1.8930985E-02	-2.4731016E-02
+1.3196001E+02	-1.9210804E-02	-2.4539134E-02
+1.3202000E+02	-1.9488279E-02	-2.4344675E-02
+1.3208000E+02	-1.9763373E-02	-2.4147699E-02
+1.3214000E+02	-2.0036090E-02	-2.3948232E-02
+1.3220000E+02	-2.0306416E-02	-2.3746319E-02
+1.3225999E+02	-2.0574344E-02	-2.3541998E-02
+1.3232001E+02	-2.0839877E-02	-2.3335300E-02
+1.3238000E+02	-2.1102991E-02	-2.3126265E-02
+1.3244000E+02	-2.1363702E-02	-2.2914918E-02
+1.3250000E+02	-2.1622011E-02	-2.2701290E-02
+1.3256000E+02	-2.1877905E-02	-2.2485396E-02
+1.3262000E+02	-2.2131385E-02	-2.2267275E-02
+1.3267999E+02	-2.2382453E-02	-2.2046942E-02
+1.3274001E+02	-2.2631111E-02	-2.1824414E-02
+1.3280000E+02	-2.2877336E-02	-2.1599708E-02
+1.3286000E+02	-2.3121135E-02	-2.1372847E-02
+1.3292000E+02	-2.3362514E-02	-2.1143833E-02
+1.3298000E+02	-2.3601448E-02	-2.0912686E-02
+1.3303999E+02	-2.3837928E-02	-2.0679414E-02
+1.3310001E+02	-2.4071943E-02	-2.0444032E-02
+1.3316000E+02	-2.4303492E-02	-2.0206543E-02
+1.3322000E+02	-2.4532538E-02	-1.9966964E-02
+1.3328000E+02	-2.4759077E-02	-1.9725299E-02
+1.3334000E+02	-2.4983080E-02	-1.9481556E-02
+1.3339999E+02	-2.5204524E-02	-1.9235762E-02
+1.3346001E+02	-2.5423398E-02	-1.8987916E-02
+1.3352000E+02	-2.5639651E-02	-1.8738046E-02
+1.3358000E+02	-2.5853276E-02	-1.8486155E-02
+1.3364000E+02	-2.6064245E-02	-1.8232265E-02
+1.3370000E+02	-2.6272517E-02	-1.7976407E-02
+1.3375999E+02	-2.6478065E-02	-1.7718583E-02
+1.3382001E+02	-2.6680853E-02	-1.7458845E-02
+1.3388000E+02	-2.6880866E-02	-1.7197195E-02
+1.3394000E+02	-2.7078053E-02	-1.6933687E-02
+1.3400000E+02	-2.7272400E-02	-1.6668338E-02
+1.3406000E+02	-2.7463872E-02	-1.6401183E-02
+1.3412000E+02	-2.7652439E-02	-1.6132265E-02
+1.3417999E+02	-2.7838074E-02	-1.5861627E-02
+1.3424001E+02	-2.8020767E-02	-1.5589294E-02
+1.3430000E+02	-2.8200487E-02	-1.5315322E-02
+1.3436000E+02	-2.8377211E-02	-1.5039753E-02
+1.3442000E+02	-2.8550921E-02	-1.4762628E-02
+1.3448000E+02	-2.8721608E-02	-1.4483990E-02
+1.3453999E+02	-2.8889252E-02	-1.4203898E-02
+1.3460001E+02	-2.9053858E-02	-1.3922384E-02
+1.3466000E+02	-2.9215401E-02	-1.3639499E-02
+1.3472000E+02	-2.9373884E-02	-1.3355283E-02
+1.3478000E+02	-2.9529305E-02	-1.3069797E-02
+1.3484000E+02	-2.9681658E-02	-1.2783073E-02
+1.3489999E+02	-2.9830953E-02	-1.2495143E-02
+1.3496001E+02	-2.9977182E-02	-1.2206071E-02
+1.3502000E+02	-3.0120358E-02	-1.1915877E-02
+1.3508000E+02	-3.0260492E-02	-1.1624599E-02
+1.3514000E+02	-3.0397588E-02	-1.1332279E-02
+1.3520000E+02	-3.0531643E-02	-1.1038947E-02
+1.3525999E+02	-3.0662676E-02	-1.0744634E-02
+1.3532001E+02	-3.0790698E-02	-1.0449362E-02
+1.3538000E+02	-3.0915704E-02	-1.0153167E-02
+1.3544000E+02	-3.1037712E-02	-9.8560704E-03
+1.3550000E+02	-3.1156728E-02	-9.5580891E-03
+1.3556000E+02	-3.1272758E-02	-9.2592426E-03
+1.3562000E+02	-3.1385805E-02	-8.9595644E-03
+1.3567999E+02	-3.1495873E-02	-8.6590638E-03
+1.3574001E+02	-3.1602964E-02	-8.3577577E-03
+1.3580000E+02	-3.1707074E-02	-8.0556590E-03
+1.3586000E+02	-3.1808212E-02	-7.7527855E-03
+1.3592000E+02	-3.1906363E-02	-7.4491510E-03
+1.3598000E+02	-3.2001529E-02	-7.1447701E-03
+1.3603999E+02	-3.2093693E-02	-6.8396791E-03
+1.3610001E+02	-3.2182865E-02	-6.5338621E-03
+1.3616000E+02	-3.2269012E-02	-6.2273545E-03
+1.3622000E+02	-3.2352146E-02	-5.9201797E-03
+1.3628000E+02	-3.2432228E-02	-5.6123501E-03
+1.3634000E+02	-3.2509264E-02	-5.3038811E-03
+1.3639999E+02	-3.2583226E-02	-4.9948092E-03
+1.3646001E+02	-3.2654110E-02	-4.6851588E-03
+1.3652000E+02	-3.2721896E-02	-4.3749432E-03
+1.3658000E+02	-3.2786563E-02	-4.0642107E-03
+1.3664000E+02	-3.2848101E-02	-3.7529848E-03
+1.3670000E+02	-3.2906499E-02	-3.4412905E-03
+1.3675999E+02	-3.2961734E-02	-3.1291763E-03
+1.3682001E+02	-3.3013798E-02	-2.8166752E-03
+1.3688000E+02	-3.3062682E-02	-2.5038219E-03
+1.3694000E+02	-3.3108369E-02	-2.1906663E-03
+1.3700000E+02	-3.3150855E-02	-1.8772428E-03
+1.3706000E+02	-3.3190142E-02	-1.5635951E-03
+1.3712000E+02	-3.3226218E-02	-1.2497744E-03
+1.3717999E+02	-3.3259079E-02	-9.3581574E-04
+1.3724001E+02	-3.3288732E-02	-6.2177115E-04
+1.3730000E+02	-3.3315182E-02	-3.0767630E-04
+1.3736000E+02	-3.3338420E-02	+6.4173537E-06
+1.3742000E+02	-3.3358477E-02	+3.2046635E-04
+1.3748000E+02	-3.3375345E-02	+6.3442747E-04
+1.3753999E+02	-3.3389039E-02	+9.4825786E-04
+1.3760001E+02	-3.3399574E-02	+1.2619308E-03
+1.3766000E+02	-3.3406973E-02	+1.5753885E-03
+1.3772000E+02	-3.3411246E-02	+1.8885974E-03
+1.3778000E+02	-3.3412412E-02	+2.2015243E-03
+1.3784000E+02	-3.3410490E-02	+2.5141451E-03
+1.3789999E+02	-3.3405498E-02	+2.8264194E-03
+1.3796001E+02	-3.3397462E-02	+3.1383084E-03
+1.3802000E+02	-3.3386394E-02	+3.4498132E-03
+1.3808000E+02	-3.3372328E-02	+3.7608801E-03
+1.3814000E+02	-3.3355270E-02	+4.0714946E-03
+1.3820000E+02	-3.3335246E-02	+4.3816441E-03
+1.3825999E+02	-3.3312280E-02	+4.6912855E-03
+1.3832001E+02	-3.3286370E-02	+5.0004427E-03
+1.3838000E+02	-3.3257555E-02	+5.3090598E-03
+1.3844000E+02	-3.3225838E-02	+5.6171385E-03
+1.3850000E+02	-3.3191230E-02	+5.9246677E-03
+1.3856000E+02	-3.3153746E-02	+6.2316195E-03
+1.3862000E+02	-3.3113398E-02	+6.5379902E-03
+1.3867999E+02	-3.3070192E-02	+6.8437690E-03
+1.3874001E+02	-3.3024129E-02	+7.1489420E-03
+1.3880000E+02	-3.2975219E-02	+7.4534817E-03
+1.3886000E+02	-3.2923460E-02	+7.7573918E-03
+1.3892000E+02	-3.2868866E-02	+8.0606425E-03
+1.3898000E+02	-3.2811422E-02	+8.3632292E-03
+1.3903999E+02	-3.2751136E-02	+8.6651193E-03
+1.3910001E+02	-3.2688003E-02	+8.9663109E-03
+1.3916000E+02	-3.2622017E-02	+9.2667667E-03
+1.3922000E+02	-3.2553181E-02	+9.5664775E-03
+1.3928000E+02	-3.2481492E-02	+9.8654097E-03
+1.3934000E+02	-3.2406949E-02	+1.0163536E-02
+1.3939999E+02	-3.2329537E-02	+1.0460841E-02
+1.3946001E+02	-3.2249279E-02	+1.0757268E-02
+1.3952000E+02	-3.2166146E-02	+1.1052816E-02
+1.3958000E+02	-3.2080159E-02	+1.1347429E-02
+1.3964000E+02	-3.1991303E-02	+1.1641094E-02
+1.3970000E+02	-3.1899597E-02	+1.1933750E-02
+1.3975999E+02	-3.1805038E-02	+1.2225387E-02
+1.3982001E+02	-3.1707637E-02	+1.2515938E-02
+1.3988000E+02	-3.1607397E-02	+1.2805388E-02
+1.3994000E+02	-3.1504337E-02	+1.3093689E-02
+1.4000000E+02	-3.1398468E-02	+1.3380803E-02
+1.4006000E+02	-3.1289801E-02	+1.3666690E-02
+1.4012000E+02	-3.1178353E-02	+1.3951320E-02
+1.4017999E+02	-3.1064143E-02	+1.4234650E-02
+1.4024001E+02	-3.0947212E-02	+1.4516637E-02
+1.4030000E+02	-3.0827545E-02	+1.4797266E-02
+1.4036000E+02	-3.0705197E-02	+1.5076490E-02
+1.4042000E+02	-3.0580195E-02	+1.5354270E-02
+1.4048000E+02	-3.0452546E-02	+1.5630594E-02
+1.4053999E+02	-3.0322287E-02	+1.5905427E-02
+1.4060001E+02	-3.0189460E-02	+1.6178736E-02
+1.4066000E+02	-3.0054072E-02	+1.6450502E-02
+1.4072000E+02	-2.9916171E-02	+1.6720703E-02
+1.4078000E+02	-2.9775774E-02	+1.6989322E-02
+1.4084000E+02	-2.9632930E-02	+1.7256323E-02
+1.4089999E+02	-2.9487640E-02	+1.7521728E-02
+1.4096001E+02	-2.9339943E-02	+1.7785484E-02
+1.4102000E+02	-2.9189888E-02	+1.8047590E-02
+1.4108000E+02	-2.9037461E-02	+1.8308047E-02
+1.4114000E+02	-2.8882721E-02	+1.8566836E-02
+1.4120000E+02	-2.8725676E-02	+1.8823938E-02
+1.4125999E+02	-2.8566336E-02	+1.9079369E-02
+1.4132001E+02	-2.8404754E-02	+1.9333085E-02
+1.4138000E+02	-2.8240910E-02	+1.9585125E-02
+1.4144000E+02	-2.8074846E-02	+1.9835446E-02
+1.4150000E+02	-2.7906572E-02	+2.0084048E-02
+1.4156000E+02	-2.7736092E-02	+2.0330925E-02
+1.4162000E+02	-2.7563429E-02	+2.0576077E-02
+1.4167999E+02	-2.7388595E-02	+2.0819476E-02
+1.4174001E+02	-2.7211588E-02	+2.1061134E-02
+1.4180000E+02	-2.7032424E-02	+2.1301020E-02
+1.4186000E+02	-2.6851114E-02	+2.1539131E-02
+1.4192000E+02	-2.6667662E-02	+2.1775454E-02
+1.4198000E+02	-2.6482070E-02	+2.2009967E-02
+1.4203999E+02	-2.6294352E-02	+2.2242650E-02
+1.4210001E+02	-2.6104506E-02	+2.2473488E-02
+1.4216000E+02	-2.5912555E-02	+2.2702463E-02
+1.4222000E+02	-2.5718495E-02	+2.2929551E-02
+1.4228000E+02	-2.5522335E-02	+2.3154724E-02
+1.4234000E+02	-2.5324093E-02	+2.3377964E-02
+1.4239999E+02	-2.5123781E-02	+2.3599243E-02
+1.4246001E+02	-2.4921397E-02	+2.3818532E-02
+1.4252000E+02	-2.4716975E-02	+2.4035804E-02
+1.4258000E+02	-2.4510523E-02	+2.4251027E-02
+1.4264000E+02	-2.4302064E-02	+2.4464177E-02
+1.4270000E+02	-2.4091607E-02	+2.4675226E-02
+1.4275999E+02	-2.3879189E-02	+2.4884148E-02
+1.4282001E+02	-2.3664815E-02	+2.5090910E-02
+1.4288000E+02	-2.3448519E-02	+2.5295487E-02
+1.4294000E+02	-2.3230335E-02	+2.5497861E-02
+1.4300000E+02	-2.3010271E-02	+2.5697993E-02
+1.4306000E+02	-2.2788379E-02	+2.5895867E-02
+1.4312000E+02	-2.2564700E-02	+2.6091453E-02
+1.4317999E+02	-2.2339234E-02	+2.6284743E-02
+1.4324001E+02	-2.2112031E-02	+2.6475707E-02
+1.4330000E+02	-2.1883110E-02	+2.6664339E-02
+1.4336000E+02	-2.1652523E-02	+2.6850615E-02
+1.4342000E+02	-2.1420306E-02	+2.7034519E-02
+1.4348000E+02	-2.1186473E-02	+2.7216053E-02
+1.4353999E+02	-2.0951083E-02	+2.7395193E-02
+1.4360001E+02	-2.0714141E-02	+2.7571933E-02
+1.4366000E+02	-2.0475708E-02	+2.7746273E-02
+1.4372000E+02	-2.0235801E-02	+2.7918201E-02
+1.4378000E+02	-1.9994436E-02	+2.8087722E-02
+1.4384000E+02	-1.9751675E-02	+2.8254824E-02
+1.4389999E+02	-1.9507511E-02	+2.8419515E-02
+1.4396001E+02	-1.9261997E-02	+2.8581781E-02
+1.4402000E+02	-1.9015154E-02	+2.8741637E-02
+1.4408000E+02	-1.8766981E-02	+2.8899074E-02
+1.4414000E+02	-1.8517537E-02	+2.9054087E-02
+1.4420000E+02	-1.8266808E-02	+2.9206689E-02
+1.4425999E+02	-1.8014824E-02	+2.9356871E-02
+1.4432001E+02	-1.7761609E-02	+2.9504634E-02
+1.4438000E+02	-1.7507177E-02	+2.9649977E-02
+1.4444000E+02	-1.7251551E-02	+2.9792892E-02
+1.4450000E+02	-1.6994732E-02	+2.9933376E-02
+1.4456000E+02	-1.6736725E-02	+3.0071435E-02
+1.4462000E+02	-1.6477557E-02	+3.0207044E-02
+1.4467999E+02	-1.6217247E-02	+3.0340208E-02
+1.4474001E+02	-1.5955804E-02	+3.0470911E-02
+1.4480000E+02	-1.5693223E-02	+3.0599147E-02
+1.4486000E+02	-1.5429541E-02	+3.0724905E-02
+1.4492000E+02	-1.5164761E-02	+3.0848162E-02
+1.4498000E+02	-1.4898892E-02	+3.0968912E-02
+1.4503999E+02	-1.4631956E-02	+3.1087136E-02
+1.4510001E+02	-1.4363975E-02	+3.1202821E-02
+1.4516000E+02	-1.4094969E-02	+3.1315938E-02
+1.4522000E+02	-1.3824949E-02	+3.1426482E-02
+1.4528000E+02	-1.3553949E-02	+3.1534430E-02
+1.4534000E+02	-1.3281979E-02	+3.1639758E-02
+1.4539999E+02	-1.3009063E-02	+3.1742457E-02
+1.4546001E+02	-1.2735238E-02	+3.1842500E-02
+1.4552000E+02	-1.2460535E-02	+3.1939879E-02
+1.4558000E+02	-1.2184967E-02	+3.2034568E-02
+1.4564000E+02	-1.1908585E-02	+3.2126553E-02
+1.4570000E+02	-1.1631409E-02	+3.2215826E-02
+1.4575999E+02	-1.1353483E-02	+3.2302372E-02
+1.4582001E+02	-1.1074827E-02	+3.2386173E-02
+1.4588000E+02	-1.0795491E-02	+3.2467220E-02
+1.4594000E+02	-1.0515516E-02	+3.2545511E-02
+1.4600000E+02	-1.0234924E-02	+3.2621041E-02
+1.4606000E+02	-9.9537652E-03	+3.2693792E-02
+1.4612000E+02	-9.6720681E-03	+3.2763779E-02
+1.4617999E+02	-9.3898689E-03	+3.2830995E-02
+1.4624001E+02	-9.1072135E-03	+3.2895431E-02
+1.4630000E+02	-8.8241193E-03	+3.2957103E-02
+1.4636000E+02	-8.5406490E-03	+3.3016011E-02
+1.4642000E+02	-8.2568107E-03	+3.3072166E-02
+1.4648000E+02	-7.9726512E-03	+3.3125568E-02
+1.4653999E+02	-7.6882006E-03	+3.3176225E-02
+1.4660001E+02	-7.4034752E-03	+3.3224154E-02
+1.4666000E+02	-7.1185203E-03	+3.3269361E-02
+1.4672000E+02	-6.8333582E-03	+3.3311855E-02
+1.4678000E+02	-6.5480024E-03	+3.3351649E-02
+1.4684000E+02	-6.2624821E-03	+3.3388756E-02
+1.4689999E+02	-5.9768190E-03	+3.3423182E-02
+1.4696001E+02	-5.6910310E-03	+3.3454936E-02
+1.4702000E+02	-5.4051401E-03	+3.3484031E-02
+1.4708000E+02	-5.1191640E-03	+3.3510476E-02
+1.4714000E+02	-4.8331073E-03	+3.3534274E-02
+1.4720000E+02	-4.5469864E-03	+3.3555437E-02
+1.4725999E+02	-4.2608287E-03	+3.3573966E-02
+1.4732001E+02	-3.9746356E-03	+3.3589859E-02
+1.4738000E+02	-3.6884258E-03	+3.3603128E-02
+1.4744000E+02	-3.4022073E-03	+3.3613767E-02
+1.4750000E+02	-3.1159981E-03	+3.3621777E-02
+1.4756000E+02	-2.8298080E-03	+3.3627152E-02
+1.4762000E+02	-2.5436459E-03	+3.3629894E-02
+1.4767999E+02	-2.2575459E-03	+3.3629995E-02
+1.4774001E+02	-1.9715009E-03	+3.3627447E-02
+1.4780000E+02	-1.6855533E-03	+3.3622239E-02
+1.4786000E+02	-1.3996975E-03	+3.3614371E-02
+1.4792000E+02	-1.1139757E-03	+3.3603828E-02
+1.4798000E+02	-8.2838273E-04	+3.3590604E-02
+1.4803999E+02	-5.4296991E-04	+3.3574689E-02
+1.4810001E+02	-2.5774864E-04	+3.3556078E-02
+1.4816000E+02	+2.7245085E-05	+3.3534754E-02
+1.4822000E+02	+3.1199906E-04	+3.3510711E-02
+1.4828000E+02	+5.9646071E-04	+3.3483949E-02
+1.4834000E+02	+8.8061724E-04	+3.3454448E-02
+1.4839999E+02	+1.1644156E-03	+3.3422220E-02
+1.4846001E+02	+1.4478592E-03	+3.3387255E-02
+1.4852000E+02	+1.7308535E-03	+3.3349548E-02
+1.4858000E+02	+2.0134172E-03	+3.3309098E-02
+1.4864000E+02	+2.2954736E-03	+3.3265915E-02
+1.4870000E+02	+2.5770087E-03	+3.3219997E-02
+1.4875999E+02	+2.8579785E-03	+3.3171356E-02
+1.4882001E+02	+3.1383368E-03	+3.3119991E-02
+1.4888000E+02	+3.4180556E-03	+3.3065919E-02
+1.4894000E+02	+3.6971071E-03	+3.3009157E-02
+1.4900000E+02	+3.9754463E-03	+3.2949705E-02
+1.4906000E+02	+4.2530475E-03	+3.2887593E-02
+1.4912000E+02	+4.5298510E-03	+3.2822832E-02
+1.4917999E+02	+4.8058466E-03	+3.2755438E-02
+1.4924001E+02	+5.0810236E-03	+3.2685433E-02
+1.4930000E+02	+5.3553102E-03	+3.2612842E-02
+1.4936000E+02	+5.6287143E-03	+3.2537684E-02
+1.4942000E+02	+5.9012105E-03	+3.2459978E-02
+1.4948000E+02	+6.1727595E-03	+3.2379750E-02
+1.4953999E+02	+6.4433399E-03	+3.2297026E-02
+1.4960001E+02	+6.7129587E-03	+3.2211814E-02
+1.4966000E+02	+6.9815787E-03	+3.2124147E-02
+1.4972000E+02	+7.2491942E-03	+3.2034043E-02
+1.4978000E+02	+7.5157983E-03	+3.1941518E-02
+1.4984000E+02	+7.7813696E-03	+3.1846598E-02
+1.4989999E+02	+8.0458727E-03	+3.1749293E-02
+1.4996001E+02	+8.3093457E-03	+3.1649612E-02
+1.5002000E+02	+8.5717682E-03	+3.1547576E-02
+1.5008000E+02	+8.8331038E-03	+3.1443201E-02
+1.5014000E+02	+9.0933759E-03	+3.1336490E-02
+1.5020000E+02	+9.3525453E-03	+3.1227455E-02
+1.5025999E+02	+9.6106371E-03	+3.1116096E-02
+1.5032001E+02	+9.8676272E-03	+3.1002419E-02
+1.5038000E+02	+1.0123477E-02	+3.0886441E-02
+1.5044000E+02	+1.0378220E-02	+3.0768147E-02
+1.5050000E+02	+1.0631836E-02	+3.0647544E-02
+1.5056000E+02	+1.0884293E-02	+3.0524632E-02
+1.5062000E+02	+1.1135584E-02	+3.0399410E-02
+1.5067999E+02	+1.1385698E-02	+3.0271878E-02
+1.5074001E+02	+1.1634588E-02	+3.0142035E-02
+1.5080000E+02	+1.1882260E-02	+3.0009881E-02
+1.5086000E+02	+1.2128682E-02	+2.9875409E-02
+1.5092000E+02	+1.2373827E-02	+2.9738622E-02
+1.5098000E+02	+1.2617679E-02	+2.9599518E-02
+1.5103999E+02	+1.2860212E-02	+2.9458096E-02
+1.5110001E+02	+1.3101393E-02	+2.9314360E-02
+1.5116000E+02	+1.3341177E-02	+2.9168319E-02
+1.5122000E+02	+1.3579527E-02	+2.9019982E-02
+1.5128000E+02	+1.3816437E-02	+2.8869348E-02
+1.5134000E+02	+1.4051851E-02	+2.8716428E-02
+1.5139999E+02	+1.4285744E-02	+2.8561246E-02
+1.5146001E+02	+1.4518084E-02	+2.8403796E-02
+1.5152000E+02	+1.4748833E-02	+2.8244106E-02
+1.5158000E+02	+1.4977966E-02	+2.8082194E-02
+1.5164000E+02	+1.5205439E-02	+2.7918080E-02
+1.5170000E+02	+1.5431235E-02	+2.7751788E-02
+1.5175999E+02	+1.5655307E-02	+2.7583340E-02
+1.5182001E+02	+1.5877631E-02	+2.7412761E-02
+1.5188000E+02	+1.6098185E-02	+2.7240083E-02
+1.5194000E+02	+1.6316935E-02	+2.7065327E-02
+1.5200000E+02	+1.6533872E-02	+2.6888534E-02
+1.5206000E+02	+1.6748961E-02	+2.6709722E-02
+1.5212000E+02	+1.6962189E-02	+2.6528932E-02
+1.5217999E+02	+1.7173538E-02	+2.6346192E-02
+1.5224001E+02	+1.7382996E-02	+2.6161531E-02
+1.5230000E+02	+1.7590547E-02	+2.5974978E-02
+1.5236000E+02	+1.7796187E-02	+2.5786569E-02
+1.5242000E+02	+1.7999895E-02	+2.5596328E-02
+1.5248000E+02	+1.8201672E-02	+2.5404286E-02
+1.5253999E+02	+1.8401515E-02	+2.5210468E-02
+1.5260001E+02	+1.8599415E-02	+2.5014898E-02
+1.5266000E+02	+1.8795377E-02	+2.4817597E-02
+1.5272000E+02	+1.8989386E-02	+2.4618590E-02
+1.5278000E+02	+1.9181455E-02	+2.4417896E-02
+1.5284000E+02	+1.9371573E-02	+2.4215531E-02
+1.5289999E+02	+1.9559734E-02	+2.4011513E-02
+1.5296001E+02	+1.9745952E-02	+2.3805847E-02
+1.5302000E+02	+1.9930208E-02	+2.3598554E-02
+1.5308000E+02	+2.0112513E-02	+2.3389639E-02
+1.5314000E+02	+2.0292846E-02	+2.3179114E-02
+1.5320000E+02	+2.0471223E-02	+2.2966983E-02
+1.5325999E+02	+2.0647615E-02	+2.2753252E-02
+1.5332001E+02	+2.0822030E-02	+2.2537928E-02
+1.5338000E+02	+2.0994442E-02	+2.2321014E-02
+1.5344000E+02	+2.1164846E-02	+2.2102514E-02
+1.5350000E+02	+2.1333229E-02	+2.1882433E-02
+1.5356000E+02	+2.1499569E-02	+2.1660777E-02
+1.5362000E+02	+2.1663850E-02	+2.1437548E-02
+1.5367999E+02	+2.1826049E-02	+2.1212755E-02
+1.5374001E+02	+2.1986147E-02	+2.0986402E-02
+1.5380000E+02	+2.2144115E-02	+2.0758502E-02
+1.5386000E+02	+2.2299930E-02	+2.0529062E-02
+1.5392000E+02	+2.2453565E-02	+2.0298095E-02
+1.5398000E+02	+2.2604996E-02	+2.0065617E-02
+1.5403999E+02	+2.2754192E-02	+1.9831643E-02
+1.5410001E+02	+2.2901120E-02	+1.9596191E-02
+1.5416000E+02	+2.3045760E-02	+1.9359281E-02
+1.5422000E+02	+2.3188077E-02	+1.9120943E-02
+1.5428000E+02	+2.3328047E-02	+1.8881196E-02
+1.5434000E+02	+2.3465645E-02	+1.8640071E-02
+1.5439999E+02	+2.3600845E-02	+1.8397598E-02
+1.5446001E+02	+2.3733620E-02	+1.8153807E-02
+1.5452000E+02	+2.3863951E-02	+1.7908735E-02
+1.5458000E+02	+2.3991814E-02	+1.7662417E-02
+1.5464000E+02	+2.4117196E-02	+1.7414887E-02
+1.5470000E+02	+2.4240080E-02	+1.7166182E-02
+1.5475999E+02	+2.4360454E-02	+1.6916344E-02
+1.5482001E+02	+2.4478309E-02	+1.6665408E-02
+1.5488000E+02	+2.4593631E-02	+1.6413417E-02
+1.5494000E+02	+2.4706420E-02	+1.6160404E-02
+1.5500000E+02	+2.4816668E-02	+1.5906412E-02
+1.5506000E+02	+2.4924383E-02	+1.5651472E-02
+1.5512000E+02	+2.5029555E-02	+1.5395620E-02
+1.5517999E+02	+2.5132196E-02	+1.5138893E-02
+1.5524001E+02	+2.5232311E-02	+1.4881322E-02
+1.5530000E+02	+2.5329899E-02	+1.4622935E-02
+1.5536000E+02	+2.5424978E-02	+1.4363760E-02
+1.5542000E+02	+2.5517548E-02	+1.4103828E-02
+1.5548000E+02	+2.5607621E-02	+1.3843153E-02
+1.5553999E+02	+2.5695207E-02	+1.3581763E-02
+1.5560001E+02	+2.5780311E-02	+1.3319674E-02
+1.5566000E+02	+2.5862949E-02	+1.3056902E-02
+1.5572000E+02	+2.5943123E-02	+1.2793464E-02
+1.5578000E+02	+2.6020838E-02	+1.2529367E-02
+1.5584000E+02	+2.6096106E-02	+1.2264623E-02
+1.5589999E+02	+2.6168920E-02	+1.1999241E-02
+1.5596001E+02	+2.6239291E-02	+1.1733231E-02
+1.5602000E+02	+2.6307214E-02	+1.1466596E-02
+1.5608000E+02	+2.6372684E-02	+1.1199342E-02
+1.5614000E+02	+2.6435703E-02	+1.0931478E-02
+1.5620000E+02	+2.6496254E-02	+1.0663003E-02
+1.5625999E+02	+2.6554331E-02	+1.0393928E-02
+1.5632001E+02	+2.6609924E-02	+1.0124258E-02
+1.5638000E+02	+2.6663013E-02	+9.8540010E-03
+1.5644000E+02	+2.6713585E-02	+9.5831649E-03
+1.5650000E+02	+2.6761621E-02	+9.3117617E-03
+1.5656000E+02	+2.6807101E-02	+9.0398034E-03
+1.5662000E+02	+2.6850004E-02	+8.7673077E-03
+1.5667999E+02	+2.6890306E-02	+8.4942896E-03
+1.5674001E+02	+2.6927985E-02	+8.2207695E-03
+1.5680000E+02	+2.6963020E-02	+7.9467716E-03
+1.5686000E+02	+2.6995387E-02	+7.6723220E-03
+1.5692000E+02	+2.7025061E-02	+7.3974482E-03
+1.5698000E+02	+2.7052023E-02	+7.1221814E-03
+1.5703999E+02	+2.7076254E-02	+6.8465560E-03
+1.5710001E+02	+2.7097730E-02	+6.5706074E-03
+1.5716000E+02	+2.7116438E-02	+6.2943753E-03
+1.5722000E+02	+2.7132368E-02	+6.0178991E-03
+1.5728000E+02	+2.7145501E-02	+5.7412214E-03
+1.5734000E+02	+2.7155828E-02	+5.4643857E-03
+1.5739999E+02	+2.7163351E-02	+5.1874346E-03
+1.5746001E+02	+2.7168056E-02	+4.9104164E-03
+1.5752000E+02	+2.7169954E-02	+4.6333740E-03
+1.5758000E+02	+2.7169036E-02	+4.3563521E-03
+1.5764000E+02	+2.7165318E-02	+4.0793959E-03
+1.5770000E+02	+2.7158806E-02	+3.8025477E-03
+1.5775999E+02	+2.7149512E-02	+3.5258508E-03
+1.5782001E+02	+2.7137449E-02	+3.2493430E-03
+1.5788000E+02	+2.7122635E-02	+2.9730634E-03
+1.5794000E+02	+2.7105093E-02	+2.6970468E-03
+1.5800000E+02	+2.7084839E-02	+2.4213258E-03
+1.5806000E+02	+2.7061895E-02	+2.1459307E-03
+1.5812000E+02	+2.7036287E-02	+1.8708879E-03
+1.5817999E+02	+2.7008034E-02	+1.5962211E-03
+1.5824001E+02	+2.6977165E-02	+1.3219505E-03
+1.5830000E+02	+2.6943699E-02	+1.0480937E-03
+1.5836000E+02	+2.6907658E-02	+7.7466475E-04
+1.5842000E+02	+2.6869064E-02	+5.0167536E-04
+1.5848000E+02	+2.6827937E-02	+2.2913411E-04
+1.5853999E+02	+2.6784291E-02	-4.2952499E-05
+1.5860001E+02	+2.6738148E-02	-3.1458013E-04
+1.5866000E+02	+2.6689513E-02	-5.8574625E-04
+1.5872000E+02	+2.6638400E-02	-8.5644942E-04
+1.5878000E+02	+2.6584810E-02	-1.1266895E-03
+1.5884000E+02	+2.6528748E-02	-1.3964660E-03
+1.5889999E+02	+2.6470218E-02	-1.6657795E-03
+1.5896001E+02	+2.6409216E-02	-1.9346292E-03
+1.5902000E+02	+2.6345730E-02	-2.2030133E-03
+1.5908000E+02	+2.6279757E-02	-2.4709294E-03
+1.5914000E+02	+2.6211282E-02	-2.7383724E-03
+1.5920000E+02	+2.6140291E-02	-3.0053353E-03
+1.5925999E+02	+2.6066769E-02	-3.2718079E-03
+1.5932001E+02	+2.5990695E-02	-3.5377783E-03
+1.5938000E+02	+2.5912050E-02	-3.8032308E-03
+1.5944000E+02	+2.5830815E-02	-4.0681451E-03
+1.5950000E+02	+2.5746968E-02	-4.3324996E-03
+1.5956000E+02	+2.5660487E-02	-4.5962669E-03
+1.5962000E+02	+2.5571356E-02	-4.8594177E-03
+1.5967999E+02	+2.5479548E-02	-5.1219175E-03
+1.5974001E+02	+2.5385054E-02	-5.3837295E-03
+1.5980000E+02	+2.5287854E-02	-5.6448141E-03
+1.5986000E+02	+2.5187934E-02	-5.9051276E-03
+1.5992000E+02	+2.5085283E-02	-6.1646234E-03
+1.5998000E+02	+2.4979901E-02	-6.4232545E-03
+1.6003999E+02	+2.4871776E-02	-6.6809701E-03
+1.6010001E+02	+2.4760915E-02	-6.9377203E-03
+1.6016000E+02	+2.4647320E-02	-7.1934517E-03
+1.6022000E+02	+2.4530999E-02	-7.4481121E-03
+1.6028000E+02	+2.4411967E-02	-7.7016512E-03
+1.6034000E+02	+2.4290239E-02	-7.9540135E-03
+1.6039999E+02	+2.4165835E-02	-8.2051540E-03
+1.6046001E+02	+2.4038782E-02	-8.4550222E-03
+1.6052000E+02	+2.3909107E-02	-8.7035727E-03
+1.6058000E+02	+2.3776842E-02	-8.9507606E-03
+1.6064000E+02	+2.3642022E-02	-9.1965487E-03
+1.6070000E+02	+2.3504680E-02	-9.4408998E-03
+1.6075999E+02	+2.3364855E-02	-9.6837822E-03
+1.6082001E+02	+2.3222590E-02	-9.9251652E-03
+1.6088000E+02	+2.3077922E-02	-1.0165025E-02
+1.6094000E+02	+2.2930894E-02	-1.0403345E-02
+1.6100000E+02	+2.2781545E-02	-1.0640106E-02
+1.6106000E+02	+2.2629915E-02	-1.0875298E-02
+1.6112000E+02	+2.2476042E-02	-1.1108913E-02
+1.6117999E+02	+2.2319961E-02	-1.1340946E-02
+1.6124001E+02	+2.2161705E-02	-1.1571397E-02
+1.6130000E+02	+2.2001307E-02	-1.1800269E-02
+1.6136000E+02	+2.1838788E-02	-1.2027564E-02
+1.6142000E+02	+2.1674179E-02	-1.2253293E-02
+1.6148000E+02	+2.1507490E-02	-1.2477461E-02
+1.6153999E+02	+2.1338744E-02	-1.2700078E-02
+1.6160001E+02	+2.1167951E-02	-1.2921154E-02
+1.6166000E+02	+2.0995110E-02	-1.3140699E-02
+1.6172000E+02	+2.0820234E-02	-1.3358717E-02
+1.6178000E+02	+2.0643316E-02	-1.3575219E-02
+1.6184000E+02	+2.0464346E-02	-1.3790208E-02
+1.6189999E+02	+2.0283328E-02	-1.4003683E-02
+1.6196001E+02	+2.0100242E-02	-1.4215647E-02
+1.6202000E+02	+1.9915069E-02	-1.4426092E-02
+1.6208000E+02	+1.9727802E-02	-1.4635008E-02
+1.6214000E+02	+1.9538421E-02	-1.4842384E-02
+1.6220000E+02	+1.9346906E-02	-1.5048202E-02
+1.6225999E+02	+1.9153245E-02	-1.5252437E-02
+1.6232001E+02	+1.8957408E-02	-1.5455063E-02
+1.6238000E+02	+1.8759387E-02	-1.5656048E-02
+1.6244000E+02	+1.8559162E-02	-1.5855359E-02
+1.6250000E+02	+1.8356727E-02	-1.6052952E-02
+1.6256000E+02	+1.8152064E-02	-1.6248781E-02
+1.6262000E+02	+1.7945176E-02	-1.6442804E-02
+1.6267999E+02	+1.7736051E-02	-1.6634963E-02
+1.6274001E+02	+1.7524704E-02	-1.6825212E-02
+1.6280000E+02	+1.7311130E-02	-1.7013492E-02
+1.6286000E+02	+1.7095348E-02	-1.7199747E-02
+1.6292000E+02	+1.6877374E-02	-1.7383922E-02
+1.6298000E+02	+1.6657235E-02	-1.7565960E-02
+1.6303999E+02	+1.6434956E-02	-1.7745806E-02
+1.6310001E+02	+1.6210575E-02	-1.7923405E-02
+1.6316000E+02	+1.5984120E-02	-1.8098706E-02
+1.6322000E+02	+1.5755644E-02	-1.8271662E-02
+1.6328000E+02	+1.5525200E-02	-1.8442215E-02
+1.6334000E+02	+1.5292814E-02	-1.8610351E-02
+1.6339999E+02	+1.5058568E-02	-1.8776014E-02
+1.6346001E+02	+1.4822500E-02	-1.8939180E-02
+1.6352000E+02	+1.4584688E-02	-1.9099815E-02
+1.6358000E+02	+1.4345177E-02	-1.9257905E-02
+1.6364000E+02	+1.4104014E-02	-1.9413447E-02
+1.6370000E+02	+1.3861301E-02	-1.9566407E-02
+1.6375999E+02	+1.3617051E-02	-1.9716807E-02
+1.6382001E+02	+1.3371348E-02	-1.9864632E-02
+1.6388000E+02	+1.3124234E-02	-2.0009900E-02
+1.6394000E+02	+1.2875766E-02	-2.0152614E-02
+1.6400000E+02	+1.2625994E-02	-2.0292792E-02
+1.6406000E+02	+1.2374943E-02	-2.0430462E-02
+1.6412000E+02	+1.2122681E-02	-2.0565629E-02
+1.6417999E+02	+1.1869213E-02	-2.0698337E-02
+1.6424001E+02	+1.1614576E-02	-2.0828599E-02
+1.6430000E+02	+1.1358794E-02	-2.0956447E-02
+1.6436000E+02	+1.1101862E-02	-2.1081915E-02
+1.6442000E+02	+1.0843823E-02	-2.1205010E-02
+1.6448000E+02	+1.0584649E-02	-2.1325774E-02
+1.6453999E+02	+1.0324366E-02	-2.1444216E-02
+1.6460001E+02	+1.0062940E-02	-2.1560365E-02
+1.6466000E+02	+9.8003950E-03	-2.1674221E-02
+1.6472000E+02	+9.5366752E-03	-2.1785811E-02
+1.6478000E+02	+9.2718117E-03	-2.1895118E-02
+1.6484000E+02	+9.0057561E-03	-2.2002155E-02
+1.6489999E+02	+8.7384786E-03	-2.2106916E-02
+1.6496001E+02	+8.4699839E-03	-2.2209378E-02
+1.6502000E+02	+8.2002394E-03	-2.2309531E-02
+1.6508000E+02	+7.9292217E-03	-2.2407345E-02
+1.6514000E+02	+7.6569207E-03	-2.2502789E-02
+1.6520000E+02	+7.3833247E-03	-2.2595827E-02
+1.6525999E+02	+7.1084211E-03	-2.2686414E-02
+1.6532001E+02	+6.8321773E-03	-2.2774510E-02
+1.6538000E+02	+6.5546329E-03	-2.2860058E-02
+1.6544000E+02	+6.2757684E-03	-2.2943009E-02
+1.6550000E+02	+5.9956033E-03	-2.3023300E-02
+1.6556000E+02	+5.7141497E-03	-2.3100877E-02
+1.6562000E+02	+5.4314369E-03	-2.3175681E-02
+1.6567999E+02	+5.1474920E-03	-2.3247650E-02
+1.6574001E+02	+4.8623439E-03	-2.3316726E-02
+1.6580000E+02	+4.5760530E-03	-2.3382857E-02
+1.6586000E+02	+4.2886580E-03	-2.3445988E-02
+1.6592000E+02	+4.0002358E-03	-2.3506068E-02
+1.6598000E+02	+3.7108252E-03	-2.3563053E-02
+1.6603999E+02	+3.4204947E-03	-2.3616901E-02
+1.6610001E+02	+3.1293395E-03	-2.3667585E-02
+1.6616000E+02	+2.8374151E-03	-2.3715075E-02
+1.6622000E+02	+2.5448014E-03	-2.3759352E-02
+1.6628000E+02	+2.2515859E-03	-2.3800405E-02
+1.6634000E+02	+1.9578440E-03	-2.3838226E-02
+1.6639999E+02	+1.6636478E-03	-2.3872821E-02
+1.6646001E+02	+1.3690790E-03	-2.3904195E-02
+1.6652000E+02	+1.0742251E-03	-2.3932375E-02
+1.6658000E+02	+7.7913346E-04	-2.3957374E-02
+1.6664000E+02	+4.8389554E-04	-2.3979230E-02
+1.6670000E+02	+1.8855590E-04	-2.3997977E-02
+1.6675999E+02	-1.0681404E-04	-2.4013655E-02
+1.6682001E+02	-4.0217335E-04	-2.4026308E-02
+1.6688000E+02	-6.9748890E-04	-2.4035987E-02
+1.6694000E+02	-9.9270663E-04	-2.4042739E-02
+1.6700000E+02	-1.2878154E-03	-2.4046617E-02
+1.6706000E+02	-1.5827825E-03	-2.4047665E-02
+1.6712000E+02	-1.8776064E-03	-2.4045940E-02
+1.6717999E+02	-2.1722761E-03	-2.4041485E-02
+1.6724001E+02	-2.4667943E-03	-2.4034344E-02
+1.6730000E+02	-2.7611644E-03	-2.4024555E-02
+1.6736000E+02	-3.0554149E-03	-2.4012156E-02
+1.6742000E+02	-3.3495575E-03	-2.3997171E-02
+1.6748000E+02	-3.6436103E-03	-2.3979619E-02
+1.6753999E+02	-3.9376081E-03	-2.3959517E-02
+1.6760001E+02	-4.2315754E-03	-2.3936871E-02
+1.6766000E+02	-4.5255283E-03	-2.3911677E-02
+1.6772000E+02	-4.8195189E-03	-2.3883924E-02
+1.6778000E+02	-5.1135588E-03	-2.3853594E-02
+1.6784000E+02	-5.4076747E-03	-2.3820661E-02
+1.6789999E+02	-5.7018870E-03	-2.3785096E-02
+1.6796001E+02	-5.9962072E-03	-2.3746850E-02
+1.6802000E+02	-6.2906416E-03	-2.3705881E-02
+1.6808000E+02	-6.5852012E-03	-2.3662139E-02
+1.6814000E+02	-6.8798731E-03	-2.3615563E-02
+1.6820000E+02	-7.1746404E-03	-2.3566099E-02
+1.6825999E+02	-7.4694809E-03	-2.3513684E-02
+1.6832001E+02	-7.7643665E-03	-2.3458257E-02
+1.6838000E+02	-8.0592511E-03	-2.3399757E-02
+1.6844000E+02	-8.3540771E-03	-2.3338128E-02
+1.6850000E+02	-8.6487820E-03	-2.3273310E-02
+1.6856000E+02	-8.9433100E-03	-2.3205258E-02
+1.6862000E+02	-9.2375763E-03	-2.3133922E-02
+1.6867999E+02	-9.5314877E-03	-2.3059266E-02
+1.6874001E+02	-9.8249651E-03	-2.2981264E-02
+1.6880000E+02	-1.0117901E-02	-2.2899894E-02
+1.6886000E+02	-1.0410201E-02	-2.2815142E-02
+1.6892000E+02	-1.0701749E-02	-2.2727013E-02
+1.6898000E+02	-1.0992462E-02	-2.2635514E-02
+1.6903999E+02	-1.1282206E-02	-2.2540672E-02
+1.6910001E+02	-1.1570894E-02	-2.2442518E-02
+1.6916000E+02	-1.1858436E-02	-2.2341091E-02
+1.6922000E+02	-1.2144714E-02	-2.2236453E-02
+1.6928000E+02	-1.2429642E-02	-2.2128668E-02
+1.6934000E+02	-1.2713139E-02	-2.2017801E-02
+1.6939999E+02	-1.2995142E-02	-2.1903945E-02
+1.6946001E+02	-1.3275569E-02	-2.1787185E-02
+1.6952000E+02	-1.3554374E-02	-2.1667615E-02
+1.6958000E+02	-1.3831505E-02	-2.1545336E-02
+1.6964000E+02	-1.4106940E-02	-2.1420449E-02
+1.6970000E+02	-1.4380666E-02	-2.1293055E-02
+1.6975999E+02	-1.4652659E-02	-2.1163262E-02
+1.6982001E+02	-1.4922925E-02	-2.1031169E-02
+1.6988000E+02	-1.5191499E-02	-2.0896874E-02
+1.6994000E+02	-1.5458381E-02	-2.0760473E-02
+1.7000000E+02	-1.5723640E-02	-2.0622045E-02
